# SSDC Cosmic Ray Database tools.asdc.asi.it/CosmicRays
# https://ui.adsabs.harvard.edu/abs/2018PhRvL.120b1101A
# R [GV] ratio [] total_error_low total_error_high
2.27156e+00   9.30400e-02   2.44106e-03   2.44106e-03   
2.53140e+00   9.10700e-02   2.27441e-03   2.27441e-03   
2.81601e+00   9.45000e-02   2.28063e-03   2.28063e-03   
3.12591e+00   1.00300e-01   2.35690e-03   2.35690e-03   
3.46058e+00   1.02100e-01   2.34509e-03   2.34509e-03   
3.82528e+00   1.04700e-01   2.36534e-03   2.36534e-03   
4.22002e+00   1.04400e-01   2.32729e-03   2.32729e-03   
4.64956e+00   1.04600e-01   2.30317e-03   2.30317e-03   
5.11914e+00   1.04700e-01   2.28184e-03   2.28184e-03   
5.62877e+00   1.03500e-01   2.24298e-03   2.24298e-03   
6.17843e+00   1.02800e-01   2.21978e-03   2.21978e-03   
6.77291e+00   1.01500e-01   2.18614e-03   2.18614e-03   
7.41744e+00   1.00300e-01   2.15644e-03   2.15644e-03   
8.11202e+00   9.72400e-02   2.09204e-03   2.09204e-03   
8.86142e+00   9.72300e-02   2.09354e-03   2.09354e-03   
9.67088e+00   9.65100e-02   2.08488e-03   2.08488e-03   
1.05404e+01   9.49400e-02   2.06136e-03   2.06136e-03   
1.14891e+01   9.23200e-02   2.01509e-03   2.01509e-03   
1.24900e+01   9.27700e-02   2.04471e-03   2.04471e-03   
1.35388e+01   9.06100e-02   2.01091e-03   2.01091e-03   
1.46877e+01   8.87800e-02   1.98655e-03   1.98655e-03   
1.59367e+01   8.70100e-02   1.96537e-03   1.96537e-03   
1.72858e+01   8.70800e-02   1.98478e-03   1.98478e-03   
1.87350e+01   8.37300e-02   1.93089e-03   1.93089e-03   
2.02842e+01   8.24300e-02   1.92015e-03   1.92015e-03   
2.19335e+01   8.14700e-02   1.91536e-03   1.91536e-03   
2.37310e+01   7.86500e-02   1.86337e-03   1.86337e-03   
2.56805e+01   7.58900e-02   1.82451e-03   1.82451e-03   
2.77301e+01   7.47100e-02   1.82075e-03   1.82075e-03   
2.99279e+01   7.38500e-02   1.82290e-03   1.82290e-03   
3.22777e+01   7.32500e-02   1.84231e-03   1.84231e-03   
3.47757e+01   7.04100e-02   1.80664e-03   1.80664e-03   
3.74739e+01   6.91200e-02   1.81214e-03   1.81214e-03   
4.03721e+01   6.71200e-02   1.80566e-03   1.80566e-03   
4.34706e+01   6.44800e-02   1.79153e-03   1.79153e-03   
4.67691e+01   6.44400e-02   1.84061e-03   1.84061e-03   
5.03160e+01   6.09400e-02   1.79543e-03   1.79543e-03   
5.41149e+01   5.99100e-02   1.83298e-03   1.83298e-03   
5.81621e+01   5.83400e-02   1.84793e-03   1.84793e-03   
6.25095e+01   5.79700e-02   1.90142e-03   1.90142e-03   
6.72054e+01   5.42000e-02   1.86694e-03   1.86694e-03   
7.22532e+01   5.52500e-02   1.96939e-03   1.96939e-03   
7.76495e+01   5.05100e-02   1.90958e-03   1.90958e-03   
8.34461e+01   5.21900e-02   2.04153e-03   2.04153e-03   
8.96911e+01   5.28100e-02   2.13274e-03   2.13274e-03   
9.64365e+01   5.03000e-02   2.15826e-03   2.15826e-03   
1.03923e+02   4.69200e-02   2.10436e-03   2.10436e-03   
1.11929e+02   4.68600e-02   2.27223e-03   2.27223e-03   
1.20416e+02   4.41500e-02   2.24311e-03   2.24311e-03   
1.29904e+02   3.93700e-02   2.18447e-03   2.18447e-03   
1.40872e+02   4.35600e-02   2.36596e-03   2.36596e-03   
1.53362e+02   3.86300e-02   2.35059e-03   2.35059e-03   
1.67332e+02   4.15400e-02   2.55091e-03   2.55091e-03   
1.83303e+02   3.43800e-02   2.39068e-03   2.39068e-03   
2.01276e+02   3.35000e-02   2.52731e-03   2.52731e-03   
2.21727e+02   3.84900e-02   2.86322e-03   2.86322e-03   
2.45656e+02   3.54300e-02   2.85869e-03   2.85869e-03   
2.74534e+02   3.42800e-02   2.90215e-03   2.90215e-03   
3.09887e+02   3.11300e-02   2.94872e-03   2.94872e-03   
3.53652e+02   2.77500e-02   2.90336e-03   2.90336e-03   
4.08826e+02   3.35000e-02   3.58369e-03   3.58369e-03   
4.81170e+02   2.51900e-02   3.19156e-03   3.19156e-03   
5.88643e+02   2.70900e-02   3.52625e-03   3.52625e-03   
7.62102e+02   2.54300e-02   3.91768e-03   3.91768e-03   
1.06958e+03   2.07300e-02   4.12671e-03   4.12671e-03   
2.07123e+03   1.18400e-02   6.20304e-03   6.20304e-03   
