# SSDC Cosmic Ray Database tools.asdc.asi.it/CosmicRays
# https://ui.adsabs.harvard.edu/abs/2018PhRvL.120b1101A
# R [GV] ratio [] total_error_low total_error_high
2.27156e+00   9.69400e-02   2.66764e-03   2.66764e-03   
2.53140e+00   9.79000e-02   2.49250e-03   2.49250e-03   
2.81601e+00   1.01700e-01   2.45040e-03   2.45040e-03   
3.12591e+00   1.05900e-01   2.48083e-03   2.48083e-03   
3.46058e+00   1.07100e-01   2.47115e-03   2.47115e-03   
3.82528e+00   1.09000e-01   2.49009e-03   2.49009e-03   
4.22002e+00   1.09400e-01   2.48206e-03   2.48206e-03   
4.64956e+00   1.09800e-01   2.47532e-03   2.47532e-03   
5.11914e+00   1.10600e-01   2.47987e-03   2.47987e-03   
5.62877e+00   1.09200e-01   2.44571e-03   2.44571e-03   
6.17843e+00   1.08600e-01   2.43433e-03   2.43433e-03   
6.77291e+00   1.07500e-01   2.41054e-03   2.41054e-03   
7.41744e+00   1.06000e-01   2.38041e-03   2.38041e-03   
8.11202e+00   1.02400e-01   2.30560e-03   2.30560e-03   
8.86142e+00   1.01600e-01   2.29441e-03   2.29441e-03   
9.67088e+00   1.00100e-01   2.27209e-03   2.27209e-03   
1.05404e+01   9.79900e-02   2.23799e-03   2.23799e-03   
1.14891e+01   9.42900e-02   2.16756e-03   2.16756e-03   
1.24900e+01   9.39900e-02   2.18197e-03   2.18197e-03   
1.35388e+01   9.11900e-02   2.13308e-03   2.13308e-03   
1.46877e+01   8.93100e-02   2.10727e-03   2.10727e-03   
1.59367e+01   8.66900e-02   2.06444e-03   2.06444e-03   
1.72858e+01   8.61300e-02   2.06934e-03   2.06934e-03   
1.87350e+01   8.23500e-02   2.00110e-03   2.00110e-03   
2.02842e+01   8.11400e-02   1.99015e-03   1.99015e-03   
2.19335e+01   7.98100e-02   1.97520e-03   1.97520e-03   
2.37310e+01   7.62400e-02   1.90154e-03   1.90154e-03   
2.56805e+01   7.32900e-02   1.85333e-03   1.85333e-03   
2.77301e+01   7.18900e-02   1.84209e-03   1.84209e-03   
2.99279e+01   7.04000e-02   1.82583e-03   1.82583e-03   
3.22777e+01   6.94400e-02   1.83318e-03   1.83318e-03   
3.47757e+01   6.66500e-02   1.79452e-03   1.79452e-03   
3.74739e+01   6.53100e-02   1.79547e-03   1.79547e-03   
4.03721e+01   6.39300e-02   1.80232e-03   1.80232e-03   
4.34706e+01   6.03200e-02   1.75465e-03   1.75465e-03   
4.67691e+01   5.99900e-02   1.79261e-03   1.79261e-03   
5.03160e+01   5.70600e-02   1.75760e-03   1.75760e-03   
5.41149e+01   5.53900e-02   1.76956e-03   1.76956e-03   
5.81621e+01   5.46100e-02   1.80507e-03   1.80507e-03   
6.25095e+01   5.36600e-02   1.83516e-03   1.83516e-03   
6.72054e+01   4.95500e-02   1.77676e-03   1.77676e-03   
7.22532e+01   5.13500e-02   1.90495e-03   1.90495e-03   
7.76495e+01   4.67700e-02   1.83527e-03   1.83527e-03   
8.34461e+01   4.74200e-02   1.92510e-03   1.92510e-03   
8.96911e+01   4.90400e-02   2.05522e-03   2.05522e-03   
9.64365e+01   4.63100e-02   2.05735e-03   2.05735e-03   
1.03923e+02   4.32600e-02   2.00860e-03   2.00860e-03   
1.11929e+02   4.22400e-02   2.11161e-03   2.11161e-03   
1.20416e+02   4.05700e-02   2.12487e-03   2.12487e-03   
1.29904e+02   3.54000e-02   2.01856e-03   2.01856e-03   
1.40872e+02   3.86800e-02   2.16462e-03   2.16462e-03   
1.53362e+02   3.45400e-02   2.15607e-03   2.15607e-03   
1.67332e+02   3.71500e-02   2.34296e-03   2.34296e-03   
1.83303e+02   3.05900e-02   2.17476e-03   2.17476e-03   
2.01276e+02   2.85900e-02   2.20024e-03   2.20024e-03   
2.21727e+02   3.44400e-02   2.62071e-03   2.62071e-03   
2.45656e+02   3.20400e-02   2.63893e-03   2.63893e-03   
2.74534e+02   3.14900e-02   2.72133e-03   2.72133e-03   
3.09887e+02   2.80500e-02   2.70329e-03   2.70329e-03   
3.53652e+02   2.51600e-02   2.67396e-03   2.67396e-03   
4.08826e+02   2.91100e-02   3.16204e-03   3.16204e-03   
4.81170e+02   2.34200e-02   3.00469e-03   3.00469e-03   
5.88643e+02   2.58000e-02   3.40204e-03   3.40204e-03   
7.62102e+02   2.30600e-02   3.58362e-03   3.58362e-03   
1.06958e+03   1.85300e-02   3.70301e-03   3.70301e-03   
2.07123e+03   1.04200e-02   5.46905e-03   5.46905e-03   
