# SSDC Cosmic Ray Database tools.asdc.asi.it/CosmicRays
# https://ui.adsabs.harvard.edu/abs/2018PhRvL.120b1101A
# R [GV] ratio [] total_error_low total_error_high
2.27156e+00   3.07100e-01   1.45706e-02   1.45706e-02   
2.53140e+00   3.26100e-01   1.38583e-02   1.38583e-02   
2.81601e+00   3.32200e-01   1.27557e-02   1.27557e-02   
3.12591e+00   3.35200e-01   1.17170e-02   1.17170e-02   
3.46058e+00   3.40000e-01   1.09053e-02   1.09053e-02   
3.82528e+00   3.43000e-01   1.01886e-02   1.01886e-02   
4.22002e+00   3.44200e-01   9.56252e-03   9.56252e-03   
4.64956e+00   3.38100e-01   8.85728e-03   8.85728e-03   
5.11914e+00   3.38000e-01   8.42188e-03   8.42188e-03   
5.62877e+00   3.32000e-01   7.94336e-03   7.94336e-03   
6.17843e+00   3.26300e-01   7.55653e-03   7.55653e-03   
6.77291e+00   3.21200e-01   7.24546e-03   7.24546e-03   
7.41744e+00   3.14600e-01   6.95391e-03   6.95391e-03   
8.11202e+00   3.07100e-01   6.67862e-03   6.67862e-03   
8.86142e+00   3.01000e-01   6.46384e-03   6.46384e-03   
9.67088e+00   2.94000e-01   6.25668e-03   6.25668e-03   
1.05404e+01   2.90200e-01   6.13589e-03   6.13589e-03   
1.14891e+01   2.80700e-01   5.90762e-03   5.90762e-03   
1.24900e+01   2.74500e-01   5.77235e-03   5.77235e-03   
1.35388e+01   2.66400e-01   5.59691e-03   5.59691e-03   
1.46877e+01   2.61800e-01   5.50286e-03   5.50286e-03   
1.59367e+01   2.54500e-01   5.36005e-03   5.36005e-03   
1.72858e+01   2.44300e-01   5.16350e-03   5.16350e-03   
1.87350e+01   2.40900e-01   5.10927e-03   5.10927e-03   
2.02842e+01   2.32500e-01   4.95737e-03   4.95737e-03   
2.19335e+01   2.25500e-01   4.83310e-03   4.83310e-03   
2.37310e+01   2.17800e-01   4.68665e-03   4.68665e-03   
2.56805e+01   2.13200e-01   4.62338e-03   4.62338e-03   
2.77301e+01   2.10000e-01   4.59081e-03   4.59081e-03   
2.99279e+01   1.97500e-01   4.36023e-03   4.36023e-03   
3.22777e+01   1.90700e-01   4.26991e-03   4.26991e-03   
3.47757e+01   1.87900e-01   4.25833e-03   4.25833e-03   
3.74739e+01   1.81000e-01   4.16665e-03   4.16665e-03   
4.03721e+01   1.73200e-01   4.06465e-03   4.06465e-03   
4.34706e+01   1.69400e-01   4.05174e-03   4.05174e-03   
4.67691e+01   1.67800e-01   4.09298e-03   4.09298e-03   
5.03160e+01   1.56700e-01   3.91004e-03   3.91004e-03   
5.41149e+01   1.53900e-01   3.93604e-03   3.93604e-03   
5.81621e+01   1.50400e-01   3.94722e-03   3.94722e-03   
6.25095e+01   1.43900e-01   3.88751e-03   3.88751e-03   
6.72054e+01   1.39000e-01   3.86070e-03   3.86070e-03   
7.22532e+01   1.37300e-01   3.94262e-03   3.94262e-03   
7.76495e+01   1.34800e-01   3.98800e-03   3.98800e-03   
8.34461e+01   1.29800e-01   3.97894e-03   3.97894e-03   
8.96911e+01   1.30600e-01   4.13387e-03   4.13387e-03   
9.64365e+01   1.23100e-01   4.08168e-03   4.08168e-03   
1.03923e+02   1.16800e-01   3.99978e-03   3.99978e-03   
1.11929e+02   1.10800e-01   4.05759e-03   4.05759e-03   
1.20416e+02   1.15900e-01   4.32507e-03   4.32507e-03   
1.29904e+02   1.05700e-01   4.17635e-03   4.17635e-03   
1.40872e+02   1.02100e-01   4.12945e-03   4.12945e-03   
1.53362e+02   9.64400e-02   4.21043e-03   4.21043e-03   
1.67332e+02   9.80800e-02   4.41635e-03   4.41635e-03   
1.83303e+02   9.95700e-02   4.66761e-03   4.66761e-03   
2.01276e+02   9.10000e-02   4.60221e-03   4.60221e-03   
2.21727e+02   9.08400e-02   4.87030e-03   4.87030e-03   
2.45656e+02   9.01700e-02   5.09416e-03   5.09416e-03   
2.74534e+02   7.82700e-02   4.82692e-03   4.82692e-03   
3.09887e+02   8.34900e-02   5.36401e-03   5.36401e-03   
3.53652e+02   7.25400e-02   5.15526e-03   5.15526e-03   
4.08826e+02   7.31400e-02   5.61317e-03   5.61317e-03   
4.81170e+02   7.35500e-02   6.09523e-03   6.09523e-03   
5.88643e+02   7.71100e-02   6.76115e-03   6.76115e-03   
7.62102e+02   6.45000e-02   6.74389e-03   6.74389e-03   
1.06958e+03   6.54800e-02   8.06870e-03   8.06870e-03   
2.07123e+03   3.92500e-02   1.15060e-02   1.15060e-02   
