# SSDC Cosmic Ray Database tools.asdc.asi.it/CosmicRays
# https://ui.adsabs.harvard.edu/abs/2017PhRvL.119y1101A
# R [GV] flux [m-2 s-1 sr-1 GV-1] total_error_low total_error_high
2.03099e+00   1.43400e+00   4.93802e-02   4.93802e-02   
2.27076e+00   1.44300e+00   4.14596e-02   4.14596e-02   
2.53056e+00   1.39200e+00   3.75393e-02   3.75393e-02   
2.81508e+00   1.27500e+00   3.29685e-02   3.29685e-02   
3.12495e+00   1.12500e+00   2.81438e-02   2.81438e-02   
3.45955e+00   9.82600e-01   2.39473e-02   2.39473e-02   
3.82418e+00   8.48000e-01   2.02576e-02   2.02576e-02   
4.21886e+00   7.33800e-01   1.72686e-02   1.72686e-02   
4.64829e+00   6.28600e-01   1.46184e-02   1.46184e-02   
5.11777e+00   5.36000e-01   1.23603e-02   1.23603e-02   
5.62731e+00   4.50500e-01   1.03256e-02   1.03256e-02   
6.17690e+00   3.77400e-01   8.61578e-03   8.61578e-03   
6.77126e+00   3.14200e-01   7.15600e-03   7.15600e-03   
7.41568e+00   2.59000e-01   5.88995e-03   5.88995e-03   
8.11015e+00   2.13900e-01   4.86352e-03   4.86352e-03   
8.85942e+00   1.75200e-01   3.98465e-03   3.98465e-03   
9.66876e+00   1.43100e-01   3.25641e-03   3.25641e-03   
1.05382e+01   1.16800e-01   2.65950e-03   2.65950e-03   
1.14866e+01   9.48400e-02   2.16243e-03   2.16243e-03   
1.24877e+01   7.77000e-02   1.77522e-03   1.77522e-03   
1.35362e+01   6.37700e-02   1.45938e-03   1.45938e-03   
1.46849e+01   5.21100e-02   1.19465e-03   1.19465e-03   
1.59337e+01   4.27300e-02   9.81225e-04   9.81225e-04   
1.72825e+01   3.47900e-02   8.01051e-04   8.01051e-04   
1.87315e+01   2.84800e-02   6.57526e-04   6.57526e-04   
2.02806e+01   2.34400e-02   5.42518e-04   5.42518e-04   
2.19297e+01   1.91500e-02   4.44524e-04   4.44524e-04   
2.37266e+01   1.56400e-02   3.63992e-04   3.63992e-04   
2.56760e+01   1.27300e-02   2.97495e-04   2.97495e-04   
2.77255e+01   1.04100e-02   2.44042e-04   2.44042e-04   
2.99228e+01   8.51000e-03   2.00295e-04   2.00295e-04   
3.22725e+01   6.98100e-03   1.65071e-04   1.65071e-04   
3.47700e+01   5.74400e-03   1.36423e-04   1.36423e-04   
3.74678e+01   4.71600e-03   1.12509e-04   1.12509e-04   
4.03656e+01   3.88600e-03   9.31430e-05   9.31430e-05   
4.34637e+01   3.15600e-03   7.60477e-05   7.60477e-05   
4.67619e+01   2.59100e-03   6.27900e-05   6.27900e-05   
5.03081e+01   2.16700e-03   5.27770e-05   5.27770e-05   
5.41067e+01   1.76500e-03   4.32562e-05   4.32562e-05   
5.81533e+01   1.45800e-03   3.59414e-05   3.59414e-05   
6.25001e+01   1.19500e-03   2.96354e-05   2.96354e-05   
6.71949e+01   9.72600e-04   2.42824e-05   2.42824e-05   
7.22423e+01   8.00300e-04   2.01301e-05   2.01301e-05   
7.76378e+01   6.63100e-04   1.67924e-05   1.67924e-05   
8.34335e+01   5.39100e-04   1.37605e-05   1.37605e-05   
8.96774e+01   4.47800e-04   1.15165e-05   1.15165e-05   
9.64217e+01   3.62900e-04   9.41540e-06   9.41540e-06   
1.03905e+02   2.98900e-04   7.79793e-06   7.79793e-06   
1.11912e+02   2.41200e-04   6.38205e-06   6.38205e-06   
1.20396e+02   2.00500e-04   5.34199e-06   5.34199e-06   
1.29881e+02   1.60200e-04   4.31316e-06   4.31316e-06   
1.40842e+02   1.28700e-04   3.48495e-06   3.48495e-06   
1.53330e+02   1.00300e-04   2.75958e-06   2.75958e-06   
1.67293e+02   7.96400e-05   2.21695e-06   2.21695e-06   
1.83257e+02   6.26000e-05   1.77042e-06   1.77042e-06   
2.01224e+02   4.76300e-05   1.37765e-06   1.37765e-06   
2.21664e+02   3.74900e-05   1.10471e-06   1.10471e-06   
2.45576e+02   2.86600e-05   8.63978e-07   8.63978e-07   
2.74426e+02   2.17700e-05   6.71859e-07   6.71859e-07   
3.09744e+02   1.53600e-05   4.93407e-07   4.93407e-07   
3.53455e+02   1.10900e-05   3.72130e-07   3.72130e-07   
4.08553e+02   7.14600e-06   2.57612e-07   2.57612e-07   
4.80744e+02   4.88600e-06   1.90018e-07   1.90018e-07   
5.80317e+02   2.95100e-06   1.28944e-07   1.28944e-07   
7.25736e+02   1.62300e-06   8.29775e-08   8.29775e-08   
9.60941e+02   7.55800e-07   4.76935e-08   4.76935e-08   
1.41726e+03   2.78300e-07   2.51620e-08   2.51620e-08   
2.30632e+03   8.66000e-08   1.10826e-08   1.10826e-08   
