# credit: SSDC Cosmic Ray Database tools.asdc.asi.it/CosmicRays 
# rigidity [GV] - flux [] - flux_error_low [] - flux_error_high [] 
2.27156e+00   1.04200e+00   2.65020e-02   2.65020e-02   
2.53140e+00   1.07500e+00   2.49189e-02   2.49189e-02   
2.81601e+00   1.07600e+00   2.33658e-02   2.33658e-02   
3.12591e+00   1.05600e+00   2.17700e-02   2.17700e-02   
3.46058e+00   1.04900e+00   2.07644e-02   2.07644e-02   
3.82528e+00   1.04100e+00   1.99782e-02   1.99782e-02   
4.22002e+00   1.04800e+00   1.96688e-02   1.96688e-02   
4.64956e+00   1.05000e+00   1.93822e-02   1.93822e-02   
5.11914e+00   1.05600e+00   1.92771e-02   1.92771e-02   
5.62877e+00   1.05600e+00   1.91407e-02   1.91407e-02   
6.17843e+00   1.05700e+00   1.91073e-02   1.91073e-02   
6.77291e+00   1.05900e+00   1.91550e-02   1.91550e-02   
7.41744e+00   1.05700e+00   1.91342e-02   1.91342e-02   
8.11202e+00   1.05300e+00   1.91023e-02   1.91023e-02   
8.86142e+00   1.04500e+00   1.89888e-02   1.89888e-02   
9.67088e+00   1.03700e+00   1.89165e-02   1.89165e-02   
1.05404e+01   1.03200e+00   1.89032e-02   1.89032e-02   
1.14891e+01   1.02100e+00   1.87859e-02   1.87859e-02   
1.24900e+01   1.01300e+00   1.87351e-02   1.87351e-02   
1.35388e+01   1.00600e+00   1.86967e-02   1.86967e-02   
1.46877e+01   1.00600e+00   1.87967e-02   1.87967e-02   
1.59367e+01   9.96400e-01   1.87241e-02   1.87241e-02   
1.72858e+01   9.89000e-01   1.86982e-02   1.86982e-02   
1.87350e+01   9.83600e-01   1.87232e-02   1.87232e-02   
2.02842e+01   9.84300e-01   1.88692e-02   1.88692e-02   
2.19335e+01   9.79700e-01   1.89100e-02   1.89100e-02   
2.37310e+01   9.69400e-01   1.88413e-02   1.88413e-02   
2.56805e+01   9.65700e-01   1.89274e-02   1.89274e-02   
2.77301e+01   9.62300e-01   1.90362e-02   1.90362e-02   
2.99279e+01   9.53400e-01   1.90352e-02   1.90352e-02   
3.22777e+01   9.48000e-01   1.91379e-02   1.91379e-02   
3.47757e+01   9.46600e-01   1.93156e-02   1.93156e-02   
3.74739e+01   9.44900e-01   1.95179e-02   1.95179e-02   
4.03721e+01   9.52500e-01   1.99284e-02   1.99284e-02   
4.34706e+01   9.35500e-01   1.98440e-02   1.98440e-02   
4.67691e+01   9.30900e-01   2.00419e-02   2.00419e-02   
5.03160e+01   9.36300e-01   2.04329e-02   2.04329e-02   
5.41149e+01   9.24600e-01   2.05113e-02   2.05113e-02   
5.81621e+01   9.36100e-01   2.10989e-02   2.10989e-02   
6.25095e+01   9.25800e-01   2.12116e-02   2.12116e-02   
6.72054e+01   9.14300e-01   2.12977e-02   2.12977e-02   
7.22532e+01   9.29400e-01   2.20698e-02   2.20698e-02   
7.76495e+01   9.26100e-01   2.23795e-02   2.23795e-02   
8.34461e+01   9.08600e-01   2.23917e-02   2.23917e-02   
8.96911e+01   9.28600e-01   2.33287e-02   2.33287e-02   
9.64365e+01   9.20600e-01   2.36267e-02   2.36267e-02   
1.03923e+02   9.22200e-01   2.40339e-02   2.40339e-02   
1.11929e+02   9.01300e-01   2.42161e-02   2.42161e-02   
1.20416e+02   9.18900e-01   2.51330e-02   2.51330e-02   
1.29904e+02   8.99400e-01   2.51499e-02   2.51499e-02   
1.40872e+02   8.88000e-01   2.51719e-02   2.51719e-02   
1.53362e+02   8.94100e-01   2.62028e-02   2.62028e-02   
1.67332e+02   8.94400e-01   2.68249e-02   2.68249e-02   
1.83303e+02   8.89700e-01   2.74496e-02   2.74496e-02   
2.01276e+02   8.53500e-01   2.72524e-02   2.72524e-02   
2.21727e+02   8.94900e-01   2.95223e-02   2.95223e-02   
2.45656e+02   9.04200e-01   3.08347e-02   3.08347e-02   
2.74534e+02   9.18600e-01   3.22730e-02   3.22730e-02   
3.09887e+02   9.01100e-01   3.31372e-02   3.31372e-02   
3.53652e+02   9.06800e-01   3.47855e-02   3.47855e-02   
4.08826e+02   8.68900e-01   3.55736e-02   3.55736e-02   
4.81170e+02   9.29600e-01   4.03466e-02   4.03466e-02   
5.81012e+02   9.45200e-01   4.46108e-02   4.46108e-02   
7.27012e+02   9.27400e-01   4.84397e-02   4.84397e-02   
9.63774e+02   8.71300e-01   5.20884e-02   5.20884e-02   
1.42618e+03   8.44900e-01   9.27361e-02   9.27361e-02   
2.32379e+03   8.96500e-01   1.31630e-01   1.31630e-01   
