# SSDC Cosmic Ray Database tools.asdc.asi.it/CosmicRays
# https://ui.adsabs.harvard.edu/abs/2019PhRvL.122j1101A
# T [GeV] flux [m-2 s-1 sr-1 GeV-1] total_error_low total_error_high
5.68460e-01   1.73100e+01   8.07775e-01   8.07775e-01   
7.28432e-01   1.71000e+01   6.32851e-01   6.32851e-01   
9.08413e-01   1.65800e+01   4.91630e-01   4.91630e-01   
1.10840e+00   1.56200e+01   3.81182e-01   3.81182e-01   
1.33283e+00   1.39100e+01   2.80713e-01   2.80713e-01   
1.58291e+00   1.20000e+01   2.00250e-01   2.00250e-01   
1.85297e+00   1.02700e+01   1.50333e-01   1.50333e-01   
2.14756e+00   8.40300e+00   1.10223e-01   1.10223e-01   
2.47223e+00   6.89700e+00   8.32166e-02   8.32166e-02   
2.81777e+00   5.50400e+00   6.41249e-02   6.41249e-02   
3.17320e+00   4.40500e+00   5.01597e-02   5.01597e-02   
3.53856e+00   3.55500e+00   4.01123e-02   4.01123e-02   
3.91854e+00   2.85900e+00   3.20624e-02   3.20624e-02   
4.32321e+00   2.27900e+00   2.50799e-02   2.50799e-02   
4.76260e+00   1.80000e+00   2.00998e-02   2.00998e-02   
5.23737e+00   1.40900e+00   1.60312e-02   1.60312e-02   
5.73745e+00   1.10400e+00   1.30384e-02   1.30384e-02   
6.26225e+00   8.71500e-01   1.00319e-02   1.00319e-02   
6.81233e+00   6.88500e-01   7.93095e-03   7.93095e-03   
7.38715e+00   5.43900e-01   6.32851e-03   6.32851e-03   
7.98724e+00   4.30900e-01   5.12445e-03   5.12445e-03   
8.61683e+00   3.41500e-01   4.01995e-03   4.01995e-03   
9.27694e+00   2.74700e-01   3.31361e-03   3.31361e-03   
9.96181e+00   2.20400e-01   2.61725e-03   2.61725e-03   
1.06719e+01   1.77900e-01   2.22036e-03   2.22036e-03   
1.14116e+01   1.43800e-01   1.81108e-03   1.81108e-03   
1.21865e+01   1.17000e-01   1.41421e-03   1.41421e-03   
1.29914e+01   9.55700e-02   1.19080e-03   1.19080e-03   
1.38215e+01   7.84900e-02   9.89949e-04   9.89949e-04   
1.46860e+01   6.43900e-02   8.18841e-04   8.18841e-04   
1.55861e+01   5.31600e-02   6.78970e-04   6.78970e-04   
1.65159e+01   4.38200e-02   5.67186e-04   5.67186e-04   
1.74808e+01   3.65900e-02   4.76760e-04   4.76760e-04   
1.84758e+01   3.05700e-02   3.96232e-04   3.96232e-04   
1.95056e+01   2.57300e-02   3.35410e-04   3.35410e-04   
2.05754e+01   2.14600e-02   2.86356e-04   2.86356e-04   
2.16804e+01   1.80400e-02   2.45153e-04   2.45153e-04   
2.28250e+01   1.52400e-02   2.03961e-04   2.03961e-04   
2.40100e+01   1.29100e-02   1.74642e-04   1.74642e-04   
2.52492e+01   1.09900e-02   1.55242e-04   1.55242e-04   
2.65636e+01   9.23600e-03   1.26846e-04   1.26846e-04   
2.79528e+01   7.84100e-03   1.08669e-04   1.08669e-04   
2.94317e+01   6.62200e-03   9.24446e-05   9.24446e-05   
3.10011e+01   5.53000e-03   7.72010e-05   7.72010e-05   
3.26601e+01   4.68500e-03   6.60984e-05   6.60984e-05   
3.44288e+01   3.94700e-03   5.56597e-05   5.56597e-05   
3.63176e+01   3.31100e-03   4.74342e-05   4.74342e-05   
3.83312e+01   2.80600e-03   4.04969e-05   4.04969e-05   
4.04797e+01   2.34300e-03   3.41760e-05   3.41760e-05   
4.27828e+01   1.95100e-03   2.91548e-05   2.91548e-05   
4.52607e+01   1.63500e-03   2.41661e-05   2.41661e-05   
4.79235e+01   1.36700e-03   2.06155e-05   2.06155e-05   
5.08005e+01   1.11900e-03   1.65529e-05   1.65529e-05   
5.39224e+01   9.29700e-04   1.43108e-05   1.43108e-05   
5.73184e+01   7.66300e-04   1.19883e-05   1.19883e-05   
6.10337e+01   6.19100e-04   9.84886e-06   9.84886e-06   
6.51131e+01   5.07200e-04   8.16333e-06   8.16333e-06   
6.96210e+01   4.07500e-04   6.60379e-06   6.60379e-06   
7.46468e+01   3.29600e-04   5.49181e-06   5.49181e-06   
8.02906e+01   2.61300e-04   4.38292e-06   4.38292e-06   
8.66854e+01   2.04800e-04   3.50000e-06   3.50000e-06   
9.40247e+01   1.57900e-04   2.78029e-06   2.78029e-06   
1.02563e+02   1.21400e-04   2.20227e-06   2.20227e-06   
1.12668e+02   8.89100e-05   1.66424e-06   1.66424e-06   
1.25000e+02   6.46000e-05   1.24483e-06   1.24483e-06   
1.40119e+02   4.53100e-05   9.26337e-07   9.26337e-07   
1.58884e+02   3.01000e-05   6.44438e-07   6.44438e-07   
1.83099e+02   1.85300e-05   4.34166e-07   4.34166e-07   
2.16252e+02   1.07500e-05   2.86007e-07   2.86007e-07   
2.61834e+02   5.97800e-06   1.79446e-07   1.79446e-07   
3.26760e+02   3.12900e-06   1.10639e-07   1.10639e-07   
4.28501e+02   1.27800e-06   5.63560e-08   5.63560e-08   
5.88837e+02   4.56000e-07   2.93232e-08   2.93232e-08   
8.32260e+02   1.77100e-07   1.70097e-08   1.70097e-08   
1.17767e+03   4.12300e-08   7.33757e-09   7.33757e-09   
