# credit: SSDC Cosmic Ray Database tools.asdc.asi.it/CosmicRays
# T [GeV] - flux [] - flux_error_low [] - flux_error_high [] 
2.24001e+01   1.54000e-02   1.40357e-03   1.40357e-03   
2.82019e+01   7.28000e-03   6.52763e-04   6.52763e-04   
3.54863e+01   3.41000e-03   2.53180e-04   2.53180e-04   
4.46567e+01   1.61000e-03   1.23693e-04   1.23693e-04   
5.62021e+01   7.89000e-04   6.44050e-05   6.44050e-05   
7.07708e+01   3.66000e-04   3.54683e-05   3.54683e-05   
8.90259e+01   1.67000e-04   2.41868e-05   2.41868e-05   
1.12001e+02   9.70000e-05   1.44222e-05   1.44222e-05   
1.41223e+02   4.81000e-05   9.35201e-06   9.35201e-06   
1.77936e+02   2.14000e-05   6.98713e-06   6.98713e-06   
