# SSDC Cosmic Ray Database tools.asdc.asi.it/CosmicRays
# https://ui.adsabs.harvard.edu/abs/2018PhRvL.120b1101A
# R [GV] ratio [] total_error_low total_error_high
2.27156e+00   1.75700e-01   4.63512e-03   4.63512e-03   
2.53140e+00   1.82500e-01   4.63797e-03   4.63797e-03   
2.81601e+00   1.92400e-01   4.71602e-03   4.71602e-03   
3.12591e+00   2.04100e-01   4.84436e-03   4.84436e-03   
3.46058e+00   2.11200e-01   4.87908e-03   4.87908e-03   
3.82528e+00   2.16300e-01   4.89781e-03   4.89781e-03   
4.22002e+00   2.19100e-01   4.88109e-03   4.88109e-03   
4.64956e+00   2.20000e-01   4.83660e-03   4.83660e-03   
5.11914e+00   2.19800e-01   4.78388e-03   4.78388e-03   
5.62877e+00   2.19700e-01   4.75215e-03   4.75215e-03   
6.17843e+00   2.17700e-01   4.69088e-03   4.69088e-03   
6.77291e+00   2.16500e-01   4.65214e-03   4.65214e-03   
7.41744e+00   2.14600e-01   4.60634e-03   4.60634e-03   
8.11202e+00   2.11200e-01   4.53392e-03   4.53392e-03   
8.86142e+00   2.09300e-01   4.50226e-03   4.50226e-03   
9.67088e+00   2.07100e-01   4.46778e-03   4.46778e-03   
1.05404e+01   2.03800e-01   4.41258e-03   4.41258e-03   
1.14891e+01   1.99500e-01   4.33255e-03   4.33255e-03   
1.24900e+01   1.97800e-01   4.32206e-03   4.32206e-03   
1.35388e+01   1.92400e-01   4.21946e-03   4.21946e-03   
1.46877e+01   1.90500e-01   4.19587e-03   4.19587e-03   
1.59367e+01   1.85100e-01   4.09917e-03   4.09917e-03   
1.72858e+01   1.79600e-01   3.99978e-03   3.99978e-03   
1.87350e+01   1.75500e-01   3.92992e-03   3.92992e-03   
2.02842e+01   1.69600e-01   3.82059e-03   3.82059e-03   
2.19335e+01   1.66400e-01   3.76829e-03   3.76829e-03   
2.37310e+01   1.62600e-01   3.69569e-03   3.69569e-03   
2.56805e+01   1.57500e-01   3.60787e-03   3.60787e-03   
2.77301e+01   1.54200e-01   3.56119e-03   3.56119e-03   
2.99279e+01   1.51900e-01   3.53356e-03   3.53356e-03   
3.22777e+01   1.46000e-01   3.44025e-03   3.44025e-03   
3.47757e+01   1.41200e-01   3.36444e-03   3.36444e-03   
3.74739e+01   1.36500e-01   3.29777e-03   3.29777e-03   
4.03721e+01   1.33600e-01   3.27760e-03   3.27760e-03   
4.34706e+01   1.30500e-01   3.26378e-03   3.26378e-03   
4.67691e+01   1.29000e-01   3.28530e-03   3.28530e-03   
5.03160e+01   1.18800e-01   3.09566e-03   3.09566e-03   
5.41149e+01   1.18000e-01   3.15048e-03   3.15048e-03   
5.81621e+01   1.13900e-01   3.11468e-03   3.11468e-03   
6.25095e+01   1.13200e-01   3.17403e-03   3.17403e-03   
6.72054e+01   1.09000e-01   3.14561e-03   3.14561e-03   
7.22532e+01   1.06800e-01   3.18223e-03   3.18223e-03   
7.76495e+01   1.00700e-01   3.11360e-03   3.11360e-03   
8.34461e+01   9.89100e-02   3.17527e-03   3.17527e-03   
8.96911e+01   9.78900e-02   3.23796e-03   3.23796e-03   
9.64365e+01   9.11200e-02   3.18148e-03   3.18148e-03   
1.03923e+02   8.97100e-02   3.20486e-03   3.20486e-03   
1.11929e+02   8.41600e-02   3.26330e-03   3.26330e-03   
1.20416e+02   7.98600e-02   3.21661e-03   3.21661e-03   
1.29904e+02   8.05600e-02   3.37180e-03   3.37180e-03   
1.40872e+02   8.31000e-02   3.49778e-03   3.49778e-03   
1.53362e+02   8.29600e-02   3.71076e-03   3.71076e-03   
1.67332e+02   8.03600e-02   3.75560e-03   3.75560e-03   
1.83303e+02   7.45300e-02   3.73662e-03   3.73662e-03   
2.01276e+02   7.26400e-02   3.91822e-03   3.91822e-03   
2.21727e+02   6.78100e-02   3.89929e-03   3.89929e-03   
2.45656e+02   7.20400e-02   4.23656e-03   4.23656e-03   
2.74534e+02   5.87000e-02   3.84257e-03   3.84257e-03   
3.09887e+02   6.07100e-02   4.19750e-03   4.19750e-03   
3.53652e+02   6.45900e-02   4.57634e-03   4.57634e-03   
4.08826e+02   6.95500e-02   5.26237e-03   5.26237e-03   
4.81170e+02   4.50900e-02   4.21889e-03   4.21889e-03   
5.88643e+02   5.50600e-02   4.99744e-03   4.99744e-03   
7.62102e+02   5.05500e-02   5.36356e-03   5.36356e-03   
1.06958e+03   4.54600e-02   5.82391e-03   5.82391e-03   
2.07123e+03   4.40000e-02   1.16442e-02   1.16442e-02   
