# SSDC Cosmic Ray Database tools.asdc.asi.it/CosmicRays
# https://ui.adsabs.harvard.edu/abs/2018PhRvL.120b1101A
# R [GV] ratio [] total_error_low total_error_high
2.27156e+00   1.83100e-01   5.30379e-03   5.30379e-03   
2.53140e+00   1.96200e-01   5.32966e-03   5.32966e-03   
2.81601e+00   2.07100e-01   5.31109e-03   5.31109e-03   
3.12591e+00   2.15600e-01   5.27190e-03   5.27190e-03   
3.46058e+00   2.21600e-01   5.21764e-03   5.21764e-03   
3.82528e+00   2.25200e-01   5.16124e-03   5.16124e-03   
4.22002e+00   2.29500e-01   5.15948e-03   5.15948e-03   
4.64956e+00   2.30900e-01   5.11382e-03   5.11382e-03   
5.11914e+00   2.32100e-01   5.09116e-03   5.09116e-03   
5.62877e+00   2.31900e-01   5.06130e-03   5.06130e-03   
6.17843e+00   2.30200e-01   5.01403e-03   5.01403e-03   
6.77291e+00   2.29300e-01   4.99617e-03   4.99617e-03   
7.41744e+00   2.26800e-01   4.94993e-03   4.94993e-03   
8.11202e+00   2.22400e-01   4.87390e-03   4.87390e-03   
8.86142e+00   2.18700e-01   4.81252e-03   4.81252e-03   
9.67088e+00   2.14900e-01   4.75043e-03   4.75043e-03   
1.05404e+01   2.10400e-01   4.67584e-03   4.67584e-03   
1.14891e+01   2.03700e-01   4.54965e-03   4.54965e-03   
1.24900e+01   2.00400e-01   4.50634e-03   4.50634e-03   
1.35388e+01   1.93600e-01   4.37574e-03   4.37574e-03   
1.46877e+01   1.91600e-01   4.35403e-03   4.35403e-03   
1.59367e+01   1.84500e-01   4.21466e-03   4.21466e-03   
1.72858e+01   1.77700e-01   4.08464e-03   4.08464e-03   
1.87350e+01   1.72600e-01   3.99267e-03   3.99267e-03   
2.02842e+01   1.66900e-01   3.88594e-03   3.88594e-03   
2.19335e+01   1.63000e-01   3.81667e-03   3.81667e-03   
2.37310e+01   1.57600e-01   3.70483e-03   3.70483e-03   
2.56805e+01   1.52100e-01   3.60367e-03   3.60367e-03   
2.77301e+01   1.48400e-01   3.54555e-03   3.54555e-03   
2.99279e+01   1.44800e-01   3.48722e-03   3.48722e-03   
3.22777e+01   1.38400e-01   3.37656e-03   3.37656e-03   
3.47757e+01   1.33600e-01   3.29992e-03   3.29992e-03   
3.74739e+01   1.29000e-01   3.23139e-03   3.23139e-03   
4.03721e+01   1.27200e-01   3.24089e-03   3.24089e-03   
4.34706e+01   1.22100e-01   3.17042e-03   3.17042e-03   
4.67691e+01   1.20100e-01   3.17931e-03   3.17931e-03   
5.03160e+01   1.11300e-01   3.01590e-03   3.01590e-03   
5.41149e+01   1.09100e-01   3.03224e-03   3.03224e-03   
5.81621e+01   1.06600e-01   3.03902e-03   3.03902e-03   
6.25095e+01   1.04800e-01   3.06528e-03   3.06528e-03   
6.72054e+01   9.96100e-02   3.00107e-03   3.00107e-03   
7.22532e+01   9.92200e-02   3.08765e-03   3.08765e-03   
7.76495e+01   9.32100e-02   3.01007e-03   3.01007e-03   
8.34461e+01   8.98700e-02   3.01107e-03   3.01107e-03   
8.96911e+01   9.09100e-02   3.14219e-03   3.14219e-03   
9.64365e+01   8.38900e-02   3.05612e-03   3.05612e-03   
1.03923e+02   8.27300e-02   3.08738e-03   3.08738e-03   
1.11929e+02   7.58500e-02   3.06019e-03   3.06019e-03   
1.20416e+02   7.33900e-02   3.07699e-03   3.07699e-03   
1.29904e+02   7.24500e-02   3.15487e-03   3.15487e-03   
1.40872e+02   7.37900e-02   3.23863e-03   3.23863e-03   
1.53362e+02   7.41800e-02   3.45344e-03   3.45344e-03   
1.67332e+02   7.18800e-02   3.49529e-03   3.49529e-03   
1.83303e+02   6.63100e-02   3.45070e-03   3.45070e-03   
2.01276e+02   6.20000e-02   3.45948e-03   3.45948e-03   
2.21727e+02   6.06800e-02   3.60907e-03   3.60907e-03   
2.45656e+02   6.51400e-02   3.96625e-03   3.96625e-03   
2.74534e+02   5.39200e-02   3.64107e-03   3.64107e-03   
3.09887e+02   5.47100e-02   3.89693e-03   3.89693e-03   
3.53652e+02   5.85800e-02   4.28083e-03   4.28083e-03   
4.08826e+02   6.04300e-02   4.70619e-03   4.70619e-03   
4.81170e+02   4.19200e-02   4.01210e-03   4.01210e-03   
5.88643e+02   5.24300e-02   4.89206e-03   4.89206e-03   
7.62102e+02   4.58300e-02   4.97256e-03   4.97256e-03   
1.06958e+03   4.06300e-02   5.29815e-03   5.29815e-03   
2.07123e+03   3.87200e-02   1.03284e-02   1.03284e-02   
