# credit: SSDC Cosmic Ray Database tools.asdc.asi.it/CosmicRays 
# rigidity [GV] - flux [] - flux_error_low [] - flux_error_high [] 
2.27156e+00   1.99400e-01   6.66783e-03   6.66783e-03   
2.53140e+00   1.97100e-01   6.26817e-03   6.26817e-03   
2.81601e+00   1.92800e-01   5.87367e-03   5.87367e-03   
3.12591e+00   1.91200e-01   5.68859e-03   5.68859e-03   
3.46058e+00   1.94300e-01   5.63560e-03   5.63560e-03   
3.82528e+00   1.94500e-01   5.51543e-03   5.51543e-03   
4.22002e+00   1.96500e-01   5.47175e-03   5.47175e-03   
4.64956e+00   1.98100e-01   5.53624e-03   5.53624e-03   
5.11914e+00   2.00800e-01   5.51906e-03   5.51906e-03   
5.62877e+00   2.02300e-01   5.60179e-03   5.60179e-03   
6.17843e+00   2.01500e-01   5.48999e-03   5.48999e-03   
6.77291e+00   2.02700e-01   5.58838e-03   5.58838e-03   
7.41744e+00   2.04300e-01   5.57674e-03   5.57674e-03   
8.11202e+00   2.04900e-01   5.57674e-03   5.57674e-03   
8.86142e+00   2.05200e-01   5.67539e-03   5.67539e-03   
9.67088e+00   2.05400e-01   5.66569e-03   5.66569e-03   
1.05404e+01   2.07300e-01   5.67891e-03   5.67891e-03   
1.14891e+01   2.05400e-01   5.67891e-03   5.67891e-03   
1.24900e+01   2.04900e-01   5.69386e-03   5.69386e-03   
1.35388e+01   2.05400e-01   5.69386e-03   5.69386e-03   
1.46877e+01   2.07500e-01   5.79224e-03   5.79224e-03   
1.59367e+01   2.06200e-01   5.71052e-03   5.71052e-03   
1.72858e+01   2.05600e-01   5.71052e-03   5.71052e-03   
1.87350e+01   2.05700e-01   5.72887e-03   5.72887e-03   
2.02842e+01   2.03900e-01   5.73847e-03   5.73847e-03   
2.19335e+01   2.03000e-01   5.73847e-03   5.73847e-03   
2.37310e+01   2.03100e-01   5.73847e-03   5.73847e-03   
2.56805e+01   2.03300e-01   5.73847e-03   5.73847e-03   
2.77301e+01   2.03700e-01   5.76975e-03   5.76975e-03   
2.99279e+01   2.03600e-01   5.86686e-03   5.86686e-03   
3.22777e+01   2.03400e-01   5.88812e-03   5.88812e-03   
3.47757e+01   2.03800e-01   5.90085e-03   5.90085e-03   
3.74739e+01   2.02200e-01   5.92368e-03   5.92368e-03   
4.03721e+01   2.00200e-01   5.85235e-03   5.85235e-03   
4.34706e+01   2.03600e-01   6.06960e-03   6.06960e-03   
4.67691e+01   1.99500e-01   6.01581e-03   6.01581e-03   
5.03160e+01   1.99400e-01   6.04483e-03   6.04483e-03   
5.41149e+01   1.98900e-01   6.07536e-03   6.07536e-03   
5.81621e+01   2.00300e-01   6.23378e-03   6.23378e-03   
6.25095e+01   1.97600e-01   6.28331e-03   6.28331e-03   
6.72054e+01   1.97400e-01   6.31902e-03   6.31902e-03   
7.22532e+01   1.99400e-01   6.48537e-03   6.48537e-03   
7.76495e+01   1.92600e-01   6.34429e-03   6.34429e-03   
8.34461e+01   1.97100e-01   6.60681e-03   6.60681e-03   
8.96911e+01   1.95900e-01   6.64981e-03   6.64981e-03   
9.64365e+01   1.97800e-01   6.84251e-03   6.84251e-03   
1.03923e+02   1.92500e-01   6.78675e-03   6.78675e-03   
1.11929e+02   1.95800e-01   7.03349e-03   7.03349e-03   
1.20416e+02   1.95300e-01   7.13512e-03   7.13512e-03   
1.29904e+02   1.95900e-01   7.32393e-03   7.32393e-03   
1.40872e+02   1.92900e-01   7.32393e-03   7.32393e-03   
1.53362e+02   1.93500e-01   7.48799e-03   7.48799e-03   
1.67332e+02   1.89400e-01   7.60197e-03   7.60197e-03   
1.83303e+02   1.86300e-01   7.64068e-03   7.64068e-03   
2.01276e+02   1.88300e-01   7.91644e-03   7.91644e-03   
2.21727e+02   1.88700e-01   8.24439e-03   8.24439e-03   
2.45656e+02   1.89100e-01   8.52877e-03   8.52877e-03   
2.74534e+02   1.81300e-01   8.39821e-03   8.39821e-03   
3.09887e+02   1.90200e-01   9.14221e-03   9.14221e-03   
3.53652e+02   1.80800e-01   9.15915e-03   9.15915e-03   
4.08826e+02   1.74000e-01   9.43928e-03   9.43928e-03   
4.81170e+02   1.81500e-01   1.03508e-02   1.03508e-02   
5.88643e+02   1.98500e-01   1.15823e-02   1.15823e-02   
7.53392e+02   1.73200e-01   1.16146e-02   1.16146e-02   
1.01587e+03   1.79900e-01   1.36301e-02   1.36301e-02   
1.89737e+03   1.62900e-01   2.39178e-02   2.39178e-02   
