# credit: SSDC Cosmic Ray Database tools.asdc.asi.it/CosmicRays 
# rigidity [GV] - flux [] - flux_error_low [] - flux_error_high [] 
2.27156e+00   1.53500e-01   5.51181e-03   5.51181e-03   
2.53140e+00   1.54400e-01   4.91223e-03   4.91223e-03   
2.81601e+00   1.54300e-01   4.59239e-03   4.59239e-03   
3.12591e+00   1.56900e-01   4.51885e-03   4.51885e-03   
3.46058e+00   1.60300e-01   4.58912e-03   4.58912e-03   
3.82528e+00   1.61500e-01   4.56618e-03   4.56618e-03   
4.22002e+00   1.62600e-01   4.54533e-03   4.54533e-03   
4.64956e+00   1.65800e-01   4.52659e-03   4.52659e-03   
5.11914e+00   1.66500e-01   4.49555e-03   4.49555e-03   
5.62877e+00   1.67800e-01   4.57930e-03   4.57930e-03   
6.17843e+00   1.70000e-01   4.57930e-03   4.57930e-03   
6.77291e+00   1.70800e-01   4.56727e-03   4.56727e-03   
7.41744e+00   1.70400e-01   4.56727e-03   4.56727e-03   
8.11202e+00   1.72300e-01   4.65618e-03   4.65618e-03   
8.86142e+00   1.74600e-01   4.76865e-03   4.76865e-03   
9.67088e+00   1.72700e-01   4.67012e-03   4.67012e-03   
1.05404e+01   1.73800e-01   4.67012e-03   4.67012e-03   
1.14891e+01   1.73800e-01   4.67012e-03   4.67012e-03   
1.24900e+01   1.71200e-01   4.67868e-03   4.67868e-03   
1.35388e+01   1.72300e-01   4.68615e-03   4.68615e-03   
1.46877e+01   1.72200e-01   4.70425e-03   4.70425e-03   
1.59367e+01   1.70000e-01   4.70425e-03   4.70425e-03   
1.72858e+01   1.71600e-01   4.70425e-03   4.70425e-03   
1.87350e+01   1.71600e-01   4.72440e-03   4.72440e-03   
2.02842e+01   1.69400e-01   4.72440e-03   4.72440e-03   
2.19335e+01   1.70200e-01   4.72440e-03   4.72440e-03   
2.37310e+01   1.72000e-01   4.83115e-03   4.83115e-03   
2.56805e+01   1.70700e-01   4.73392e-03   4.73392e-03   
2.77301e+01   1.71600e-01   4.85283e-03   4.85283e-03   
2.99279e+01   1.67300e-01   4.75605e-03   4.75605e-03   
3.22777e+01   1.67600e-01   4.79166e-03   4.79166e-03   
3.47757e+01   1.69700e-01   4.88774e-03   4.88774e-03   
3.74739e+01   1.66300e-01   4.81768e-03   4.81768e-03   
4.03721e+01   1.70300e-01   4.95379e-03   4.95379e-03   
4.34706e+01   1.69000e-01   4.98297e-03   4.98297e-03   
4.67691e+01   1.66800e-01   5.01398e-03   5.01398e-03   
5.03160e+01   1.67200e-01   5.01398e-03   5.01398e-03   
5.41149e+01   1.67700e-01   5.09608e-03   5.09608e-03   
5.81621e+01   1.67100e-01   5.13225e-03   5.13225e-03   
6.25095e+01   1.64300e-01   5.17011e-03   5.17011e-03   
6.72054e+01   1.66000e-01   5.30000e-03   5.30000e-03   
7.22532e+01   1.66300e-01   5.39815e-03   5.39815e-03   
7.76495e+01   1.66600e-01   5.44151e-03   5.44151e-03   
8.34461e+01   1.63500e-01   5.48635e-03   5.48635e-03   
8.96911e+01   1.63700e-01   5.58032e-03   5.58032e-03   
9.64365e+01   1.62700e-01   5.63028e-03   5.63028e-03   
1.03923e+02   1.61400e-01   5.68067e-03   5.68067e-03   
1.11929e+02   1.57500e-01   5.75760e-03   5.75760e-03   
1.20416e+02   1.61300e-01   5.97662e-03   5.97662e-03   
1.29904e+02   1.59800e-01   6.00916e-03   6.00916e-03   
1.40872e+02   1.64100e-01   6.24260e-03   6.24260e-03   
1.53362e+02   1.57100e-01   6.18870e-03   6.18870e-03   
1.67332e+02   1.53200e-01   6.25060e-03   6.25060e-03   
1.83303e+02   1.53700e-01   6.45678e-03   6.45678e-03   
2.01276e+02   1.54200e-01   6.72830e-03   6.72830e-03   
2.21727e+02   1.55200e-01   6.94982e-03   6.94982e-03   
2.45656e+02   1.58800e-01   7.38173e-03   7.38173e-03   
2.74534e+02   1.48500e-01   7.17356e-03   7.17356e-03   
3.09887e+02   1.54800e-01   7.76917e-03   7.76917e-03   
3.53652e+02   1.56400e-01   8.09135e-03   8.09135e-03   
4.08826e+02   1.53400e-01   8.50470e-03   8.50470e-03   
4.81170e+02   1.60400e-01   9.32041e-03   9.32041e-03   
5.88643e+02   1.52900e-01   9.34559e-03   9.34559e-03   
7.53392e+02   1.47600e-01   1.02181e-02   1.02181e-02   
1.01587e+03   1.54200e-01   1.19912e-02   1.19912e-02   
1.89737e+03   1.79800e-01   2.55730e-02   2.55730e-02   
