# credit: SSDC Cosmic Ray Database tools.asdc.asi.it/CosmicRays 
# rigidity [GV] - flux [] - flux_error_low [] - flux_error_high [] 
2.27076e+00   1.38500e+00   4.75377e-02   4.75377e-02   
2.53056e+00   1.29500e+00   4.13727e-02   4.13727e-02   
2.81508e+00   1.18500e+00   3.59875e-02   3.59875e-02   
3.12495e+00   1.06500e+00   3.11369e-02   3.11369e-02   
3.45955e+00   9.36700e-01   2.66192e-02   2.66192e-02   
3.82418e+00   8.14800e-01   2.26977e-02   2.26977e-02   
4.21886e+00   7.00400e-01   1.92331e-02   1.92331e-02   
4.64829e+00   5.98900e-01   1.62835e-02   1.62835e-02   
5.11777e+00   5.07600e-01   1.37201e-02   1.37201e-02   
5.62731e+00   4.26800e-01   1.14910e-02   1.14910e-02   
6.17690e+00   3.57000e-01   9.59704e-03   9.59704e-03   
6.77126e+00   2.96700e-01   7.97138e-03   7.97138e-03   
7.41568e+00   2.45100e-01   6.58976e-03   6.58976e-03   
8.11015e+00   2.03200e-01   5.46775e-03   5.46775e-03   
8.85942e+00   1.67700e-01   4.51990e-03   4.51990e-03   
9.66876e+00   1.38000e-01   3.72574e-03   3.72574e-03   
1.05382e+01   1.13100e-01   3.06064e-03   3.06064e-03   
1.14866e+01   9.28500e-02   2.51710e-03   2.51710e-03   
1.24877e+01   7.67000e-02   2.08400e-03   2.08400e-03   
1.35362e+01   6.33600e-02   1.72469e-03   1.72469e-03   
1.46849e+01   5.17900e-02   1.41272e-03   1.41272e-03   
1.59337e+01   4.28800e-02   1.17231e-03   1.17231e-03   
1.72825e+01   3.51800e-02   9.63892e-04   9.63892e-04   
1.87315e+01   2.89600e-02   7.95375e-04   7.95375e-04   
2.02806e+01   2.38100e-02   6.55639e-04   6.55639e-04   
2.19297e+01   1.95500e-02   5.39574e-04   5.39574e-04   
2.37266e+01   1.61300e-02   4.46354e-04   4.46354e-04   
2.56760e+01   1.31900e-02   3.65932e-04   3.65932e-04   
2.77255e+01   1.08100e-02   3.01071e-04   3.01071e-04   
2.99228e+01   8.92700e-03   2.49334e-04   2.49334e-04   
3.22725e+01   7.36400e-03   2.06489e-04   2.06489e-04   
3.47700e+01   6.06800e-03   1.70882e-04   1.70882e-04   
3.74678e+01   4.99000e-03   1.41167e-04   1.41167e-04   
4.03656e+01   4.07900e-03   1.15921e-04   1.15921e-04   
4.34637e+01   3.37300e-03   9.63928e-05   9.63928e-05   
4.67619e+01   2.78300e-03   8.00001e-05   8.00001e-05   
5.03081e+01   2.31400e-03   6.68947e-05   6.68947e-05   
5.41067e+01   1.90900e-03   5.55388e-05   5.55388e-05   
5.81533e+01   1.55700e-03   4.56225e-05   4.56225e-05   
6.25001e+01   1.29000e-03   3.80745e-05   3.80745e-05   
6.71949e+01   1.06400e-03   3.16145e-05   3.16145e-05   
7.22423e+01   8.61100e-04   2.58086e-05   2.58086e-05   
7.76378e+01   7.16000e-04   2.16405e-05   2.16405e-05   
8.34335e+01   5.93300e-04   1.80880e-05   1.80880e-05   
8.96774e+01   4.82200e-04   1.48447e-05   1.48447e-05   
9.64217e+01   3.94200e-04   1.22520e-05   1.22520e-05   
1.03905e+02   3.24100e-04   1.01586e-05   1.01586e-05   
1.11912e+02   2.67600e-04   8.50361e-06   8.50361e-06   
1.20396e+02   2.18200e-04   7.00500e-06   7.00500e-06   
1.29881e+02   1.78100e-04   5.78380e-06   5.78380e-06   
1.40842e+02   1.44900e-04   4.74710e-06   4.74710e-06   
1.53330e+02   1.12200e-04   3.73932e-06   3.73932e-06   
1.67293e+02   8.90400e-05   3.01161e-06   3.01161e-06   
1.83257e+02   7.03600e-05   2.42214e-06   2.42214e-06   
2.01224e+02   5.58000e-05   1.95955e-06   1.95955e-06   
2.21664e+02   4.18900e-05   1.50622e-06   1.50622e-06   
2.45576e+02   3.17000e-05   1.16800e-06   1.16800e-06   
2.74426e+02   2.37000e-05   8.96769e-07   8.96769e-07   
3.09744e+02   1.70400e-05   6.68535e-07   6.68535e-07   
3.53455e+02   1.22300e-05   4.99776e-07   4.99776e-07   
4.08553e+02   8.22400e-06   3.56010e-07   3.56010e-07   
4.80744e+02   5.25600e-06   2.44521e-07   2.44521e-07   
5.80317e+02   3.12200e-06   1.60428e-07   1.60428e-07   
7.25736e+02   1.75000e-06   1.02401e-07   1.02401e-07   
9.60941e+02   8.67500e-07   6.05528e-08   6.05528e-08   
1.41726e+03   3.29400e-07   3.15315e-08   3.15315e-08   
2.30632e+03   9.65900e-08   1.29361e-08   1.29361e-08   
