# credit: SSDC Cosmic Ray Database tools.asdc.asi.it/CosmicRays
# T [GeV] - flux [] - flux_error_low [] - flux_error_high [] 
2.24499e+01   9.40000e-02   1.04403e-02   1.04403e-02   
2.82638e+01   9.90000e-02   1.14018e-02   1.04403e-02   
3.55644e+01   1.13000e-01   1.30000e-02   1.30000e-02   
4.47547e+01   1.19000e-01   1.52643e-02   1.44222e-02   
5.63262e+01   1.19000e-01   1.91050e-02   1.84391e-02   
7.09276e+01   1.31000e-01   3.22025e-02   3.22025e-02   
8.92188e+01   1.89000e-01   5.25547e-02   5.22015e-02   
1.12250e+02   1.60000e-01   5.05371e-02   4.81041e-02   
1.41542e+02   2.10000e-01   7.15891e-02   6.83081e-02   
1.78326e+02   3.00000e-01   1.36015e-01   1.33417e-01   
