# credit: SSDC Cosmic Ray Database tools.asdc.asi.it/CosmicRays
# T [GeV] - flux [] - flux_error_low [] - flux_error_high [] 
5.70088e-01   1.30900e-01   5.90762e-03   5.90762e-03   
7.30068e-01   1.29500e-01   2.46982e-03   2.46982e-03   
9.10055e-01   1.18800e-01   1.28062e-03   1.28062e-03   
1.11005e+00   1.09000e-01   9.21954e-04   9.21954e-04   
1.33462e+00   9.91900e-02   6.81175e-04   6.81175e-04   
1.58468e+00   9.08100e-02   5.24976e-04   5.24976e-04   
1.85472e+00   8.31600e-02   4.03609e-04   4.03609e-04   
2.14942e+00   7.73500e-02   3.61248e-04   3.61248e-04   
2.47417e+00   7.22100e-02   3.26497e-04   3.26497e-04   
2.81957e+00   6.78300e-02   3.11448e-04   3.11448e-04   
3.17490e+00   6.45500e-02   2.97321e-04   2.97321e-04   
3.54017e+00   6.19600e-02   2.90000e-04   2.90000e-04   
3.92015e+00   5.97200e-02   2.82843e-04   2.82843e-04   
4.32490e+00   5.75900e-02   2.75862e-04   2.75862e-04   
4.76445e+00   5.62000e-02   2.69072e-04   2.69072e-04   
5.23927e+00   5.51700e-02   2.69072e-04   2.69072e-04   
5.73934e+00   5.39100e-02   2.70185e-04   2.70185e-04   
6.26418e+00   5.35300e-02   2.70185e-04   2.70185e-04   
6.81425e+00   5.35300e-02   2.78029e-04   2.78029e-04   
7.38911e+00   5.26000e-02   2.86007e-04   2.86007e-04   
7.98918e+00   5.28900e-02   3.02324e-04   3.02324e-04   
8.61887e+00   5.27200e-02   3.10644e-04   3.10644e-04   
9.27895e+00   5.27700e-02   3.32866e-04   3.32866e-04   
9.96385e+00   5.33300e-02   3.49857e-04   3.49857e-04   
1.06739e+01   5.35300e-02   3.80789e-04   3.80789e-04   
1.14137e+01   5.45600e-02   3.98246e-04   3.98246e-04   
1.21886e+01   5.58100e-02   4.20595e-04   4.20595e-04   
1.29935e+01   5.59500e-02   4.47214e-04   4.47214e-04   
1.38236e+01   5.58100e-02   4.74236e-04   4.74236e-04   
1.46883e+01   5.65600e-02   4.92443e-04   4.92443e-04   
1.55884e+01   5.77600e-02   5.23927e-04   5.23927e-04   
1.65182e+01   5.83300e-02   5.51543e-04   5.51543e-04   
1.74831e+01   5.89100e-02   5.79396e-04   5.79396e-04   
1.84781e+01   5.94000e-02   6.07454e-04   6.07454e-04   
1.95079e+01   6.07500e-02   6.35689e-04   6.35689e-04   
2.05778e+01   6.33900e-02   6.86222e-04   6.86222e-04   
2.16828e+01   6.29800e-02   7.14703e-04   7.14703e-04   
2.28275e+01   6.25200e-02   7.52861e-04   7.52861e-04   
2.40125e+01   6.52900e-02   8.06536e-04   8.06536e-04   
2.52519e+01   6.49500e-02   8.35225e-04   8.35225e-04   
2.65664e+01   6.80800e-02   8.98443e-04   8.98443e-04   
2.79559e+01   6.82000e-02   9.49210e-04   9.49210e-04   
2.94351e+01   7.09300e-02   1.01242e-03   1.01242e-03   
3.10046e+01   7.16400e-02   1.09202e-03   1.09202e-03   
3.26638e+01   7.27400e-02   1.15248e-03   1.15248e-03   
3.44328e+01   7.33000e-02   1.22262e-03   1.22262e-03   
3.63219e+01   7.66900e-02   1.31735e-03   1.31735e-03   
3.83359e+01   7.65200e-02   1.38752e-03   1.38752e-03   
4.04848e+01   7.87000e-02   1.47963e-03   1.47963e-03   
4.27883e+01   8.10500e-02   1.59364e-03   1.59364e-03   
4.52668e+01   8.11500e-02   1.68324e-03   1.68324e-03   
4.79301e+01   8.81100e-02   1.84101e-03   1.84101e-03   
5.08079e+01   8.40600e-02   1.91846e-03   1.91846e-03   
5.39305e+01   8.68900e-02   2.05431e-03   2.05431e-03   
5.73275e+01   8.96700e-02   2.19738e-03   2.19738e-03   
6.10440e+01   8.97800e-02   2.34776e-03   2.34776e-03   
6.51248e+01   9.77500e-02   2.56846e-03   2.56846e-03   
6.96345e+01   9.67000e-02   2.71155e-03   2.71155e-03   
7.46626e+01   1.03900e-01   2.88617e-03   2.88617e-03   
8.03092e+01   1.03300e-01   3.10483e-03   3.10483e-03   
8.67078e+01   1.09100e-01   3.42053e-03   3.42053e-03   
9.40523e+01   1.14200e-01   3.73631e-03   3.73631e-03   
1.02597e+02   1.07300e-01   4.10000e-03   4.10000e-03   
1.12713e+02   1.16500e-01   4.51221e-03   4.51221e-03   
1.25063e+02   1.18300e-01   4.80521e-03   4.80521e-03   
1.40202e+02   1.33700e-01   5.43415e-03   5.43415e-03   
1.59000e+02   1.32300e-01   5.92284e-03   5.92284e-03   
1.83274e+02   1.47200e-01   6.94262e-03   6.94262e-03   
2.16551e+02   1.48100e-01   8.17863e-03   8.17863e-03   
2.62275e+02   1.62100e-01   9.96895e-03   9.96895e-03   
3.27567e+02   1.55700e-01   1.23223e-02   1.23223e-02   
4.30116e+02   1.63000e-01   1.73367e-02   1.73367e-02   
5.91608e+02   1.54100e-01   3.03275e-02   3.03275e-02   
8.36660e+02   9.80200e-02   5.50268e-02   5.50268e-02   
