# credit: CRDB Database lpsc.in2p3.fr/cosmic-rays-db
# T [GeV] - flux [] - flux_error_low [] - flux_error_high [] 
1.41421e+02   1.63000e-01   4.00000e-02   4.00000e-02   
8.06226e+01   1.21000e-01   2.20000e-02   2.20000e-02   
5.22494e+01   9.90000e-02   1.30000e-02   1.30000e-02   
3.42929e+01   7.30000e-02   7.00000e-03   7.00000e-03   
2.36643e+01   6.20000e-02   5.00000e-03   5.00000e-03   
1.73205e+01   6.10000e-02   4.00000e-03   4.00000e-03   
1.39642e+01   6.30000e-02   4.00000e-03   4.00000e-03   
1.14018e+01   5.57000e-02   2.30000e-03   2.30000e-03   
8.94427e+00   5.20000e-02   1.90000e-03   1.90000e-03   
6.92820e+00   5.04000e-02   1.40000e-03   1.40000e-03   
5.47723e+00   5.23000e-02   1.50000e-03   1.50000e-03   
4.58258e+00   5.35000e-02   1.40000e-03   1.40000e-03   
3.83406e+00   5.45000e-02   1.30000e-03   1.30000e-03   
3.07409e+00   5.86000e-02   1.00000e-03   1.00000e-03   
2.38118e+00   6.53000e-02   9.00000e-04   9.00000e-04   
1.94422e+00   7.11000e-02   1.20000e-03   1.20000e-03   
1.64317e+00   7.77000e-02   1.10000e-03   1.10000e-03   
