# credit: SSDC Cosmic Ray Database tools.asdc.asi.it/CosmicRays 
# rigidity [GV] - flux [] - flux_error_low [] - flux_error_high [] 
2.27156e+00   7.05200e-01   3.77743e-02   3.77743e-02   
2.53140e+00   7.16600e-01   2.70849e-02   2.70849e-02   
2.81601e+00   7.32500e-01   2.49251e-02   2.49251e-02   
3.12591e+00   7.45500e-01   2.47004e-02   2.47004e-02   
3.46058e+00   7.45500e-01   2.42940e-02   2.42940e-02   
3.82528e+00   7.46200e-01   2.40718e-02   2.40718e-02   
4.22002e+00   7.41800e-01   2.37034e-02   2.37034e-02   
4.64956e+00   7.49400e-01   2.37613e-02   2.37613e-02   
5.11914e+00   7.38700e-01   2.33465e-02   2.33465e-02   
5.62877e+00   7.35200e-01   2.31664e-02   2.31664e-02   
6.17843e+00   7.53900e-01   2.37379e-02   2.37379e-02   
6.77291e+00   7.53400e-01   2.36814e-02   2.36814e-02   
7.41744e+00   7.64300e-01   2.40637e-02   2.40637e-02   
8.11202e+00   7.54800e-01   2.37306e-02   2.37306e-02   
8.86142e+00   7.66200e-01   2.41276e-02   2.41276e-02   
9.67088e+00   7.71100e-01   2.43448e-02   2.43448e-02   
1.05404e+01   7.73900e-01   2.44757e-02   2.44757e-02   
1.14891e+01   7.79700e-01   2.46787e-02   2.46787e-02   
1.24900e+01   7.86700e-01   2.49455e-02   2.49455e-02   
1.35388e+01   7.92800e-01   2.51786e-02   2.51786e-02   
1.46877e+01   7.84100e-01   2.50130e-02   2.50130e-02   
1.59367e+01   7.88400e-01   2.51511e-02   2.51511e-02   
1.72858e+01   7.91200e-01   2.52998e-02   2.52998e-02   
1.87350e+01   7.90300e-01   2.53432e-02   2.53432e-02   
2.02842e+01   8.03800e-01   2.58081e-02   2.58081e-02   
2.19335e+01   8.03200e-01   2.58312e-02   2.58312e-02   
2.37310e+01   8.04700e-01   2.59380e-02   2.59380e-02   
2.56805e+01   8.14800e-01   2.63087e-02   2.63087e-02   
2.77301e+01   8.21700e-01   2.66815e-02   2.66815e-02   
2.99279e+01   8.21900e-01   2.67170e-02   2.67170e-02   
3.22777e+01   8.26800e-01   2.70492e-02   2.70492e-02   
3.47757e+01   8.26700e-01   2.72373e-02   2.72373e-02   
3.74739e+01   8.41100e-01   2.78946e-02   2.78946e-02   
4.03721e+01   8.48800e-01   2.84004e-02   2.84004e-02   
4.34706e+01   8.32300e-01   2.81308e-02   2.81308e-02   
4.67691e+01   8.63000e-01   2.94235e-02   2.94235e-02   
5.03160e+01   8.65200e-01   2.98320e-02   2.98320e-02   
5.41149e+01   8.64800e-01   3.01944e-02   3.01944e-02   
5.81621e+01   8.40800e-01   2.97500e-02   2.97500e-02   
6.25095e+01   8.78600e-01   3.14411e-02   3.14411e-02   
6.72054e+01   8.73500e-01   3.17519e-02   3.17519e-02   
7.22532e+01   8.70900e-01   3.21532e-02   3.21532e-02   
7.76495e+01   8.99700e-01   3.37559e-02   3.37559e-02   
8.34461e+01   8.86100e-01   3.37543e-02   3.37543e-02   
8.96911e+01   8.97200e-01   3.48047e-02   3.48047e-02   
9.64365e+01   8.56400e-01   3.39595e-02   3.39595e-02   
1.03923e+02   9.19900e-01   3.68719e-02   3.68719e-02   
1.11929e+02   8.59700e-01   3.57600e-02   3.57600e-02   
1.20416e+02   8.96000e-01   3.76939e-02   3.76939e-02   
1.29904e+02   8.82900e-01   3.80039e-02   3.80039e-02   
1.40872e+02   8.58300e-01   3.75189e-02   3.75189e-02   
1.53362e+02   8.98000e-01   4.04784e-02   4.04784e-02   
1.67332e+02   9.36200e-01   4.31468e-02   4.31468e-02   
1.83303e+02   9.25800e-01   4.41845e-02   4.41845e-02   
2.01276e+02   8.96600e-01   4.44242e-02   4.44242e-02   
2.21727e+02   8.75600e-01   4.51255e-02   4.51255e-02   
2.45656e+02   9.40100e-01   4.95633e-02   4.95633e-02   
2.74534e+02   9.07600e-01   4.99539e-02   4.99539e-02   
3.09887e+02   8.49200e-01   4.87321e-02   4.87321e-02   
3.53652e+02   8.99400e-01   5.41992e-02   5.41992e-02   
4.08826e+02   9.79800e-01   6.25537e-02   6.25537e-02   
4.81170e+02   8.95400e-01   6.08782e-02   6.08782e-02   
5.88643e+02   8.70500e-01   5.95979e-02   5.95979e-02   
7.53392e+02   9.61800e-01   7.53100e-02   7.53100e-02   
1.01587e+03   8.27900e-01   7.42164e-02   7.42164e-02   
1.89737e+03   7.90600e-01   1.58901e-01   1.58901e-01   
