# credit: SSDC Cosmic Ray Database tools.asdc.asi.it/CosmicRays 
# rigidity [GV] - flux [] - flux_error_low [] - flux_error_high [] 
2.27156e+00   1.40600e-01   7.55381e-03   7.55381e-03   
2.53140e+00   1.41300e-01   5.19326e-03   5.19326e-03   
2.81601e+00   1.41200e-01   4.54863e-03   4.54863e-03   
3.12591e+00   1.42500e-01   4.38862e-03   4.38862e-03   
3.46058e+00   1.44900e-01   4.32897e-03   4.32897e-03   
3.82528e+00   1.45200e-01   4.30232e-03   4.30232e-03   
4.22002e+00   1.45700e-01   4.24028e-03   4.24028e-03   
4.64956e+00   1.48400e-01   4.22019e-03   4.22019e-03   
5.11914e+00   1.48400e-01   4.20238e-03   4.20238e-03   
5.62877e+00   1.48700e-01   4.20238e-03   4.20238e-03   
6.17843e+00   1.51900e-01   4.28486e-03   4.28486e-03   
6.77291e+00   1.52700e-01   4.28486e-03   4.28486e-03   
7.41744e+00   1.56200e-01   4.48107e-03   4.48107e-03   
8.11202e+00   1.54700e-01   4.37035e-03   4.37035e-03   
8.86142e+00   1.57200e-01   4.46878e-03   4.46878e-03   
9.67088e+00   1.58400e-01   4.46878e-03   4.46878e-03   
1.05404e+01   1.60500e-01   4.58148e-03   4.58148e-03   
1.14891e+01   1.60100e-01   4.58148e-03   4.58148e-03   
1.24900e+01   1.61200e-01   4.59783e-03   4.59783e-03   
1.35388e+01   1.62800e-01   4.69574e-03   4.69574e-03   
1.46877e+01   1.62700e-01   4.69574e-03   4.69574e-03   
1.59367e+01   1.62600e-01   4.71381e-03   4.71381e-03   
1.72858e+01   1.62700e-01   4.71381e-03   4.71381e-03   
1.87350e+01   1.62600e-01   4.71381e-03   4.71381e-03   
2.02842e+01   1.63900e-01   4.73392e-03   4.73392e-03   
2.19335e+01   1.63000e-01   4.73392e-03   4.73392e-03   
2.37310e+01   1.63500e-01   4.83115e-03   4.83115e-03   
2.56805e+01   1.65600e-01   4.83115e-03   4.83115e-03   
2.77301e+01   1.67400e-01   4.94975e-03   4.94975e-03   
2.99279e+01   1.67400e-01   4.94975e-03   4.94975e-03   
3.22777e+01   1.68200e-01   4.98397e-03   4.98397e-03   
3.47757e+01   1.68500e-01   5.08035e-03   5.08035e-03   
3.74739e+01   1.70100e-01   5.10490e-03   5.10490e-03   
4.03721e+01   1.70000e-01   5.22685e-03   5.22685e-03   
4.34706e+01   1.69400e-01   5.25452e-03   5.25452e-03   
4.67691e+01   1.72100e-01   5.39073e-03   5.39073e-03   
5.03160e+01   1.72500e-01   5.42125e-03   5.42125e-03   
5.41149e+01   1.72000e-01   5.45344e-03   5.45344e-03   
5.81621e+01   1.68400e-01   5.39444e-03   5.39444e-03   
6.25095e+01   1.73700e-01   5.62850e-03   5.62850e-03   
6.72054e+01   1.72400e-01   5.70263e-03   5.70263e-03   
7.22532e+01   1.73700e-01   5.83267e-03   5.83267e-03   
7.76495e+01   1.73300e-01   5.91439e-03   5.91439e-03   
8.34461e+01   1.74700e-01   6.04649e-03   6.04649e-03   
8.96911e+01   1.75700e-01   6.23699e-03   6.23699e-03   
9.64365e+01   1.69400e-01   6.09426e-03   6.09426e-03   
1.03923e+02   1.77100e-01   6.46375e-03   6.46375e-03   
1.11929e+02   1.68300e-01   6.30793e-03   6.30793e-03   
1.20416e+02   1.75000e-01   6.66483e-03   6.66483e-03   
1.29904e+02   1.73000e-01   6.77200e-03   6.77200e-03   
1.40872e+02   1.65500e-01   6.60757e-03   6.60757e-03   
1.53362e+02   1.73700e-01   7.09225e-03   7.09225e-03   
1.67332e+02   1.77300e-01   7.36885e-03   7.36885e-03   
1.83303e+02   1.72500e-01   7.40878e-03   7.40878e-03   
2.01276e+02   1.68800e-01   7.46927e-03   7.46927e-03   
2.21727e+02   1.65200e-01   7.66159e-03   7.66159e-03   
2.45656e+02   1.77700e-01   8.38928e-03   8.38928e-03   
2.74534e+02   1.64500e-01   8.09815e-03   8.09815e-03   
3.09887e+02   1.61500e-01   8.33847e-03   8.33847e-03   
3.53652e+02   1.62600e-01   8.65506e-03   8.65506e-03   
4.08826e+02   1.70500e-01   9.50526e-03   9.50526e-03   
4.81170e+02   1.62500e-01   9.73756e-03   9.73756e-03   
5.88643e+02   1.72800e-01   1.06597e-02   1.06597e-02   
7.53392e+02   1.66600e-01   1.15404e-02   1.15404e-02   
1.01587e+03   1.48900e-01   1.20760e-02   1.20760e-02   
1.89737e+03   1.28800e-01   2.13310e-02   2.13310e-02   
