# Source: arXiv:2312.08279 Table 2
# Columns: log10E_min log10E_max flux stat sys_basic
6.15 6.2425 1.037e-13 0.012e-13 0.253e-13
6.2425 6.335 3.724e-14 0.099e-14 2.056e-14
6.335 6.4275 2.898e-14 0.060e-14 0.742e-14
6.4275 6.52 1.819e-14 0.038e-14 0.405e-14
6.52 6.6125 8.963e-15 0.211e-15 1.981e-15
6.6125 6.705 5.234e-15 0.138e-15 1.079e-15
6.705 6.7975 3.064e-15 0.092e-15 0.591e-15
6.7975 6.89 2.017e-15 0.058e-15 0.378e-15
6.89 6.9825 1.264e-15 0.038e-15 0.250e-15
6.9825 7.075 7.069e-16 0.221e-16 1.438e-16
7.075 7.1675 3.308e-16 0.077e-16 0.693e-16
7.1675 7.26 1.633e-16 0.048e-16 0.324e-16
7.26 7.3525 9.485e-17 0.281e-17 1.789e-17
7.3525 7.445 4.490e-17 0.276e-17 1.085e-17
7.445 7.5375 2.152e-17 0.112e-17 0.478e-17
7.5375 7.63 8.341e-18 0.546e-18 2.179e-18
7.63 7.7225 3.475e-18 0.445e-18 1.281e-18
7.7225 7.815 2.112e-18 0.317e-18 0.644e-18
7.815 7.9075 1.364e-18 0.161e-18 0.410e-18
7.9075 8.0 6.873e-19 0.926e-19 1.927e-19
