# Source: arXiv:2312.08279 Table 2
# Columns: log10E_min log10E_max flux stat sys_basic
6.15 6.2425 6.735e-14 0.089e-14 1.654e-14
6.2425 6.335 2.497e-14 0.078e-14 1.592e-14
6.335 6.4275 2.276e-14 0.047e-14 0.481e-14
6.4275 6.52 1.091e-14 0.027e-14 0.221e-14
6.52 6.6125 6.738e-15 0.157e-15 1.234e-15
6.6125 6.705 3.893e-15 0.104e-15 0.696e-15
6.705 6.7975 2.244e-15 0.068e-15 0.409e-15
6.7975 6.89 1.028e-15 0.039e-15 0.207e-15
6.89 6.9825 5.513e-16 0.241e-16 1.232e-16
6.9825 7.075 3.097e-16 0.142e-16 0.695e-16
7.075 7.1675 1.560e-16 0.053e-16 0.346e-16
7.1675 7.26 1.037e-16 0.040e-16 0.240e-16
7.26 7.3525 6.769e-17 0.252e-17 1.533e-17
7.3525 7.445 4.381e-17 0.283e-17 1.124e-17
7.445 7.5375 2.277e-17 0.126e-17 0.549e-17
7.5375 7.63 1.077e-17 0.069e-17 0.291e-17
7.63 7.7225 7.968e-18 0.754e-18 2.301e-18
7.7225 7.815 5.482e-18 0.570e-18 1.464e-18
7.815 7.9075 2.426e-18 0.249e-18 0.633e-18
7.9075 8.0 1.300e-18 0.149e-18 0.322e-18
