# Source: arXiv:2312.08279 Table 2
# Columns: log10E_min log10E_max flux stat sys_basic
6.15 6.2425 2.711e-14 0.059e-14 1.007e-14
6.2425 6.335 1.503e-14 0.043e-14 0.712e-14
6.335 6.4275 6.606e-15 0.217e-15 2.079e-15
6.4275 6.52 3.711e-15 0.128e-15 1.089e-15
6.52 6.6125 1.573e-15 0.073e-15 0.408e-15
6.6125 6.705 8.312e-16 0.468e-16 2.201e-16
6.705 6.7975 3.797e-16 0.287e-16 1.212e-16
6.7975 6.89 3.045e-16 0.192e-16 0.869e-16
6.89 6.9825 2.124e-16 0.131e-16 0.641e-16
6.9825 7.075 1.418e-16 0.086e-16 0.421e-16
7.075 7.1675 1.015e-16 0.042e-16 0.285e-16
7.1675 7.26 6.321e-17 0.299e-17 1.791e-17
7.26 7.3525 4.984e-17 0.225e-17 1.350e-17
7.3525 7.445 3.040e-17 0.196e-17 0.897e-17
7.445 7.5375 1.777e-17 0.109e-17 0.514e-17
7.5375 7.63 8.163e-18 0.585e-18 2.629e-18
7.63 7.7225 4.974e-18 0.514e-18 1.675e-18
7.7225 7.815 3.423e-18 0.398e-18 0.986e-18
7.815 7.9075 1.858e-18 0.219e-18 0.540e-18
7.9075 8.0 1.104e-18 0.143e-18 0.300e-18
