# Proton flux
# LHAASO, Precise Measurement of the Cosmic Ray Helium Spectrum above 0.1 PeV, 2025 (arXiv:2511.05013)
# Columns: [0] log10(Emin/PeV) [1] log10(Emax/PeV) [2,3,4] flux stat syst (QGSJET-II-04) [5,6,7] flux stat syst (EPOS-LHC) [8,9,10] flux stat syst (SIBYLL-2.3d)
# Units of flux PeV^-1 m^-2 s^-1 sr^-1
-0.8 -0.7 0.822e-4 0.001e-4 0.046e-4 0.739e-4 0.001e-4 0.041e-4 0.711e-4 0.001e-4 0.039e-4
-0.7 -0.6 4.384e-5 0.007e-5 0.239e-5 3.982e-5 0.006e-5 0.217e-5 3.790e-5 0.006e-5 0.207e-5
-0.6 -0.5 2.347e-5 0.004e-5 0.125e-5 2.146e-5 0.004e-5 0.115e-5 2.036e-5 0.004e-5 0.109e-5
-0.5 -0.4 1.267e-5 0.003e-5 0.067e-5 1.171e-5 0.003e-5 0.062e-5 1.112e-5 0.003e-5 0.059e-5
-0.4 -0.3 7.035e-6 0.020e-6 0.375e-6 6.581e-6 0.018e-6 0.351e-6 6.280e-6 0.018e-6 0.335e-6
-0.3 -0.2 3.894e-6 0.013e-6 0.208e-6 3.729e-6 0.013e-6 0.199e-6 3.537e-6 0.012e-6 0.189e-6
-0.2 -0.1 2.167e-6 0.009e-6 0.115e-6 2.108e-6 0.009e-6 0.112e-6 1.982e-6 0.009e-6 0.105e-6
-0.1 0.0 1.194e-6 0.006e-6 0.061e-6 1.185e-6 0.006e-6 0.060e-6 1.109e-6 0.006e-6 0.056e-6
0.0 0.1 6.776e-7 0.042e-7 0.327e-7 6.782e-7 0.041e-7 0.327e-7 6.328e-7 0.040e-7 0.305e-7
0.1 0.2 3.709e-7 0.028e-7 0.167e-7 3.739e-7 0.027e-7 0.168e-7 3.510e-7 0.027e-7 0.158e-7
0.2 0.3 2.006e-7 0.018e-7 0.083e-7 2.062e-7 0.018e-7 0.085e-7 1.906e-7 0.018e-7 0.079e-7
0.3 0.4 10.796e-8 0.121e-8 0.415e-8 11.297e-8 0.121e-8 0.435e-8 10.393e-8 0.116e-8 0.400e-8
0.4 0.5 5.653e-8 0.078e-8 0.209e-8 6.094e-8 0.080e-8 0.225e-8 5.478e-8 0.076e-8 0.202e-8
0.5 0.6 2.842e-8 0.049e-8 0.104e-8 3.097e-8 0.051e-8 0.113e-8 2.766e-8 0.048e-8 0.101e-8
0.6 0.7 1.378e-8 0.031e-8 0.051e-8 1.463e-8 0.031e-8 0.054e-8 1.314e-8 0.029e-8 0.048e-8
0.7 0.8 6.381e-9 0.184e-9 0.237e-9 6.827e-9 0.183e-9 0.254e-9 6.060e-9 0.172e-9 0.225e-9
0.8 0.9 2.758e-9 0.108e-9 0.103e-9 2.973e-9 0.107e-9 0.111e-9 2.622e-9 0.100e-9 0.098e-9
0.9 1.0 1.253e-9 0.064e-9 0.048e-9 1.368e-9 0.065e-9 0.052e-9 1.227e-9 0.062e-9 0.047e-9
1.0 1.1 5.766e-10 0.394e-10 0.221e-10 6.241e-10 0.395e-10 0.239e-10 5.714e-10 0.380e-10 0.219e-10
