# Energy [TeV] - Energy Bin [TeV] - N events - Electron Fraction - Flux [cm^-2 s^-1 TeV^-1]
  0.335   0.316   0.355   27529   0.152   0.005   3.140e-10   9.790e-12
  0.376   0.355   0.398   21330   0.159   0.006   2.104e-10   8.469e-12
  0.422   0.398   0.447   15704   0.187   0.007   1.491e-10   5.681e-12
  0.473   0.447   0.501   14787   0.154   0.007   9.761e-11   4.728e-12
  0.531   0.501   0.562   11823   0.169   0.007   7.168e-11   3.120e-12
  0.596   0.562   0.631    8476   0.175   0.010   4.480e-11   2.513e-12
  0.668   0.631   0.708    6480   0.208   0.008   3.524e-11   1.372e-12
  0.749   0.708   0.794    5932   0.170   0.009   2.333e-11   1.168e-12
  0.840   0.794   0.891    4146   0.164   0.009   1.376e-11   7.186e-13
  0.995   0.891   1.122    5547   0.140   0.010   6.370e-12   4.700e-13
  1.253   1.122   1.413    2951   0.141   0.014   2.689e-12   2.721e-13
  1.662   1.413   1.995    2495   0.107   0.013   8.620e-13   1.058e-13
  2.347   1.995   2.818     892   0.111   0.013   2.233e-13   3.015e-14
  3.315   2.818   3.981     529   0.055   0.014   4.645e-14   1.216e-14
  4.683   3.981   5.623     207   0.167   0.082   3.621e-14   1.780e-14
