# Energy bin [GeV/n] / Flux / statistical / systematic / energy-dependent systematic (low/up) [m$^{-2}$sr$^{-1}$s$^{-1}$(GeV/n)$^{-1}$]
  10.0   15.8  1.98e-3 0.01e-3 0.08e-3 0.10e-3 0.11e-3 
  15.8   25.1  7.48e-4 0.04e-4 0.29e-4 0.34e-4 0.35e-4 
  25.1   39.8  2.47e-4 0.02e-4 0.10e-4 0.09e-4 0.10e-4 
  39.8   63.1  7.60e-5 0.07e-5 0.30e-5 0.26e-5 0.28e-5 
  63.1  100.0  2.42e-5 0.03e-5 0.09e-5 0.08e-5 0.11e-5 
 100.0  158.5  7.60e-6 0.13e-6 0.30e-6 0.26e-6 0.28e-6 
 158.5  251.2  2.26e-6 0.05e-6 0.09e-6 0.09e-6 0.08e-6 
 251.2  398.1  6.69e-7 0.23e-7 0.26e-7 0.25e-7 0.29e-7 
 398.1  630.9  2.16e-7 0.10e-7 0.08e-7 0.07e-7 0.09e-7 
 630.9 1000.0  7.26e-8 0.47e-8 0.28e-8 0.30e-8 0.33e-8 
1000.0 1584.9  2.22e-8 0.20e-8 0.09e-8 0.09e-8 0.12e-8  