# E_k bin (GeV) - \Phi \sigma_{\rm stat} \sigma_{\rm sys}^{\rm ana} \sigma_{\rm sys}^{\rm had} (GeV^{-1}m^{-2}s^{-1}sr^{-1})
  63.1   100.0   5.31e-2   0.045e-2   0.28e-2   0.50e-2
 100.0   158.5   1.60e-2   0.009e-2   0.08e-2   0.15e-2
 158.5   251.2   4.56e-3   0.083e-3   0.23e-3   0.43e-3
 251.2   398.1   1.30e-3   0.004e-3   0.04e-3   0.12e-3
 398.1   631.0   3.81e-4   0.011e-4   0.15e-4   0.36e-4
 631.0    1000   1.13e-4   0.002e-4   0.05e-4   0.11e-4
  1000    1585   3.42e-5   0.009e-5   0.15e-5   0.32e-5
  1584    2512   1.05e-5   0.003e-5   0.05e-5   0.10e-5
  2512    3981   3.31e-6   0.012e-6   0.14e-6   0.31e-6
  3981    6310   1.06e-6   0.004e-6   0.05e-6   0.10e-6
  6310   10000   3.47e-7   0.016e-7   0.16e-7   0.33e-7
 10000   15849   1.16e-7   0.009e-7   0.05e-7   0.11e-7
 15849   25119   3.82e-8   0.039e-8   0.20e-8   0.36e-8
 25119   39811   1.21e-8   0.015e-8   0.07e-8   0.11e-8
 39811   63096   3.57e-9   0.069e-9   0.23e-9   0.34e-9
 63096  100000   1.01e-9   0.042e-9   0.07e-9   0.10e-9
100000  158489   2.85e-10  0.139e-10  0.22e-10  0.27e-10
158489  251189   8.52e-11  0.954e-11  0.67e-11  0.81e-11
