# E, E_lo, E_hi [GeV/n] - Flux, \sigma_stat, \sigma_sys^ana, \sigma_sys^had$ [GeV/n$^{-1}m^{-2}s^{-1}sr^{-1}$]
  11.5   10.0   13.3  5.25e-3  0.01e-3  0.23e-3  0.21e-3   
  15.3   13.3   17.8  2.36e-3  0.01e-3  0.11e-3  0.09e-3 
  20.5   17.8   23.7  1.04e-3  0.01e-3  0.05e-3  0.04e-3
  27.3   23.7   31.6  4.43e-4  0.02e-4  0.20e-4  0.18e-4 
  36.4   31.6   42.2  1.86e-4  0.01e-4  0.08e-4  0.07e-4 
  48.5   42.2   56.2  7.77e-5  0.05e-5  0.34e-5  0.31e-5
  64.7   56.2   75.0  3.25e-5  0.03e-5  0.14e-5  0.13e-5
  86.3   75.0  100.0  1.37e-5  0.01e-5  0.06e-5  0.06e-5
 124.8  100.0  158.5  4.49e-6  0.06e-6  0.20e-6  0.18e-6
 197.8  158.5  251.2  1.18e-6  0.02e-6  0.05e-6  0.05e-6
 313.5  251.2  398.1  3.29e-7  0.10e-7  0.15e-7  0.14e-7
 496.8  398.1  631.0  9.50e-8  0.41e-8  0.48e-8  0.52e-8
 787.4  631.0 1000    2.60e-8  0.17e-8  0.14e-8  0.19e-8
1248   1000   1585    7.18e-9  0.71e-9  0.46e-9  0.52e-9
1978   1585   2512    2.31e-9  0.32e-9  0.18e-9  0.23e-9
3135   2512   3981    7.16e-10 1.35e-10 0.89e-10 1.20e-10
5515   3981   7943    1.67e-10 0.49e-10 0.34e-10 0.28e-10  