# E_k bin (GeV) - \Phi \sigma_{\rm stat} \sigma_{\rm sys}^{\rm ana} \sigma_{\rm sys}^{\rm had} (GeV^{-1}m^{-2}s^{-1}sr^{-1})
 90.0    120.0   4.60e-3   0.007e-3   0.19e-3   0.18e-3
 120.0   160.0   2.29e-3   0.002e-3   0.08e-3   0.09e-3
 160.0   213.4   1.11e-3   0.001e-3   0.04e-3   0.04e-3
 213.4   284.6   5.26e-4   0.005e-4   0.19e-4   0.21e-4
 284.6   379.5   2.48e-4   0.003e-4   0.09e-4   0.10e-4
 379.5   506.0   1.17e-4   0.002e-4   0.04e-4   0.05e-4
 506.0   674.8   5.44e-5   0.009e-5   0.20e-5   0.22e-5
 674.8   899.9   2.51e-5   0.005e-5   0.09e-5   0.10e-5
 899.9    1200   1.17e-5   0.003e-5   0.04e-5   0.05e-5
  1200    1600   5.43e-6   0.018e-6   0.20e-6   0.22e-6
  1600    2134   2.53e-6   0.011e-6   0.09e-6   0.10e-6
  2134    2846   1.18e-6   0.006e-6   0.04e-6   0.05e-6
  2846    3795   5.54e-7   0.037e-7   0.20e-7   0.22e-7
  3795    5060   2.64e-7   0.022e-7   0.10e-7   0.11e-7
  5060    6748   1.27e-7   0.014e-7   0.05e-7   0.05e-7
  6748    8999   6.07e-8   0.082e-8   0.22e-8   0.24e-8
  8999   12000   2.96e-8   0.049e-8   0.11e-8   0.12e-8
 12000   19019   1.20e-8   0.024e-8   0.05e-8   0.05e-8
 19019   30143   3.86e-9   0.101e-9   0.15e-9   0.16e-9
 30142   47773   1.29e-9   0.046e-9   0.05e-9   0.05e-9
 47773   75715   4.62e-10  0.022e-10  0.18e-10  0.20e-10
 75715  120000   1.52e-10  0.098e-10  0.06e-10  0.11e-10
120000  213394   3.69e-11  0.350e-11  0.14e-11  0.33e-11
213394  379474   7.37e-12  1.135e-12  0.35e-12  0.78e-12
379474  674809   1.48e-12  0.421e-12  0.11e-12  0.16e-12
