# E_k bin (GeV) - \Phi \sigma_{\rm stat} \sigma_{\rm sys}^{\rm ana} \sigma_{\rm sys}^{\rm had} (GeV^{-1}m^{-2}s^{-1}sr^{-1})
  39.8    63.1   2.81e-1    0.005e-1   0.12e-1   0.07e-1
  63.1   100.0   8.05e-2    0.015e-2   0.34e-2   0.20e-2
 100.0   158.5   2.27e-2    0.003e-2   0.10e-2   0.06e-2
 158.5   251.2   6.36e-3    0.010e-3   0.27e-3   0.16e-3
 251.2   398.1   1.81e-3    0.003e-3   0.08e-3   0.05e-3
 398.1   631.0   5.23e-4    0.007e-4   0.22e-4   0.14e-4
 631.0    1000   1.54e-4    0.003e-4   0.07e-4   0.06e-4
  1000    1585   4.60e-5    0.010e-5   0.20e-5   0.22e-5
  1584    2512   1.39e-5    0.004e-5   0.06e-5   0.08e-5
  2512    3981   4.24e-6    0.015e-6   0.19e-6   0.30e-6
  3981    6310   1.30e-6    0.006e-6   0.06e-6   0.11e-6
  6310   10000   3.99e-7    0.027e-7   0.18e-7   0.35e-7
 10000   15849   1.18e-7    0.010e-7   0.05e-7   0.11e-7
 15849   25119   3.34e-8    0.043e-8   0.16e-8   0.32e-8
 25119   39811   8.84e-9    0.190e-9   0.42e-9   0.88e-9
 39811   63096   2.23e-9    0.073e-9   0.11e-9   0.25e-9
 63096  100000   6.05e-10   0.281e-10  0.34e-10  0.73e-10
100000  158489   1.69e-10   0.109e-10  0.10e-10  0.25e-10
