# Source: arXiv:2312.08279 Table 2
# Columns: log10E_min log10E_max flux stat sys_basic
6.15 6.2425 6.513e-14 0.064e-14 1.544e-14
6.2425 6.335 6.701e-14 0.128e-14 2.424e-14
6.335 6.4275 2.691e-14 0.050e-14 0.607e-14
6.4275 6.52 1.293e-14 0.026e-14 0.270e-14
6.52 6.6125 7.357e-15 0.172e-15 1.493e-15
6.6125 6.705 3.814e-15 0.103e-15 0.735e-15
6.705 6.7975 1.930e-15 0.063e-15 0.375e-15
6.7975 6.89 1.125e-15 0.036e-15 0.218e-15
6.89 6.9825 6.811e-16 0.224e-16 1.399e-16
6.9825 7.075 4.218e-16 0.135e-16 0.869e-16
7.075 7.1675 2.580e-16 0.066e-16 0.568e-16
7.1675 7.26 1.437e-16 0.045e-16 0.319e-16
7.26 7.3525 8.669e-17 0.288e-17 1.881e-17
7.3525 7.445 5.732e-17 0.287e-17 1.386e-17
7.445 7.5375 2.570e-17 0.130e-17 0.583e-17
7.5375 7.63 1.138e-17 0.069e-17 0.281e-17
7.63 7.7225 7.481e-18 0.650e-18 2.013e-18
7.7225 7.815 3.607e-18 0.420e-18 0.939e-18
7.815 7.9075 2.271e-18 0.237e-18 0.585e-18
7.9075 8.0 9.971e-19 1.282e-19 2.534e-19
