# Source: arXiv:2312.08279 Table 3
# Columns: log10E_min log10E_max flux stat sys_basic th_unc_lo th_unc_up
6.15 6.2425 5.738e-13 0.012e-13 0.931e-13 1.384e-13 1.073e-13
6.2425 6.335 3.594e-13 0.009e-13 0.549e-13 0.734e-13 0.869e-13
6.335 6.4275 2.189e-13 0.006e-13 0.342e-13 0.555e-13 0.404e-13
6.4275 6.52 1.188e-13 0.004e-13 0.185e-13 0.369e-13 0.185e-13
6.52 6.6125 6.073e-14 0.029e-14 0.929e-14 1.476e-14 1.287e-14
6.6125 6.705 3.459e-14 0.019e-14 0.535e-14 1.239e-14 0.535e-14
6.705 6.7975 1.855e-14 0.013e-14 0.286e-14 0.550e-14 0.307e-14
6.7975 6.89 9.678e-15 0.085e-15 1.510e-15 2.922e-15 1.510e-15
6.89 6.9825 5.267e-15 0.057e-15 0.834e-15 1.512e-15 0.834e-15
6.9825 7.075 2.787e-15 0.039e-15 0.459e-15 0.972e-15 0.459e-15
7.075 7.1675 1.238e-15 0.024e-15 0.209e-15 0.397e-15 0.209e-15
7.1675 7.26 6.576e-16 0.152e-16 1.132e-16 2.186e-16 1.145e-16
7.26 7.3525 3.929e-16 0.101e-16 0.684e-16 1.275e-16 1.175e-16
7.3525 7.445 2.296e-16 0.068e-16 0.409e-16 0.913e-16 0.409e-16
7.445 7.5375 1.096e-16 0.041e-16 0.201e-16 0.491e-16 0.230e-16
7.5375 7.63 4.602e-17 0.265e-17 0.978e-17 0.978e-17 1.300e-17
7.63 7.7225 2.818e-17 0.199e-17 0.628e-17 1.016e-17 1.337e-17
7.7225 7.815 1.762e-17 0.129e-17 0.371e-17 0.960e-17 0.371e-17
7.815 7.9075 9.231e-18 0.891e-18 1.991e-18 2.557e-18 1.991e-18
7.9075 8.0 4.788e-18 0.475e-18 1.001e-18 3.306e-18 1.001e-18
