# Source: arXiv:2312.08279 Table 2
# Columns: log10E_min log10E_max flux stat sys_basic
6.15 6.2425 3.105e-13 0.010e-13 0.528e-13
6.2425 6.335 2.152e-13 0.007e-13 0.348e-13
6.335 6.4275 1.336e-13 0.005e-13 0.214e-13
6.4275 6.52 7.307e-14 0.034e-14 1.164e-14
6.52 6.6125 3.610e-14 0.019e-14 0.565e-14
6.6125 6.705 2.082e-14 0.013e-14 0.329e-14
6.705 6.7975 1.093e-14 0.009e-14 0.174e-14
6.7975 6.89 5.204e-15 0.053e-15 0.878e-15
6.89 6.9825 2.558e-15 0.034e-15 0.484e-15
6.9825 7.075 1.207e-15 0.020e-15 0.256e-15
7.075 7.1675 3.916e-16 0.080e-16 0.920e-16
7.1675 7.26 1.837e-16 0.050e-16 0.454e-16
7.26 7.3525 9.385e-17 0.302e-17 2.289e-17
7.3525 7.445 5.316e-17 0.257e-17 1.430e-17
7.445 7.5375 2.181e-17 0.118e-17 0.607e-17
7.5375 7.63 7.364e-18 0.546e-18 2.333e-18
7.63 7.7225 4.285e-18 0.458e-18 1.510e-18
7.7225 7.815 3.000e-18 0.356e-18 0.925e-18
7.815 7.9075 1.312e-18 0.178e-18 0.434e-18
7.9075 8.0 6.995e-19 1.096e-19 2.247e-19
