# Helium flux
# LHAASO, Precise Measurement of Cosmic Ray Light and Helium Spectra above 0.1 Peta-electron-Volt, 2025 (arXiv:2511.05013)
# Columns: [0] Energy min log10(E/PeV)	[1] Energy max log10(E/PeV)	[2,3,4] flux±stat±syst(EPOS–LHC)
# Units of flux PeV−1 m−2 s−1 sr−1 
-0.8  -0.7	 	1.062e-4	0.002e-4	0.102e-4	 
-0.7  -0.6	 	5.719e-5	0.012e-5	0.537e-5	 
-0.6  -0.5	 	2.989e-5	0.008e-5	0.314e-5	 
-0.5  -0.4	 	1.529e-5	0.005e-5	0.176e-5	 
-0.4  -0.3	 	7.895e-6	0.034e-6	0.950e-6	 
-0.3  -0.2	 	3.985e-6	0.023e-6	0.545e-6	 
-0.2  -0.1	 	2.056e-6	0.015e-6	0.301e-6	 
-0.1   0.0	 	1.048e-6	0.010e-6	0.160e-6	 
 0.0   0.1	 	5.446e-7	0.068e-7	0.819e-7	 
 0.1   0.2	 	2.942e-7	0.045e-7	0.388e-7	 
 0.2   0.3	 	1.601e-7	0.030e-7	0.176e-7	 
 0.3   0.4 	    8.659e-8	0.200e-8	0.781e-8	 
 0.4   0.5	 	4.474e-8	0.131e-8	0.370e-8	 
 0.5   0.6	 	2.383e-8	0.084e-8	0.179e-8	 
 0.6   0.7	 	1.384e-8	0.053e-8	0.088e-8	 
 0.7   0.8	 	7.348e-9	0.325e-9	0.432e-9	 
 0.8   0.9	 	3.840e-9	0.197e-9	0.222e-9	 
 0.9   1.0	 	1.532e-9	0.114e-9	0.094e-9	 
 1.0   1.1	 	6.626e-10	0.666e-10	0.377e-10	 