# Helium flux
# LHAASO, Precise Measurement of Cosmic Ray Light and Helium Spectra above 0.1 Peta-electron-Volt, 2025 (arXiv:2511.05013)
# Columns: [0] Energy min log10(E/PeV)	[1] Energy max log10(E/PeV)	[2,3,4] flux¬Īstat¬Īsyst(QGSJET‚ÄďII‚Äď04)
# Units of flux PeV‚ąí1 m‚ąí2 s‚ąí1 sr‚ąí1 
-0.8  -0.7	1.120e-4	0.002e-4	0.100e-4	 
-0.7  -0.6	6.128e-5	0.013e-5	0.524e-5	 
-0.6  -0.5	3.226e-5	0.009e-5	0.297e-5	 
-0.5  -0.4	1.700e-5	0.006e-5	0.166e-5	 
-0.4  -0.3	8.827e-6	0.037e-6	0.883e-6	 
-0.3  -0.2	4.500e-6	0.024e-6	0.485e-6	 
-0.2  -0.1	2.270e-6	0.016e-6	0.259e-6	 
-0.1   0.0	1.178e-6	0.010e-6	0.132e-6	 
 0.0   0.1	6.053e-7	0.070e-7	0.645e-7	 
 0.1   0.2	3.299e-7	0.047e-7	0.301e-7	 
 0.2   0.3	1.795e-7	0.031e-7	0.138e-7	 
 0.3   0.4	9.458e-8	0.201e-8	0.634e-8	 
 0.4   0.5	5.006e-8	0.130e-8	0.302e-8	 
 0.5   0.6	2.660e-8	0.083e-8	0.144e-8	 
 0.6   0.7	1.474e-8	0.053e-8	0.072e-8	 
 0.7   0.8	7.780e-9	0.326e-9	0.357e-9 
 0.8   0.9	3.581e-9	0.192e-9	0.157e-9	 
 0.9   1.0	1.700e-9	0.115e-9	0.069e-9	 
 1.0   1.1	7.052e-10	0.670e-10	0.398e-10	 