# Helium flux
# LHAASO, Precise Measurement of Cosmic Ray Light and Helium Spectra above 0.1 Peta-electron-Volt, 2025 (arXiv:2511.05013)
# Columns: [0] Energy min log10(E/PeV)	[1] Energy max log10(E/PeV)	[2,3,4] fluxôÝstatôÝsyst(SIBYLL 2.3d)
# Units of flux PeVã1 mã2 sã1 srã1 
-0.8  -0.7	    1.057e-4	0.002e-4	0.096e-4
-0.7  -0.6      5.741e-5	0.012e-5	0.512e-5
-0.6  -0.5	    3.046e-5	0.008e-5	0.309e-5
-0.5  -0.4	    1.597e-5	0.005e-5	0.171e-5
-0.4  -0.3	 	8.384e-6	0.035e-6	0.934e-6
-0.3  -0.2	 	4.230e-6	0.023e-6	0.511e-6
-0.2  -0.1	 	2.194e-6	0.015e-6	0.280e-6
-0.1   0.0	 	1.138e-6	0.010e-6	0.146e-6
 0.0   0.1	 	5.855e-7	0.067e-7	0.743e-7
 0.1   0.2	 	3.170e-7	0.045e-7	0.359e-7
 0.2   0.3	 	1.739e-7	0.030e-7	0.173e-7
 0.3   0.4	 	9.506e-8	0.196e-8	0.824e-8
 0.4   0.5	 	5.137e-8	0.128e-8	0.416e-8
 0.5   0.6	 	2.784e-8	0.082e-8	0.182e-8
 0.6   0.7	 	1.574e-8	0.052e-8	0.086e-8
 0.7   0.8	 	8.525e-9	0.323e-9	0.437e-9
 0.8   0.9	 	3.887e-9	0.190e-9	0.205e-9
 0.9   1.0	 	1.806e-9	0.115e-9	0.088e-9
 1.0   1.1	 	7.342e-10	0.660e-10	0.425e-10