# Energy - Number of Events - flux stat. syst. (QGSJETII-04)
-0.8  -0.7  236775  9.051e-5  0.019e-5  0.513e-5
-0.7  -0.6  160787  4.803e-5  0.012e-5  0.274e-5
-0.6  -0.5  108986  2.561e-5  0.008e-5  0.147e-5
-0.5  -0.4   73957  1.372e-5  0.005e-5  0.080e-5
-0.4  -0.3   51111  7.491e-6  0.033e-6  0.440e-6
-0.3  -0.2   35405  4.114e-6  0.022e-6  0.245e-6
-0.2  -0.1   24280  2.241e-6  0.014e-6  0.136e-6
-0.1   0.0   17128  1.243e-6  0.009e-6  0.077e-6
 0.0   0.1   11987  6.955e-7  0.064e-7  0.446e-7
 0.1   0.2    8220  3.789e-7  0.042e-7  0.252e-7
 0.2   0.3    5652  2.085e-7  0.028e-7  0.145e-7
 0.3   0.4    3821  1.104e-7  0.018e-7  0.081e-7
 0.4   0.5    2527  5.752e-8  0.114e-8  0.452e-8
 0.5   0.6    1581  2.857e-8  0.072e-8  0.243e-8
 0.6   0.7     971  1.392e-8  0.045e-8  0.130e-8
 0.7   0.8     571  6.375e-9  0.267e-9  0.661e-9
 0.8   0.9     306  2.684e-9  0.153e-9  0.314e-9
 0.9   1.0     180  1.207e-9  0.090e-9  0.162e-9
 1.0   1.1     109  5.741e-10 0.550e-10 0.896e-10