# Source: arXiv:2603.14804 Table A.1
# Columns: log10E_min_eV log10E_max_eV N Xmax Xmax_stat Xmax_sys_lo Xmax_sys_up sigmaXmax sigmaXmax_stat sigmaXmax_sys_lo sigmaXmax_sys_up lnA lnA_stat lnA_sys_lo lnA_sys_up
# Units: Xmax and sigmaXmax in g/cm^2; lnA dimensionless
# Note: all asymmetric systematic uncertainties are stored as positive magnitudes in low/up order
16.5 16.6 759 606.7 2.4 15.5 15.3 67.1 1.7 3.4 4.1 1.95 0.12 0.77 0.76
16.6 16.7 924 607.0 2.2 14.3 13.9 66.9 1.6 3.9 4.2 2.35 0.11 0.69 0.67
16.7 16.8 1014 609.1 2.1 12.9 12.6 65.7 1.5 3.9 5.4 2.54 0.09 0.59 0.58
16.8 16.9 931 611.3 2.1 12.3 11.5 63.7 1.5 3.6 3.6 2.69 0.09 0.52 0.49
16.9 17.0 937 612.9 2.1 10.9 10.0 65.5 1.5 4.6 4.2 2.71 0.09 0.47 0.43
17.0 17.1 857 619.2 2.5 10.3 9.6 72.2 1.7 4.2 4.9 2.77 0.11 0.44 0.41
17.1 17.2 688 620.9 2.6 10.3 9.8 67.6 1.8 4.2 4.8 2.88 0.11 0.43 0.41
17.2 17.3 622 630.2 2.9 10.7 9.5 72.6 2.1 6.3 5.5 2.60 0.12 0.45 0.39
17.3 17.4 569 639.2 3.2 11.7 10.4 76.3 2.3 6.6 5.2 2.36 0.14 0.51 0.46
17.4 17.5 462 648.5 3.7 11.3 9.8 79.2 2.6 4.8 6.4 2.49 0.14 0.46 0.40
17.5 17.6 395 656.5 3.7 10.8 9.0 74.3 2.6 5.1 5.0 2.06 0.16 0.46 0.39
17.6 17.7 314 673.7 4.3 11.4 9.3 76.0 3.0 7.9 5.9 1.92 0.18 0.47 0.38
17.7 17.8 229 679.2 5.2 10.9 8.7 78.9 3.7 7.5 5.6 1.59 0.22 0.46 0.37
17.8 17.9 175 690.9 5.6 10.8 8.2 73.9 4.0 5.5 5.4 1.46 0.24 0.46 0.35
17.9 18.1 197 707.8 5.7 11.3 8.8 80.4 4.1 5.8 6.8 1.39 0.24 0.47 0.37
18.1 18.3 69 729.2 9.7 11.9 9.1 80.7 6.9 6.7 8.4 1.16 0.43 0.52 0.40
18.3 18.5 31 752.1 9.5 13.2 10.5 52.7 6.7 5.5 10.4 0.35 0.46 0.63 0.50
