# E [GeV] - flux/stat for QGSJET+HD, QGSJET+PD, SIBYLL+HD [m^-2 s^-1 sr^-1 GeV^-1]
1.12e5 9.300e-10 0.002e-10 7.454e-10 0.002e-10 8.639e-10 0.002e-10
1.41e5 5.008e-10 0.001e-10 4.013e-10 0.001e-10 4.684e-10 0.001e-10
1.78e5 2.732e-10 0.001e-10 2.155e-10 0.001e-10 2.529e-10 0.001e-10
2.24e5 1.470e-10 0.001e-10 1.177e-10 0.001e-10 1.360e-10 0.001e-10
2.82e5 7.934e-11 0.004e-11 6.437e-11 0.004e-11 7.370e-11 0.004e-11
3.55e5 4.296e-11 0.003e-11 3.522e-11 0.002e-11 4.015e-11 0.003e-11
4.47e5 2.323e-11 0.002e-11 1.919e-11 0.002e-11 2.173e-11 0.002e-11
5.62e5 1.262e-11 0.001e-11 1.045e-11 0.001e-11 1.179e-11 0.001e-11
7.08e5 6.834e-12 0.008e-12 5.678e-12 0.007e-12 6.373e-12 0.007e-12
8.91e5 3.695e-12 0.005e-12 3.071e-12 0.005e-12 3.433e-12 0.005e-12
1.12e6 2.001e-12 0.003e-12 1.671e-12 0.003e-12 1.853e-12 0.003e-12
1.41e6 1.092e-12 0.002e-12 9.168e-13 0.020e-13 1.014e-12 0.002e-12
1.78e6 5.947e-13 0.014e-13 4.993e-13 0.013e-13 5.514e-13 0.014e-13
2.24e6 3.228e-13 0.009e-13 2.705e-13 0.009e-13 2.978e-13 0.009e-13
2.82e6 1.738e-13 0.006e-13 1.470e-13 0.006e-13 1.610e-13 0.006e-13
3.55e6 9.301e-14 0.040e-14 7.683e-14 0.036e-14 8.444e-14 0.038e-14
4.47e6 4.692e-14 0.025e-14 3.902e-14 0.023e-14 4.261e-14 0.024e-14
5.62e6 2.384e-14 0.016e-14 1.965e-14 0.014e-14 2.133e-14 0.015e-14
7.08e6 1.159e-14 0.010e-14 9.510e-15 0.090e-15 1.031e-14 0.009e-14
8.91e6 5.571e-15 0.061e-15 4.529e-15 0.055e-15 4.976e-15 0.058e-15
1.12e7 2.631e-15 0.037e-15 2.202e-15 0.034e-15 2.321e-15 0.035e-15
1.41e7 1.265e-15 0.023e-15 1.103e-15 0.022e-15 1.160e-15 0.022e-15
1.78e7 6.631e-16 0.149e-16 5.818e-16 0.140e-16 5.924e-16 0.141e-16
2.24e7 3.177e-16 0.092e-16 2.743e-16 0.086e-16 2.787e-16 0.086e-16
2.82e7 1.651e-16 0.059e-16 1.454e-16 0.056e-16 1.476e-16 0.056e-16
3.55e7 8.101e-17 0.370e-17 7.048e-17 0.345e-17 6.516e-17 0.331e-17
4.47e7 3.614e-17 0.220e-17 3.120e-17 0.204e-17 3.038e-17 0.202e-17
5.62e7 2.146e-17 0.151e-17 2.013e-17 0.146e-17 1.848e-17 0.140e-17
7.08e7 9.764e-18 0.908e-18 8.343e-18 0.840e-18 8.345e-18 0.840e-18
8.91e7 4.156e-18 0.528e-18 4.654e-18 0.559e-18 4.086e-18 0.524e-18
1.12e8 2.694e-18 0.379e-18 2.585e-18 0.371e-18 2.636e-18 0.375e-18
1.41e8 1.242e-18 0.229e-18 1.286e-18 0.233e-18 11.154e-19 2.174e-19
1.78e8 5.310e-19 1.337e-19 5.647e-19 1.379e-19 4.922e-19 1.287e-19
