# Source: arXiv:1908.01508 Tables II and III
# Journal DOI: 10.1016/j.asr.2019.07.019
# Columns: E0_eV N_events Xmax Xmax_stat sigmaXmax sigmaXmax_stat lnA lnA_stat
# Units: E0 in eV; Xmax and sigmaXmax in g/cm^2; lnA dimensionless
# Note: Table entries marked '-' in the paper are preserved for missing values; the printed '0,64' was normalized to '0.64'
1.74E+16 - 589 17 - - 1.97 0.68
2.62E+16 - 591 14 - - 2.25 0.55
3.50E+16 24 598 11 53.6 7.7 2.23 0.43
5.31E+16 50 606 8 56.7 5.7 2.35 0.32
7.01E+16 88 608 6 56.3 4.2 2.50 0.24
8.85E+16 139 617 5 58.9 3.5 2.34 0.20
1.07E+17 158 628 5 62.8 3.5 2.17 0.20
1.24E+17 146 631 5 60.5 3.5 2.17 0.20
1.42E+17 155 636 5 62.2 3.5 2.09 0.20
1.60E+17 158 639 5 62.9 3.5 2.07 0.20
1.78E+17 153 646 5 61.9 3.5 1.97 0.20
2.68E+17 155 655 5 62.3 3.5 1.95 0.25
3.57E+17 156 672 5 62.4 3.5 1.48 0.21
5.43E+17 161 688 5 63.5 3.5 1.28 0.21
7.18E+17 150 695 5 61.2 3.5 1.30 0.22
9.06E+17 155 703 5 62.4 3.5 1.18 0.22
1.09E+18 148 715 5 60.9 3.5 0.87 0.22
1.27E+18 143 721 5 59.8 3.5 0.73 0.22
1.45E+18 142 725 5 59.6 3.5 0.66 0.22
1.64E+18 93 734 6 58.0 4.3 0.47 0.25
1.82E+18 92 735 6 57.4 4.2 0.47 0.26
2.74E+18 89 749 6 56.5 4.2 0.30 0.26
3.66E+18 86 762 6 55.7 4.2 0 0.26
5.56E+18 78 769 6 52.9 4.2 0.09 0.26
7.35E+18 53 774 7 50.8 4.9 0.17 0.30
9.27E+18 47 777 7 48.1 5.0 0.34 0.30
1.12E+19 48 784 7 48.7 5.0 0.25 0.30
1.28E+19 32 782 8 45.5 5.7 0.39 0.35
1.48E+19 35 784 8 47.2 5.6 0.48 0.35
1.66E+19 26 782 9 45.5 6.3 0.69 0.39
1.86E+19 23 785 9 42.8 6.3 0.73 0.39
2.80E+19 11 787 13 42.9 9.1 0.99 0.56
3.74E+19 7 783 15 39.7 10.6 1.57 0.64
5.69E+19 3 790 23 41.1 16.8 1.69 0.97
