#Source: KCDC
#Ref: pos.sissa.it/236/359/
#Experiment: KASCADE-Grande
#Quantity: all particle
#Units: total Energy
#Url: https://kcdc.ikp.kit.edu/spectra/
#Comments: 
1.77828e+07 4.46063e-16 2.38167e-18 2.38167e-18 0.00000e+00 0.00000e+00 
2.23872e+07 2.27590e-16 1.31269e-18 1.31269e-18 0.00000e+00 0.00000e+00 
2.81838e+07 1.11532e-16 7.32647e-19 7.32647e-19 0.00000e+00 0.00000e+00 
3.54813e+07 5.72936e-17 4.68015e-19 4.68015e-19 0.00000e+00 0.00000e+00 
4.46684e+07 2.83172e-17 2.93266e-19 2.93266e-19 0.00000e+00 0.00000e+00 
5.62341e+07 1.46899e-17 1.88229e-19 1.88229e-19 0.00000e+00 0.00000e+00 
7.07946e+07 7.26789e-18 1.18007e-19 1.18007e-19 0.00000e+00 0.00000e+00 
8.91251e+07 3.47189e-18 7.26847e-20 7.26847e-20 0.00000e+00 0.00000e+00 
1.12202e+08 1.66709e-18 4.48923e-20 4.48923e-20 0.00000e+00 0.00000e+00 
1.41254e+08 8.39293e-19 2.83893e-20 2.83893e-20 0.00000e+00 0.00000e+00 
1.77828e+08 4.15605e-19 1.78082e-20 1.78082e-20 0.00000e+00 0.00000e+00 
2.23872e+08 1.86042e-19 1.06167e-20 1.06167e-20 0.00000e+00 0.00000e+00 
2.81838e+08 9.19299e-20 6.65149e-21 6.65149e-21 0.00000e+00 0.00000e+00 
3.54813e+08 4.09089e-20 3.95449e-21 3.95449e-21 0.00000e+00 0.00000e+00 
5.01187e+08 1.68668e-20 1.49142e-21 1.49142e-21 0.00000e+00 0.00000e+00 
7.94328e+08 2.99397e-21 4.99073e-22 4.99073e-22 0.00000e+00 0.00000e+00 
