#Source: KCDC
#Ref: Thesis M. Finger ()
#Experiment: KASCADE
#Quantity: all particle
#Units: total Energy
#Url: https://kcdc.ikp.kit.edu/spectra/
#Comments: 
1.77828e+06 6.14179e-13 1.28033e-14 1.28033e-14 0.00000e+00 0.00000e+00 
2.23872e+06 3.04885e-13 7.20789e-15 7.20789e-15 0.00000e+00 0.00000e+00 
2.81838e+06 1.63545e-13 4.96919e-15 4.96919e-15 0.00000e+00 0.00000e+00 
3.54813e+06 7.95350e-14 3.06604e-15 3.06604e-15 0.00000e+00 0.00000e+00 
4.46684e+06 4.30441e-14 1.98365e-15 1.98365e-15 0.00000e+00 0.00000e+00 
5.62341e+06 1.99675e-14 1.42353e-15 1.42353e-15 0.00000e+00 0.00000e+00 
7.07946e+06 1.22189e-14 9.03173e-16 9.03173e-16 0.00000e+00 0.00000e+00 
8.91251e+06 3.98380e-15 5.04928e-16 5.04928e-16 0.00000e+00 0.00000e+00 
1.12202e+07 2.84315e-15 3.28718e-16 3.28718e-16 0.00000e+00 0.00000e+00 
1.41254e+07 1.14065e-15 1.88319e-16 1.88319e-16 0.00000e+00 0.00000e+00 
1.77828e+07 7.00717e-16 1.22200e-16 1.22200e-16 0.00000e+00 0.00000e+00 
2.23872e+07 2.49925e-16 6.55937e-17 6.55937e-17 0.00000e+00 0.00000e+00 
2.81838e+07 2.20847e-16 4.16004e-17 4.16004e-17 0.00000e+00 0.00000e+00 
3.54813e+07 4.44751e-17 1.39175e-17 1.39175e-17 0.00000e+00 0.00000e+00 
4.46684e+07 4.10040e-17 8.08203e-18 8.08203e-18 0.00000e+00 0.00000e+00 
5.62341e+07 2.00924e-17 6.35755e-18 6.35755e-18 0.00000e+00 0.00000e+00 
7.07946e+07 8.15697e-18 2.72960e-18 2.72960e-18 0.00000e+00 0.00000e+00 
8.91251e+07 4.91369e-18 2.19192e-18 2.19192e-18 0.00000e+00 0.00000e+00 
