#Source: 
#Ref: Amenomori et al., The Astrophysical Journal (2008) 678 ()
#Experiment: TIBET
#Quantity: all particle
#Units: total Energy
#Url: https://iopscience.iop.org/article/10.1086/529514
#Comments: using the column of QGSJET+HD from Table 4
1.12000e+05 7.45400e-10 2.00000e-13 2.00000e-13 0.00000e+00 0.00000e+00 
1.41000e+05 4.01300e-10 1.00000e-13 1.00000e-13 0.00000e+00 0.00000e+00 
1.78000e+05 2.15500e-10 1.00000e-13 1.00000e-13 0.00000e+00 0.00000e+00 
2.24000e+05 1.17700e-10 1.00000e-13 1.00000e-13 0.00000e+00 0.00000e+00 
2.82000e+05 6.43700e-11 4.00000e-14 4.00000e-14 0.00000e+00 0.00000e+00 
3.55000e+05 3.52200e-11 2.00000e-14 2.00000e-14 0.00000e+00 0.00000e+00 
4.47000e+05 1.91900e-11 2.00000e-14 2.00000e-14 0.00000e+00 0.00000e+00 
5.62000e+05 1.04500e-11 1.00000e-14 1.00000e-14 0.00000e+00 0.00000e+00 
7.08000e+05 5.67800e-12 7.00000e-15 7.00000e-15 0.00000e+00 0.00000e+00 
8.91000e+05 3.07100e-12 5.00000e-15 5.00000e-15 0.00000e+00 0.00000e+00 
1.12000e+06 1.67100e-12 3.00000e-15 3.00000e-15 0.00000e+00 0.00000e+00 
1.41000e+06 9.16800e-13 2.00000e-15 2.00000e-15 0.00000e+00 0.00000e+00 
1.78000e+06 4.99300e-13 1.30000e-15 1.30000e-15 0.00000e+00 0.00000e+00 
2.24000e+06 2.70500e-13 9.00000e-16 9.00000e-16 0.00000e+00 0.00000e+00 
2.82000e+06 1.47000e-13 6.00000e-16 6.00000e-16 0.00000e+00 0.00000e+00 
3.55000e+06 7.68300e-14 3.60000e-16 3.60000e-16 0.00000e+00 0.00000e+00 
4.47000e+06 3.90200e-14 2.30000e-16 2.30000e-16 0.00000e+00 0.00000e+00 
5.62000e+06 1.96500e-14 1.40000e-16 1.40000e-16 0.00000e+00 0.00000e+00 
7.08000e+06 9.51000e-15 9.00000e-17 9.00000e-17 0.00000e+00 0.00000e+00 
8.91000e+06 4.52900e-15 5.50000e-17 5.50000e-17 0.00000e+00 0.00000e+00 
1.12000e+07 2.20200e-15 3.40000e-17 3.40000e-17 0.00000e+00 0.00000e+00 
1.41000e+07 1.10300e-15 2.20000e-17 2.20000e-17 0.00000e+00 0.00000e+00 
1.78000e+07 5.81800e-16 1.40000e-17 1.40000e-17 0.00000e+00 0.00000e+00 
2.24000e+07 2.74300e-16 8.60000e-18 8.60000e-18 0.00000e+00 0.00000e+00 
2.82000e+07 1.45400e-16 5.60000e-18 5.60000e-18 0.00000e+00 0.00000e+00 
3.55000e+07 7.04800e-17 3.45000e-18 3.45000e-18 0.00000e+00 0.00000e+00 
4.47000e+07 3.12000e-17 2.04000e-18 2.04000e-18 0.00000e+00 0.00000e+00 
5.62000e+07 2.01300e-17 1.46000e-18 1.46000e-18 0.00000e+00 0.00000e+00 
7.08000e+07 8.34300e-18 8.40000e-19 8.40000e-19 0.00000e+00 0.00000e+00 
8.91000e+07 4.65400e-18 5.59000e-19 5.59000e-19 0.00000e+00 0.00000e+00 
1.12000e+08 2.58500e-18 3.71000e-19 3.71000e-19 0.00000e+00 0.00000e+00 
1.41000e+08 1.28600e-18 2.33000e-19 2.33000e-19 0.00000e+00 0.00000e+00 
1.78000e+08 5.64700e-19 1.37900e-19 1.37900e-19 0.00000e+00 0.00000e+00 
