#Source: KCDC
#Ref: 10.22323/1.236.0359 (2015ICRC...34..359B)
#Experiment: KASCADE-Grande
#Quantity: all particle
#Units: total Energy
#Url: https://kcdc.ikp.kit.edu/spectra/
#Comments: 
1.77828e+07 5.71814e-16 3.40448e-18 3.40448e-18 0.00000e+00 0.00000e+00 
2.23872e+07 2.89680e-16 1.87057e-18 1.87057e-18 0.00000e+00 0.00000e+00 
2.81838e+07 1.48799e-16 1.06878e-18 1.06878e-18 0.00000e+00 0.00000e+00 
3.54813e+07 7.44570e-17 6.73727e-19 6.73727e-19 0.00000e+00 0.00000e+00 
4.46684e+07 3.76343e-17 4.26921e-19 4.26921e-19 0.00000e+00 0.00000e+00 
5.62341e+07 1.88170e-17 2.69061e-19 2.69061e-19 0.00000e+00 0.00000e+00 
7.07946e+07 9.56150e-18 1.70917e-19 1.70917e-19 0.00000e+00 0.00000e+00 
8.91251e+07 4.71394e-18 1.06957e-19 1.06957e-19 0.00000e+00 0.00000e+00 
1.12202e+08 2.23631e-18 6.56686e-20 6.56686e-20 0.00000e+00 0.00000e+00 
1.41254e+08 1.04144e-18 3.99382e-20 3.99382e-20 0.00000e+00 0.00000e+00 
1.77828e+08 5.51036e-19 2.58915e-20 2.58915e-20 0.00000e+00 0.00000e+00 
2.23872e+08 2.58916e-19 1.58179e-20 1.58179e-20 0.00000e+00 0.00000e+00 
2.81838e+08 1.19708e-19 9.58435e-21 9.58435e-21 0.00000e+00 0.00000e+00 
3.54813e+08 5.85178e-20 5.97541e-21 5.97541e-21 0.00000e+00 0.00000e+00 
5.01187e+08 2.41812e-20 2.25432e-21 2.25432e-21 0.00000e+00 0.00000e+00 
7.94328e+08 4.24423e-21 7.50247e-22 7.50247e-22 0.00000e+00 0.00000e+00 
