#Source: KCDC
#Ref: pos.sissa.it/236/359/ ()
#Experiment: KASCADE-Grande
#Quantity: all particle
#Units: total Energy
#Url: https://kcdc.ikp.kit.edu/spectra/
#Comments: 
1.77828e+07 7.14901e-16 3.80720e-18 3.80720e-18 0.00000e+00 0.00000e+00 
2.23872e+07 3.58645e-16 2.08183e-18 2.08183e-18 0.00000e+00 0.00000e+00 
2.81838e+07 1.86950e-16 1.19800e-18 1.19800e-18 0.00000e+00 0.00000e+00 
3.54813e+07 9.15583e-17 7.47048e-19 7.47048e-19 0.00000e+00 0.00000e+00 
4.46684e+07 4.67739e-17 4.75947e-19 4.75947e-19 0.00000e+00 0.00000e+00 
5.62341e+07 2.30045e-17 2.97474e-19 2.97474e-19 0.00000e+00 0.00000e+00 
7.07946e+07 1.17399e-17 1.89407e-19 1.89407e-19 0.00000e+00 0.00000e+00 
8.91251e+07 5.83745e-18 1.19034e-19 1.19034e-19 0.00000e+00 0.00000e+00 
1.12202e+08 2.84798e-18 7.41009e-20 7.41009e-20 0.00000e+00 0.00000e+00 
1.41254e+08 1.27876e-18 4.42536e-20 4.42536e-20 0.00000e+00 0.00000e+00 
1.77828e+08 6.27665e-19 2.76449e-20 2.76449e-20 0.00000e+00 0.00000e+00 
2.23872e+08 3.39219e-19 1.81041e-20 1.81041e-20 0.00000e+00 0.00000e+00 
2.81838e+08 1.41195e-19 1.04131e-20 1.04131e-20 0.00000e+00 0.00000e+00 
3.54813e+08 7.19522e-20 6.62241e-21 6.62241e-21 0.00000e+00 0.00000e+00 
5.01187e+08 2.83817e-20 2.44245e-21 2.44245e-21 0.00000e+00 0.00000e+00 
7.94328e+08 6.23491e-21 9.09277e-22 9.09277e-22 0.00000e+00 0.00000e+00 
