#Source: 
#Ref: unpublished (unpublished)
#Experiment: ARGO
#Quantity: all particle
#Units: total Energy
#Url: 
#Comments: 
7.94328e+04 2.10000e-09 4.12311e-10 4.12311e-10 1.00000e-10 1.00000e-10 
1.25893e+05 6.10000e-10 1.23693e-10 1.23693e-10 3.00000e-11 3.00000e-11 
1.99526e+05 1.90000e-10 3.16228e-11 3.16228e-11 1.00000e-11 1.00000e-11 
3.16228e+05 5.90000e-11 9.48683e-12 9.48683e-12 3.00000e-12 3.00000e-12 
5.01187e+05 1.80000e-11 3.16228e-12 3.16228e-12 1.00000e-12 1.00000e-12 
7.94328e+05 5.20000e-12 1.26491e-12 1.26491e-12 4.00000e-13 4.00000e-13 
1.25893e+06 1.40000e-12 2.23607e-13 2.23607e-13 1.00000e-13 1.00000e-13 
1.99526e+06 4.30000e-13 7.28011e-14 7.28011e-14 2.00000e-14 2.00000e-14 
3.16228e+06 1.20000e-13 2.23607e-14 2.23607e-14 1.00000e-14 1.00000e-14 
5.01187e+06 2.80000e-14 4.47214e-15 4.47214e-15 2.00000e-15 2.00000e-15 
7.94328e+06 6.80000e-15 1.30384e-15 1.30384e-15 7.00000e-16 7.00000e-16 
1.25893e+07 1.80000e-15 4.47214e-16 4.47214e-16 2.00000e-16 2.00000e-16 
1.99526e+07 4.40000e-16 1.42127e-16 1.42127e-16 9.00000e-17 9.00000e-17 
