#Source: SSDC
#Ref: 10.1016/j.physrep.2020.09.003 (2021PhR...894....1A)
#Experiment: AMS-02
#Y Quantity: e+
#X Quantity: kineticEnergy
#Url: https://tools.ssdc.asi.it/CosmicRays/
#Comments: 
#Colums: x, y, y total errors, y statistical errors
5.685e-01 2.669e+00 1.782e-01 1.782e-01 1.090e-01 1.090e-01 
7.284e-01 2.576e+00 1.089e-01 1.089e-01 2.900e-02 2.900e-02 
9.084e-01 2.272e+00 7.278e-02 7.278e-02 1.600e-02 1.600e-02 
1.108e+00 1.929e+00 5.022e-02 5.022e-02 1.100e-02 1.100e-02 
1.333e+00 1.528e+00 3.276e-02 3.276e-02 7.000e-03 7.000e-03 
1.583e+00 1.196e+00 2.159e-02 2.159e-02 5.000e-03 5.000e-03 
1.853e+00 9.239e-01 1.426e-02 1.426e-02 3.200e-03 3.200e-03 
2.148e+00 7.003e-01 9.751e-03 9.751e-03 2.200e-03 2.200e-03 
2.472e+00 5.341e-01 6.986e-03 6.986e-03 1.600e-03 1.600e-03 
2.818e+00 3.983e-01 5.070e-03 5.070e-03 1.300e-03 1.300e-03 
3.173e+00 3.024e-01 3.736e-03 3.736e-03 1.000e-03 1.000e-03 
3.539e+00 2.338e-01 2.912e-03 2.912e-03 8.000e-04 8.000e-04 
3.919e+00 1.809e-01 2.184e-03 2.184e-03 6.000e-04 6.000e-04 
4.323e+00 1.389e-01 1.676e-03 1.676e-03 5.000e-04 5.000e-04 
4.763e+00 1.069e-01 1.360e-03 1.360e-03 4.000e-04 4.000e-04 
5.237e+00 8.208e-02 1.037e-03 1.037e-03 3.100e-04 3.100e-04 
5.737e+00 6.278e-02 8.001e-04 8.001e-04 2.500e-04 2.500e-04 
6.262e+00 4.923e-02 6.325e-04 6.325e-04 2.000e-04 2.000e-04 
6.812e+00 3.890e-02 5.092e-04 5.092e-04 1.700e-04 1.700e-04 
7.387e+00 3.018e-02 3.956e-04 3.956e-04 1.400e-04 1.400e-04 
7.987e+00 2.406e-02 3.231e-04 3.231e-04 1.200e-04 1.200e-04 
8.617e+00 1.900e-02 2.600e-04 2.600e-04 1.000e-04 1.000e-04 
9.277e+00 1.530e-02 2.062e-04 2.062e-04 8.000e-05 8.000e-05 
9.962e+00 1.242e-02 1.746e-04 1.746e-04 7.000e-05 7.000e-05 
1.067e+01 1.007e-02 1.432e-04 1.432e-04 6.000e-05 6.000e-05 
1.141e+01 8.302e-03 1.212e-04 1.212e-04 5.500e-05 5.500e-05 
1.219e+01 6.918e-03 1.020e-04 1.020e-04 4.800e-05 4.800e-05 
1.299e+01 5.668e-03 8.596e-05 8.596e-05 4.200e-05 4.200e-05 
1.382e+01 4.643e-03 7.134e-05 7.134e-05 3.700e-05 3.700e-05 
1.469e+01 3.864e-03 6.021e-05 6.021e-05 3.200e-05 3.200e-05 
1.559e+01 3.262e-03 5.215e-05 5.215e-05 2.800e-05 2.800e-05 
1.652e+01 2.718e-03 4.465e-05 4.465e-05 2.500e-05 2.500e-05 
1.748e+01 2.293e-03 3.801e-05 3.801e-05 2.200e-05 2.200e-05 
1.848e+01 1.933e-03 3.220e-05 3.220e-05 1.900e-05 1.900e-05 
1.951e+01 1.666e-03 2.860e-05 2.860e-05 1.700e-05 1.700e-05 
2.058e+01 1.454e-03 2.500e-05 2.500e-05 1.500e-05 1.500e-05 
2.168e+01 1.214e-03 2.202e-05 2.202e-05 1.400e-05 1.400e-05 
2.283e+01 1.018e-03 1.844e-05 1.844e-05 1.200e-05 1.200e-05 
2.401e+01 9.031e-04 1.687e-05 1.687e-05 1.110e-05 1.110e-05 
2.525e+01 7.647e-04 1.458e-05 1.458e-05 9.800e-06 9.800e-06 
2.656e+01 6.757e-04 1.309e-05 1.309e-05 8.900e-06 8.900e-06 
2.795e+01 5.747e-04 1.146e-05 1.146e-05 8.000e-06 8.000e-06 
2.943e+01 5.063e-04 1.018e-05 1.018e-05 7.200e-06 7.200e-06 
3.100e+01 4.273e-04 8.914e-06 8.914e-06 6.500e-06 6.500e-06 
3.266e+01 3.681e-04 7.931e-06 7.931e-06 5.900e-06 5.900e-06 
3.443e+01 3.126e-04 6.877e-06 6.877e-06 5.200e-06 5.200e-06 
3.632e+01 2.754e-04 6.248e-06 6.248e-06 4.800e-06 4.800e-06 
3.833e+01 2.328e-04 5.482e-06 5.482e-06 4.300e-06 4.300e-06 
4.048e+01 2.004e-04 4.841e-06 4.841e-06 3.800e-06 3.800e-06 
4.278e+01 1.723e-04 4.280e-06 4.280e-06 3.400e-06 3.400e-06 
4.526e+01 1.446e-04 3.720e-06 3.720e-06 3.000e-06 3.000e-06 
4.792e+01 1.323e-04 3.441e-06 3.441e-06 2.800e-06 2.800e-06 
5.080e+01 1.029e-04 2.884e-06 2.884e-06 2.400e-06 2.400e-06 
5.392e+01 8.860e-05 2.541e-06 2.541e-06 2.140e-06 2.140e-06 
5.732e+01 7.558e-05 2.228e-06 2.228e-06 1.890e-06 1.890e-06 
6.103e+01 6.115e-05 1.905e-06 1.905e-06 1.640e-06 1.640e-06 
6.511e+01 5.502e-05 1.730e-06 1.730e-06 1.490e-06 1.490e-06 
6.962e+01 4.367e-05 1.446e-06 1.446e-06 1.260e-06 1.260e-06 
7.465e+01 3.826e-05 1.271e-06 1.271e-06 1.110e-06 1.110e-06 
8.029e+01 3.013e-05 1.065e-06 1.065e-06 9.400e-07 9.400e-07 
8.669e+01 2.511e-05 9.124e-07 9.124e-07 8.100e-07 8.100e-07 
9.402e+01 2.037e-05 7.648e-07 7.648e-07 6.800e-07 6.800e-07 
1.026e+02 1.461e-05 6.408e-07 6.408e-07 5.900e-07 5.900e-07 
1.127e+02 1.173e-05 5.200e-07 5.200e-07 4.800e-07 4.800e-07 
1.250e+02 8.677e-06 4.052e-07 4.052e-07 3.760e-07 3.760e-07 
1.401e+02 6.998e-06 3.278e-07 3.278e-07 3.030e-07 3.030e-07 
1.589e+02 4.595e-06 2.364e-07 2.364e-07 2.210e-07 2.210e-07 
1.831e+02 3.201e-06 1.737e-07 1.737e-07 1.630e-07 1.630e-07 
2.163e+02 1.871e-06 1.177e-07 1.177e-07 1.110e-07 1.110e-07 
2.618e+02 1.158e-06 8.127e-08 8.127e-08 7.700e-08 7.700e-08 
3.268e+02 5.773e-07 5.182e-08 5.182e-08 4.960e-08 4.960e-08 
4.285e+02 2.491e-07 3.001e-08 3.001e-08 2.860e-08 2.860e-08 
5.888e+02 8.312e-08 1.844e-08 1.844e-08 1.675e-08 1.675e-08 
8.323e+02 1.927e-08 1.174e-08 1.174e-08 1.087e-08 1.087e-08 
