#Source: SSDC
#Ref: 10.1103/PhysRevLett.127.021101 (2021PhRvL.127b1101A)
#Experiment: AMS-02
#Y Quantity: Al
#X Quantity: rigidity
#Url: https://tools.ssdc.asi.it/CosmicRays/
#Comments: 
#Colums: x, y, y total errors, y statistical errors
2.271e+00 4.790e-02 4.285e-03 4.285e-03 5.500e-04 5.500e-04 
2.531e+00 4.860e-02 2.624e-03 2.624e-03 4.800e-04 4.800e-04 
2.815e+00 4.790e-02 2.142e-03 2.142e-03 4.200e-04 4.200e-04 
3.125e+00 4.490e-02 1.906e-03 1.906e-03 3.700e-04 3.700e-04 
3.460e+00 4.020e-02 1.659e-03 1.659e-03 3.100e-04 3.100e-04 
3.824e+00 3.550e-02 1.424e-03 1.424e-03 2.600e-04 2.600e-04 
4.219e+00 3.070e-02 1.210e-03 1.210e-03 2.200e-04 2.200e-04 
4.648e+00 2.520e-02 9.866e-04 9.866e-04 1.800e-04 1.800e-04 
5.118e+00 2.070e-02 8.023e-04 8.023e-04 1.400e-04 1.400e-04 
5.627e+00 1.710e-02 6.610e-04 6.610e-04 1.200e-04 1.200e-04 
6.177e+00 1.410e-02 5.394e-04 5.394e-04 1.000e-04 1.000e-04 
6.771e+00 1.130e-02 4.276e-04 4.276e-04 8.000e-05 8.000e-05 
7.416e+00 9.240e-03 3.529e-04 3.529e-04 6.400e-05 6.400e-05 
8.110e+00 7.560e-03 2.889e-04 2.889e-04 5.300e-05 5.300e-05 
8.859e+00 6.070e-03 2.322e-04 2.322e-04 4.400e-05 4.400e-05 
9.669e+00 5.040e-03 1.926e-04 1.926e-04 3.700e-05 3.700e-05 
1.054e+01 4.050e-03 1.553e-04 1.553e-04 3.200e-05 3.200e-05 
1.149e+01 3.320e-03 1.279e-04 1.279e-04 2.700e-05 2.700e-05 
1.249e+01 2.720e-03 1.048e-04 1.048e-04 2.400e-05 2.400e-05 
1.354e+01 2.190e-03 8.440e-05 8.440e-05 2.000e-05 2.000e-05 
1.468e+01 1.820e-03 7.106e-05 7.106e-05 1.700e-05 1.700e-05 
1.593e+01 1.470e-03 5.701e-05 5.701e-05 1.500e-05 1.500e-05 
1.728e+01 1.180e-03 4.657e-05 4.657e-05 1.200e-05 1.200e-05 
1.873e+01 9.530e-04 3.750e-05 3.750e-05 1.050e-05 1.050e-05 
2.028e+01 7.900e-04 3.120e-05 3.120e-05 8.900e-06 8.900e-06 
2.193e+01 6.600e-04 2.610e-05 2.610e-05 7.500e-06 7.500e-06 
2.373e+01 5.250e-04 2.091e-05 2.091e-05 6.100e-06 6.100e-06 
2.568e+01 4.220e-04 1.689e-05 1.689e-05 5.100e-06 5.100e-06 
2.773e+01 3.460e-04 1.388e-05 1.388e-05 4.300e-06 4.300e-06 
3.104e+01 2.560e-04 1.019e-05 1.019e-05 2.400e-06 2.400e-06 
3.608e+01 1.710e-04 6.841e-06 6.841e-06 1.800e-06 1.800e-06 
4.186e+01 1.130e-04 4.617e-06 4.617e-06 1.400e-06 1.400e-06 
4.849e+01 7.590e-05 3.141e-06 3.141e-06 1.050e-06 1.050e-06 
5.607e+01 5.060e-05 2.145e-06 2.145e-06 8.000e-07 8.000e-07 
6.479e+01 3.380e-05 1.463e-06 1.463e-06 6.100e-07 6.100e-07 
7.486e+01 2.310e-05 1.024e-06 1.024e-06 4.700e-07 4.700e-07 
8.647e+01 1.460e-05 6.723e-07 6.723e-07 3.400e-07 3.400e-07 
1.002e+02 9.430e-06 4.549e-07 4.549e-07 2.530e-07 2.530e-07 
1.161e+02 6.650e-06 3.338e-07 3.338e-07 1.990e-07 1.990e-07 
1.355e+02 4.200e-06 2.196e-07 2.196e-07 1.390e-07 1.390e-07 
1.602e+02 2.610e-06 1.444e-07 1.444e-07 9.700e-08 9.700e-08 
1.920e+02 1.570e-06 9.263e-08 9.263e-08 6.600e-08 6.600e-08 
2.335e+02 8.800e-07 5.692e-08 5.692e-08 4.300e-08 4.300e-08 
2.919e+02 4.700e-07 3.302e-08 3.302e-08 2.580e-08 2.580e-08 
3.806e+02 2.180e-07 1.734e-08 1.734e-08 1.410e-08 1.410e-08 
5.370e+02 9.120e-08 8.104e-09 8.104e-09 6.500e-09 6.500e-09 
8.808e+02 2.290e-08 2.680e-09 2.680e-09 2.080e-09 2.080e-09 
1.853e+03 4.130e-09 1.281e-09 1.281e-09 1.220e-09 1.220e-09 
