#Source: SSDC
#Ref: 10.1103/PhysRevLett.120.021101 (2018PhRvL.120b1101A)
#Experiment: AMS-02
#Y Quantity: Be_B
#X Quantity: rigidity
#Url: https://tools.ssdc.asi.it/CosmicRays/
#Comments: 
#Colums: x, y, y total errors, y statistical errors
2.272e+00 3.157e-01 1.571e-02 1.571e-02 2.737e-03 2.737e-03 
2.531e+00 3.002e-01 1.349e-02 1.349e-02 2.384e-03 2.384e-03 
2.816e+00 3.062e-01 1.252e-02 1.252e-02 2.230e-03 2.230e-03 
3.126e+00 3.161e-01 1.188e-02 1.188e-02 2.175e-03 2.175e-03 
3.461e+00 3.150e-01 1.099e-02 1.099e-02 2.037e-03 2.037e-03 
3.825e+00 3.177e-01 1.040e-02 1.040e-02 2.002e-03 2.002e-03 
4.220e+00 3.178e-01 9.855e-03 9.855e-03 1.966e-03 1.966e-03 
4.650e+00 3.248e-01 9.615e-03 9.615e-03 1.919e-03 1.919e-03 
5.119e+00 3.272e-01 9.318e-03 9.318e-03 1.851e-03 1.851e-03 
5.629e+00 3.290e-01 9.094e-03 9.094e-03 1.871e-03 1.871e-03 
6.178e+00 3.330e-01 8.993e-03 8.993e-03 1.911e-03 1.911e-03 
6.773e+00 3.348e-01 8.876e-03 8.876e-03 1.923e-03 1.923e-03 
7.417e+00 3.368e-01 8.807e-03 8.807e-03 1.952e-03 1.952e-03 
8.112e+00 3.334e-01 8.630e-03 8.630e-03 1.971e-03 1.971e-03 
8.861e+00 3.375e-01 8.674e-03 8.674e-03 2.036e-03 2.036e-03 
9.671e+00 3.405e-01 8.716e-03 8.716e-03 2.146e-03 2.146e-03 
1.054e+01 3.377e-01 8.633e-03 8.633e-03 2.254e-03 2.254e-03 
1.149e+01 3.360e-01 8.588e-03 8.588e-03 2.359e-03 2.359e-03 
1.249e+01 3.424e-01 8.792e-03 8.792e-03 2.619e-03 2.619e-03 
1.354e+01 3.423e-01 8.815e-03 8.815e-03 2.749e-03 2.749e-03 
1.469e+01 3.412e-01 8.826e-03 8.826e-03 2.885e-03 2.885e-03 
1.594e+01 3.406e-01 8.858e-03 8.858e-03 3.027e-03 3.027e-03 
1.729e+01 3.525e-01 9.226e-03 9.226e-03 3.283e-03 3.283e-03 
1.873e+01 3.419e-01 9.023e-03 9.023e-03 3.359e-03 3.359e-03 
2.028e+01 3.490e-01 9.276e-03 9.276e-03 3.565e-03 3.565e-03 
2.193e+01 3.539e-01 9.473e-03 9.473e-03 3.732e-03 3.732e-03 
2.373e+01 3.501e-01 9.420e-03 9.420e-03 3.759e-03 3.759e-03 
2.568e+01 3.438e-01 9.359e-03 9.359e-03 3.892e-03 3.892e-03 
2.773e+01 3.424e-01 9.426e-03 9.426e-03 4.055e-03 4.055e-03 
2.993e+01 3.565e-01 9.925e-03 9.925e-03 4.401e-03 4.401e-03 
3.228e+01 3.641e-01 1.031e-02 1.031e-02 4.805e-03 4.805e-03 
3.478e+01 3.548e-01 1.023e-02 1.023e-02 4.981e-03 4.981e-03 
3.747e+01 3.609e-01 1.062e-02 1.062e-02 5.418e-03 5.418e-03 
4.037e+01 3.692e-01 1.114e-02 1.114e-02 6.000e-03 6.000e-03 
4.347e+01 3.560e-01 1.108e-02 1.108e-02 6.308e-03 6.308e-03 
4.677e+01 3.575e-01 1.143e-02 1.143e-02 6.784e-03 6.784e-03 
5.032e+01 3.642e-01 1.202e-02 1.202e-02 7.465e-03 7.465e-03 
5.411e+01 3.600e-01 1.233e-02 1.233e-02 8.015e-03 8.015e-03 
5.816e+01 3.632e-01 1.288e-02 1.288e-02 8.692e-03 8.692e-03 
6.251e+01 3.729e-01 1.372e-02 1.372e-02 9.584e-03 9.584e-03 
6.721e+01 3.564e-01 1.375e-02 1.375e-02 9.993e-03 9.993e-03 
7.225e+01 3.741e-01 1.498e-02 1.498e-02 1.118e-02 1.118e-02 
7.765e+01 3.469e-01 1.469e-02 1.469e-02 1.136e-02 1.136e-02 
8.345e+01 3.654e-01 1.608e-02 1.608e-02 1.268e-02 1.268e-02 
8.969e+01 3.754e-01 1.709e-02 1.709e-02 1.369e-02 1.369e-02 
9.644e+01 3.761e-01 1.824e-02 1.824e-02 1.503e-02 1.503e-02 
1.039e+02 3.703e-01 1.879e-02 1.879e-02 1.574e-02 1.574e-02 
1.119e+02 3.812e-01 2.100e-02 2.100e-02 1.809e-02 1.809e-02 
1.204e+02 3.501e-01 2.008e-02 2.008e-02 1.747e-02 1.747e-02 
1.299e+02 3.349e-01 2.097e-02 2.097e-02 1.865e-02 1.865e-02 
1.409e+02 3.787e-01 2.345e-02 2.345e-02 2.072e-02 2.072e-02 
1.534e+02 3.582e-01 2.480e-02 2.480e-02 2.244e-02 2.244e-02 
1.673e+02 3.788e-01 2.661e-02 2.661e-02 2.405e-02 2.405e-02 
1.833e+02 3.072e-01 2.399e-02 2.399e-02 2.205e-02 2.205e-02 
2.013e+02 3.142e-01 2.672e-02 2.672e-02 2.481e-02 2.481e-02 
2.217e+02 3.792e-01 3.238e-02 3.238e-02 2.994e-02 2.994e-02 
2.457e+02 3.553e-01 3.272e-02 3.272e-02 3.044e-02 3.044e-02 
2.745e+02 4.023e-01 3.948e-02 3.948e-02 3.684e-02 3.684e-02 
3.099e+02 3.360e-01 3.615e-02 3.615e-02 3.390e-02 3.390e-02 
3.537e+02 3.469e-01 4.144e-02 4.144e-02 3.905e-02 3.905e-02 
4.088e+02 3.980e-01 4.919e-02 4.919e-02 4.601e-02 4.601e-02 
4.812e+02 3.184e-01 4.554e-02 4.554e-02 4.276e-02 4.276e-02 
5.886e+02 3.347e-01 4.909e-02 4.909e-02 4.500e-02 4.500e-02 
7.621e+02 3.574e-01 6.203e-02 6.203e-02 5.573e-02 5.573e-02 
1.070e+03 2.829e-01 6.132e-02 6.132e-02 5.274e-02 5.274e-02 
2.071e+03 2.654e-01 1.560e-01 1.560e-01 1.530e-01 1.530e-01 
