#Source: CRDB
#Ref: 10.1103/PhysRevLett.124.211102 (2021PhRvL.126d1104A)
#Experiment: AMS-02
#Y Quantity: Fe_He
#X Quantity: rigidity
#Url: https://lpsc.in2p3.fr/crdb
#Comments: 
#Colums: x, y, y statistical errors, y systematic errors
2.805e+00 1.757e-03 1.600e-05 1.600e-05 8.800e-05 8.800e-05 
3.126e+00 1.804e-03 1.400e-05 1.400e-05 7.200e-05 7.200e-05 
3.461e+00 1.859e-03 1.300e-05 1.300e-05 6.400e-05 6.400e-05 
3.825e+00 1.924e-03 1.300e-05 1.300e-05 6.100e-05 6.100e-05 
4.220e+00 2.042e-03 1.300e-05 1.300e-05 6.100e-05 6.100e-05 
4.650e+00 2.106e-03 1.300e-05 1.300e-05 6.000e-05 6.000e-05 
5.119e+00 2.190e-03 1.300e-05 1.300e-05 6.100e-05 6.100e-05 
5.629e+00 2.309e-03 1.300e-05 1.300e-05 6.400e-05 6.400e-05 
6.178e+00 2.408e-03 1.400e-05 1.400e-05 6.600e-05 6.600e-05 
6.773e+00 2.529e-03 1.400e-05 1.400e-05 6.900e-05 6.900e-05 
7.417e+00 2.586e-03 1.500e-05 1.500e-05 7.000e-05 7.000e-05 
8.112e+00 2.677e-03 1.500e-05 1.500e-05 7.200e-05 7.200e-05 
8.861e+00 2.781e-03 1.600e-05 1.600e-05 7.500e-05 7.500e-05 
9.671e+00 2.873e-03 1.700e-05 1.700e-05 7.700e-05 7.700e-05 
1.054e+01 2.969e-03 1.900e-05 1.900e-05 8.000e-05 8.000e-05 
1.149e+01 3.084e-03 2.000e-05 2.000e-05 8.300e-05 8.300e-05 
1.249e+01 3.122e-03 2.200e-05 2.200e-05 8.500e-05 8.500e-05 
1.354e+01 3.275e-03 2.400e-05 2.400e-05 8.900e-05 8.900e-05 
1.469e+01 3.310e-03 2.600e-05 2.600e-05 9.000e-05 9.000e-05 
1.594e+01 3.413e-03 2.800e-05 2.800e-05 9.300e-05 9.300e-05 
1.729e+01 3.560e-03 3.000e-05 3.000e-05 9.800e-05 9.800e-05 
1.873e+01 3.610e-03 3.200e-05 3.200e-05 1.000e-04 1.000e-04 
2.028e+01 3.762e-03 3.400e-05 3.400e-05 1.040e-04 1.040e-04 
2.193e+01 3.859e-03 3.600e-05 3.600e-05 1.070e-04 1.070e-04 
2.373e+01 3.924e-03 3.700e-05 3.700e-05 1.100e-04 1.100e-04 
2.568e+01 4.069e-03 3.900e-05 3.900e-05 1.140e-04 1.140e-04 
2.773e+01 4.239e-03 4.200e-05 4.200e-05 1.190e-04 1.190e-04 
3.106e+01 4.380e-03 4.100e-05 4.100e-05 1.170e-04 1.170e-04 
3.610e+01 4.425e-03 4.600e-05 4.600e-05 1.180e-04 1.180e-04 
4.189e+01 4.635e-03 5.400e-05 5.400e-05 1.240e-04 1.240e-04 
4.852e+01 4.677e-03 6.100e-05 6.100e-05 1.250e-04 1.250e-04 
5.610e+01 5.019e-03 7.200e-05 7.200e-05 1.350e-04 1.350e-04 
6.483e+01 5.142e-03 8.300e-05 8.300e-05 1.390e-04 1.390e-04 
7.491e+01 5.231e-03 9.400e-05 9.400e-05 1.410e-04 1.410e-04 
8.652e+01 5.321e-03 1.070e-04 1.070e-04 1.440e-04 1.440e-04 
1.002e+02 5.328e-03 1.190e-04 1.190e-04 1.450e-04 1.450e-04 
1.162e+02 5.284e-03 1.370e-04 1.370e-04 1.440e-04 1.440e-04 
1.356e+02 5.338e-03 1.490e-04 1.490e-04 1.470e-04 1.470e-04 
1.604e+02 5.343e-03 1.660e-04 1.660e-04 1.480e-04 1.480e-04 
1.922e+02 5.707e-03 1.930e-04 1.930e-04 1.610e-04 1.610e-04 
2.338e+02 5.784e-03 2.200e-04 2.200e-04 1.660e-04 1.660e-04 
2.924e+02 6.033e-03 2.500e-04 2.500e-04 1.780e-04 1.780e-04 
3.815e+02 5.703e-03 2.770e-04 2.770e-04 1.730e-04 1.730e-04 
5.395e+02 5.926e-03 3.170e-04 3.170e-04 1.890e-04 1.890e-04 
8.899e+02 5.660e-03 3.790e-04 3.790e-04 2.070e-04 2.070e-04 
1.897e+03 4.662e-03 1.358e-03 1.358e-03 2.450e-04 2.450e-04 
