#Source: SSDC
#Ref: 10.1016/j.physrep.2020.09.003 (2021PhR...894....1A)
#Experiment: AMS-02
#Y Quantity: Li_O
#X Quantity: rigidity
#Url: https://tools.ssdc.asi.it/CosmicRays/
#Comments: 
#Colums: x, y, y total errors, y statistical errors
2.272e+00 1.835e-01 5.474e-03 5.474e-03 9.000e-04 9.000e-04 
2.531e+00 1.971e-01 5.558e-03 5.558e-03 8.000e-04 8.000e-04 
2.816e+00 2.087e-01 5.558e-03 5.558e-03 8.000e-04 8.000e-04 
3.126e+00 2.178e-01 5.459e-03 5.459e-03 8.000e-04 8.000e-04 
3.461e+00 2.247e-01 5.459e-03 5.459e-03 8.000e-04 8.000e-04 
3.825e+00 2.272e-01 5.360e-03 5.360e-03 8.000e-04 8.000e-04 
4.220e+00 2.310e-01 5.360e-03 5.360e-03 8.000e-04 8.000e-04 
4.650e+00 2.326e-01 5.346e-03 5.346e-03 7.000e-04 7.000e-04 
5.119e+00 2.327e-01 5.247e-03 5.247e-03 7.000e-04 7.000e-04 
5.629e+00 2.327e-01 5.247e-03 5.247e-03 7.000e-04 7.000e-04 
6.178e+00 2.301e-01 5.148e-03 5.148e-03 7.000e-04 7.000e-04 
6.773e+00 2.279e-01 5.148e-03 5.148e-03 7.000e-04 7.000e-04 
7.417e+00 2.262e-01 5.049e-03 5.049e-03 7.000e-04 7.000e-04 
8.112e+00 2.216e-01 5.049e-03 5.049e-03 7.000e-04 7.000e-04 
8.861e+00 2.181e-01 4.950e-03 4.950e-03 7.000e-04 7.000e-04 
9.671e+00 2.143e-01 4.851e-03 4.851e-03 7.000e-04 7.000e-04 
1.054e+01 2.091e-01 4.752e-03 4.752e-03 7.000e-04 7.000e-04 
1.149e+01 2.033e-01 4.653e-03 4.653e-03 7.000e-04 7.000e-04 
1.249e+01 1.989e-01 4.571e-03 4.571e-03 8.000e-04 8.000e-04 
1.354e+01 1.945e-01 4.472e-03 4.472e-03 8.000e-04 8.000e-04 
1.469e+01 1.903e-01 4.374e-03 4.374e-03 8.000e-04 8.000e-04 
1.594e+01 1.845e-01 4.276e-03 4.276e-03 8.000e-04 8.000e-04 
1.729e+01 1.788e-01 4.177e-03 4.177e-03 8.000e-04 8.000e-04 
1.873e+01 1.734e-01 4.100e-03 4.100e-03 9.000e-04 9.000e-04 
2.028e+01 1.676e-01 3.905e-03 3.905e-03 9.000e-04 9.000e-04 
2.193e+01 1.624e-01 3.808e-03 3.808e-03 9.000e-04 9.000e-04 
2.373e+01 1.595e-01 3.808e-03 3.808e-03 9.000e-04 9.000e-04 
2.568e+01 1.545e-01 3.711e-03 3.711e-03 9.000e-04 9.000e-04 
2.773e+01 1.496e-01 3.614e-03 3.614e-03 9.000e-04 9.000e-04 
2.993e+01 1.448e-01 3.517e-03 3.517e-03 9.000e-04 9.000e-04 
3.228e+01 1.399e-01 3.421e-03 3.421e-03 9.000e-04 9.000e-04 
3.478e+01 1.352e-01 3.353e-03 3.353e-03 1.000e-03 1.000e-03 
3.747e+01 1.305e-01 3.257e-03 3.257e-03 1.000e-03 1.000e-03 
4.037e+01 1.283e-01 3.257e-03 3.257e-03 1.000e-03 1.000e-03 
4.347e+01 1.222e-01 3.102e-03 3.102e-03 1.100e-03 1.100e-03 
4.677e+01 1.221e-01 3.195e-03 3.195e-03 1.100e-03 1.100e-03 
5.032e+01 1.141e-01 3.046e-03 3.046e-03 1.200e-03 1.200e-03 
5.411e+01 1.114e-01 2.955e-03 2.955e-03 1.200e-03 1.200e-03 
5.816e+01 1.076e-01 2.997e-03 2.997e-03 1.300e-03 1.300e-03 
6.251e+01 1.047e-01 2.907e-03 2.907e-03 1.300e-03 1.300e-03 
6.721e+01 1.008e-01 2.865e-03 2.865e-03 1.400e-03 1.400e-03 
7.225e+01 1.008e-01 3.002e-03 3.002e-03 1.500e-03 1.500e-03 
7.765e+01 9.330e-02 2.830e-03 2.830e-03 1.500e-03 1.500e-03 
8.345e+01 9.120e-02 2.884e-03 2.884e-03 1.600e-03 1.600e-03 
8.969e+01 9.010e-02 2.941e-03 2.941e-03 1.700e-03 1.700e-03 
9.644e+01 8.660e-02 2.860e-03 2.860e-03 1.700e-03 1.700e-03 
1.039e+02 8.290e-02 2.780e-03 2.780e-03 1.700e-03 1.700e-03 
1.119e+02 7.700e-02 2.832e-03 2.832e-03 1.900e-03 1.900e-03 
1.204e+02 7.330e-02 2.759e-03 2.759e-03 1.900e-03 1.900e-03 
1.299e+02 7.440e-02 2.900e-03 2.900e-03 2.000e-03 2.000e-03 
1.409e+02 7.240e-02 2.900e-03 2.900e-03 2.000e-03 2.000e-03 
1.534e+02 7.340e-02 3.041e-03 3.041e-03 2.200e-03 2.200e-03 
1.673e+02 6.930e-02 2.973e-03 2.973e-03 2.200e-03 2.200e-03 
1.833e+02 6.640e-02 3.048e-03 3.048e-03 2.300e-03 2.300e-03 
2.013e+02 6.460e-02 3.124e-03 3.124e-03 2.400e-03 2.400e-03 
2.217e+02 6.110e-02 3.061e-03 3.061e-03 2.400e-03 2.400e-03 
2.457e+02 6.320e-02 3.342e-03 3.342e-03 2.600e-03 2.600e-03 
2.745e+02 5.410e-02 3.081e-03 3.081e-03 2.500e-03 2.500e-03 
3.099e+02 5.410e-02 3.302e-03 3.302e-03 2.700e-03 2.700e-03 
3.537e+02 5.610e-02 3.581e-03 3.581e-03 2.900e-03 2.900e-03 
4.088e+02 5.770e-02 3.883e-03 3.883e-03 3.200e-03 3.200e-03 
4.812e+02 4.910e-02 3.744e-03 3.744e-03 3.100e-03 3.100e-03 
5.886e+02 4.930e-02 3.941e-03 3.941e-03 3.200e-03 3.200e-03 
7.621e+02 4.640e-02 4.280e-03 4.280e-03 3.400e-03 3.400e-03 
1.070e+03 4.050e-02 4.545e-03 4.545e-03 3.500e-03 3.500e-03 
2.071e+03 4.590e-02 9.437e-03 9.437e-03 8.500e-03 8.500e-03 
