#Source: SSDC
#Ref: 10.1103/PhysRevLett.124.211102 (2020PhRvL.124u1102A)
#Experiment: AMS-02
#Y Quantity: Ne_O
#X Quantity: rigidity
#Url: https://tools.ssdc.asi.it/CosmicRays/
#Comments: 
#Colums: x, y, y total errors, y statistical errors
2.272e+00 1.535e-01 5.573e-03 5.573e-03 9.000e-04 9.000e-04 
2.531e+00 1.544e-01 4.866e-03 4.866e-03 8.000e-04 8.000e-04 
2.816e+00 1.543e-01 4.669e-03 4.669e-03 8.000e-04 8.000e-04 
3.126e+00 1.569e-01 4.554e-03 4.554e-03 7.000e-04 7.000e-04 
3.461e+00 1.603e-01 4.554e-03 4.554e-03 7.000e-04 7.000e-04 
3.825e+00 1.615e-01 4.554e-03 4.554e-03 7.000e-04 7.000e-04 
4.220e+00 1.626e-01 4.455e-03 4.455e-03 7.000e-04 7.000e-04 
4.650e+00 1.658e-01 4.554e-03 4.554e-03 7.000e-04 7.000e-04 
5.119e+00 1.665e-01 4.540e-03 4.540e-03 6.000e-04 6.000e-04 
5.629e+00 1.678e-01 4.540e-03 4.540e-03 6.000e-04 6.000e-04 
6.178e+00 1.700e-01 4.540e-03 4.540e-03 6.000e-04 6.000e-04 
6.773e+00 1.708e-01 4.639e-03 4.639e-03 6.000e-04 6.000e-04 
7.417e+00 1.704e-01 4.639e-03 4.639e-03 6.000e-04 6.000e-04 
8.112e+00 1.723e-01 4.639e-03 4.639e-03 6.000e-04 6.000e-04 
8.861e+00 1.746e-01 4.752e-03 4.752e-03 7.000e-04 7.000e-04 
9.671e+00 1.727e-01 4.653e-03 4.653e-03 7.000e-04 7.000e-04 
1.054e+01 1.738e-01 4.752e-03 4.752e-03 7.000e-04 7.000e-04 
1.149e+01 1.738e-01 4.752e-03 4.752e-03 7.000e-04 7.000e-04 
1.249e+01 1.712e-01 4.669e-03 4.669e-03 8.000e-04 8.000e-04 
1.354e+01 1.723e-01 4.669e-03 4.669e-03 8.000e-04 8.000e-04 
1.469e+01 1.722e-01 4.687e-03 4.687e-03 9.000e-04 9.000e-04 
1.594e+01 1.700e-01 4.687e-03 4.687e-03 9.000e-04 9.000e-04 
1.729e+01 1.716e-01 4.687e-03 4.687e-03 9.000e-04 9.000e-04 
1.873e+01 1.716e-01 4.707e-03 4.707e-03 1.000e-03 1.000e-03 
2.028e+01 1.694e-01 4.707e-03 4.707e-03 1.000e-03 1.000e-03 
2.193e+01 1.702e-01 4.707e-03 4.707e-03 1.000e-03 1.000e-03 
2.373e+01 1.720e-01 4.805e-03 4.805e-03 1.000e-03 1.000e-03 
2.568e+01 1.707e-01 4.805e-03 4.805e-03 1.000e-03 1.000e-03 
2.773e+01 1.716e-01 4.827e-03 4.827e-03 1.100e-03 1.100e-03 
2.993e+01 1.673e-01 4.730e-03 4.730e-03 1.100e-03 1.100e-03 
3.228e+01 1.676e-01 4.754e-03 4.754e-03 1.200e-03 1.200e-03 
3.478e+01 1.697e-01 4.851e-03 4.851e-03 1.200e-03 1.200e-03 
3.747e+01 1.663e-01 4.780e-03 4.780e-03 1.300e-03 1.300e-03 
4.037e+01 1.703e-01 5.000e-03 5.000e-03 1.400e-03 1.400e-03 
4.347e+01 1.690e-01 5.029e-03 5.029e-03 1.500e-03 1.500e-03 
4.677e+01 1.668e-01 4.965e-03 4.965e-03 1.600e-03 1.600e-03 
5.032e+01 1.672e-01 5.060e-03 5.060e-03 1.600e-03 1.600e-03 
5.411e+01 1.677e-01 5.126e-03 5.126e-03 1.800e-03 1.800e-03 
5.816e+01 1.671e-01 5.162e-03 5.162e-03 1.900e-03 1.900e-03 
6.251e+01 1.643e-01 5.108e-03 5.108e-03 2.000e-03 2.000e-03 
6.721e+01 1.660e-01 5.239e-03 5.239e-03 2.100e-03 2.100e-03 
7.225e+01 1.663e-01 5.413e-03 5.413e-03 2.300e-03 2.300e-03 
7.765e+01 1.666e-01 5.456e-03 5.456e-03 2.400e-03 2.400e-03 
8.345e+01 1.635e-01 5.412e-03 5.412e-03 2.500e-03 2.500e-03 
8.969e+01 1.637e-01 5.595e-03 5.595e-03 2.700e-03 2.700e-03 
9.644e+01 1.627e-01 5.644e-03 5.644e-03 2.800e-03 2.800e-03 
1.039e+02 1.614e-01 5.694e-03 5.694e-03 2.900e-03 2.900e-03 
1.119e+02 1.575e-01 5.769e-03 5.769e-03 3.200e-03 3.200e-03 
1.204e+02 1.613e-01 5.908e-03 5.908e-03 3.300e-03 3.300e-03 
1.299e+02 1.598e-01 6.022e-03 6.022e-03 3.500e-03 3.500e-03 
1.409e+02 1.641e-01 6.243e-03 6.243e-03 3.600e-03 3.600e-03 
1.534e+02 1.571e-01 6.201e-03 6.201e-03 3.800e-03 3.800e-03 
1.673e+02 1.532e-01 6.263e-03 6.263e-03 3.900e-03 3.900e-03 
1.833e+02 1.537e-01 6.454e-03 6.454e-03 4.200e-03 4.200e-03 
2.013e+02 1.542e-01 6.727e-03 6.727e-03 4.500e-03 4.500e-03 
2.217e+02 1.552e-01 6.935e-03 6.935e-03 4.700e-03 4.700e-03 
2.457e+02 1.588e-01 7.355e-03 7.355e-03 5.100e-03 5.100e-03 
2.745e+02 1.485e-01 7.142e-03 7.142e-03 5.100e-03 5.100e-03 
3.099e+02 1.548e-01 7.710e-03 7.710e-03 5.600e-03 5.600e-03 
3.537e+02 1.564e-01 8.066e-03 8.066e-03 5.900e-03 5.900e-03 
4.088e+02 1.534e-01 8.504e-03 8.504e-03 6.400e-03 6.400e-03 
4.812e+02 1.604e-01 9.285e-03 9.285e-03 7.000e-03 7.000e-03 
5.886e+02 1.529e-01 9.351e-03 9.351e-03 7.000e-03 7.000e-03 
7.534e+02 1.476e-01 1.022e-02 1.022e-02 7.800e-03 7.800e-03 
1.016e+03 1.542e-01 1.197e-02 1.197e-02 8.900e-03 8.900e-03 
1.897e+03 1.798e-01 2.555e-02 2.555e-02 2.320e-02 2.320e-02 
