#Source: CRDB
#Ref: 10.1103/PhysRevLett.124.211102 (2021PhRvL.126d1104A)
#Experiment: AMS-02
#Y Quantity: Fe_O
#X Quantity: rigidity
#Url: https://lpsc.in2p3.fr/crdb
#Comments: 
#Colums: x, y, y statistical errors, y systematic errors
2.805e+00 6.990e-02 7.000e-04 7.000e-04 3.500e-03 3.500e-03 
3.126e+00 7.080e-02 6.000e-04 6.000e-04 2.900e-03 2.900e-03 
3.461e+00 7.210e-02 5.000e-04 5.000e-04 2.700e-03 2.700e-03 
3.825e+00 7.370e-02 5.000e-04 5.000e-04 2.600e-03 2.600e-03 
4.220e+00 7.760e-02 5.000e-04 5.000e-04 2.600e-03 2.600e-03 
4.650e+00 7.890e-02 5.000e-04 5.000e-04 2.600e-03 2.600e-03 
5.119e+00 8.090e-02 5.000e-04 5.000e-04 2.600e-03 2.600e-03 
5.629e+00 8.420e-02 5.000e-04 5.000e-04 2.700e-03 2.700e-03 
6.178e+00 8.650e-02 5.000e-04 5.000e-04 2.700e-03 2.700e-03 
6.773e+00 8.960e-02 5.000e-04 5.000e-04 2.800e-03 2.800e-03 
7.417e+00 9.070e-02 5.000e-04 5.000e-04 2.900e-03 2.900e-03 
8.112e+00 9.280e-02 5.000e-04 5.000e-04 2.900e-03 2.900e-03 
8.861e+00 9.550e-02 6.000e-04 6.000e-04 3.000e-03 3.000e-03 
9.671e+00 9.800e-02 6.000e-04 6.000e-04 3.100e-03 3.100e-03 
1.054e+01 1.006e-01 6.000e-04 6.000e-04 3.200e-03 3.200e-03 
1.149e+01 1.034e-01 7.000e-04 7.000e-04 3.300e-03 3.300e-03 
1.249e+01 1.038e-01 8.000e-04 8.000e-04 3.300e-03 3.300e-03 
1.354e+01 1.083e-01 8.000e-04 8.000e-04 3.500e-03 3.500e-03 
1.469e+01 1.089e-01 9.000e-04 9.000e-04 3.500e-03 3.500e-03 
1.594e+01 1.108e-01 9.000e-04 9.000e-04 3.600e-03 3.600e-03 
1.729e+01 1.148e-01 1.000e-03 1.000e-03 3.700e-03 3.700e-03 
1.873e+01 1.148e-01 1.000e-03 1.000e-03 3.700e-03 3.700e-03 
2.028e+01 1.186e-01 1.100e-03 1.100e-03 3.800e-03 3.800e-03 
2.193e+01 1.205e-01 1.100e-03 1.100e-03 3.900e-03 3.900e-03 
2.373e+01 1.220e-01 1.200e-03 1.200e-03 4.000e-03 4.000e-03 
2.568e+01 1.257e-01 1.200e-03 1.200e-03 4.100e-03 4.100e-03 
2.773e+01 1.304e-01 1.300e-03 1.300e-03 4.300e-03 4.300e-03 
3.106e+01 1.325e-01 1.300e-03 1.300e-03 4.200e-03 4.200e-03 
3.610e+01 1.323e-01 1.400e-03 1.400e-03 4.200e-03 4.200e-03 
4.189e+01 1.373e-01 1.600e-03 1.600e-03 4.400e-03 4.400e-03 
4.852e+01 1.362e-01 1.800e-03 1.800e-03 4.400e-03 4.400e-03 
5.610e+01 1.452e-01 2.100e-03 2.100e-03 4.700e-03 4.700e-03 
6.483e+01 1.485e-01 2.400e-03 2.400e-03 4.900e-03 4.900e-03 
7.491e+01 1.520e-01 2.800e-03 2.800e-03 5.000e-03 5.000e-03 
8.652e+01 1.533e-01 3.100e-03 3.100e-03 5.100e-03 5.100e-03 
1.002e+02 1.542e-01 3.500e-03 3.500e-03 5.200e-03 5.200e-03 
1.162e+02 1.510e-01 4.000e-03 4.000e-03 5.200e-03 5.200e-03 
1.356e+02 1.519e-01 4.300e-03 4.300e-03 5.300e-03 5.300e-03 
1.604e+02 1.532e-01 4.800e-03 4.800e-03 5.400e-03 5.400e-03 
1.922e+02 1.611e-01 5.500e-03 5.500e-03 5.800e-03 5.800e-03 
2.338e+02 1.620e-01 6.300e-03 6.300e-03 6.000e-03 6.000e-03 
2.924e+02 1.681e-01 7.100e-03 7.100e-03 6.500e-03 6.500e-03 
3.815e+02 1.593e-01 7.800e-03 7.800e-03 6.400e-03 6.400e-03 
5.395e+02 1.695e-01 9.200e-03 9.200e-03 7.400e-03 7.400e-03 
8.899e+02 1.565e-01 1.060e-02 1.060e-02 8.200e-03 8.200e-03 
1.897e+03 1.369e-01 4.030e-02 4.030e-02 8.700e-03 8.700e-03 
