#Source: SSDC
#Ref: 10.1016/j.physrep.2020.09.003 (2021PhR...894....1A)
#Experiment: AMS-02
#Y Quantity: H_He
#X Quantity: rigidity
#Url: https://tools.ssdc.asi.it/CosmicRays/
#Comments: 
#Colums: x, y, y total errors, y statistical errors
2.032e+00 8.164e+00 1.981e-01 1.981e-01 5.000e-03 5.000e-03 
2.272e+00 7.694e+00 1.441e-01 1.441e-01 5.000e-03 5.000e-03 
2.531e+00 7.386e+00 1.281e-01 1.281e-01 4.000e-03 4.000e-03 
2.816e+00 7.080e+00 1.191e-01 1.191e-01 4.000e-03 4.000e-03 
3.126e+00 6.819e+00 1.151e-01 1.151e-01 4.000e-03 4.000e-03 
3.461e+00 6.609e+00 1.120e-01 1.120e-01 3.000e-03 3.000e-03 
3.825e+00 6.442e+00 1.100e-01 1.100e-01 3.000e-03 3.000e-03 
4.220e+00 6.304e+00 1.080e-01 1.080e-01 3.000e-03 3.000e-03 
4.650e+00 6.188e+00 1.070e-01 1.070e-01 3.000e-03 3.000e-03 
5.119e+00 6.080e+00 1.040e-01 1.040e-01 3.000e-03 3.000e-03 
5.629e+00 5.990e+00 1.020e-01 1.020e-01 3.000e-03 3.000e-03 
6.178e+00 5.908e+00 9.905e-02 9.905e-02 3.000e-03 3.000e-03 
6.773e+00 5.833e+00 9.705e-02 9.705e-02 3.000e-03 3.000e-03 
7.417e+00 5.760e+00 9.405e-02 9.405e-02 3.000e-03 3.000e-03 
8.112e+00 5.687e+00 9.105e-02 9.105e-02 3.000e-03 3.000e-03 
8.861e+00 5.620e+00 8.905e-02 8.905e-02 3.000e-03 3.000e-03 
9.671e+00 5.549e+00 8.705e-02 8.705e-02 3.000e-03 3.000e-03 
1.054e+01 5.488e+00 8.505e-02 8.505e-02 3.000e-03 3.000e-03 
1.149e+01 5.433e+00 8.305e-02 8.305e-02 3.000e-03 3.000e-03 
1.249e+01 5.373e+00 8.106e-02 8.106e-02 3.000e-03 3.000e-03 
1.354e+01 5.335e+00 8.006e-02 8.006e-02 3.000e-03 3.000e-03 
1.469e+01 5.285e+00 7.806e-02 7.806e-02 3.000e-03 3.000e-03 
1.594e+01 5.237e+00 7.710e-02 7.710e-02 4.000e-03 4.000e-03 
1.729e+01 5.195e+00 7.611e-02 7.611e-02 4.000e-03 4.000e-03 
1.873e+01 5.151e+00 7.411e-02 7.411e-02 4.000e-03 4.000e-03 
2.028e+01 5.113e+00 7.411e-02 7.411e-02 4.000e-03 4.000e-03 
2.193e+01 5.074e+00 7.311e-02 7.311e-02 4.000e-03 4.000e-03 
2.373e+01 5.026e+00 7.311e-02 7.311e-02 4.000e-03 4.000e-03 
2.568e+01 4.971e+00 7.211e-02 7.211e-02 4.000e-03 4.000e-03 
2.773e+01 4.929e+00 7.211e-02 7.211e-02 4.000e-03 4.000e-03 
2.993e+01 4.883e+00 7.111e-02 7.111e-02 4.000e-03 4.000e-03 
3.228e+01 4.844e+00 7.118e-02 7.118e-02 5.000e-03 5.000e-03 
3.478e+01 4.800e+00 7.118e-02 7.118e-02 5.000e-03 5.000e-03 
3.747e+01 4.759e+00 7.018e-02 7.018e-02 5.000e-03 5.000e-03 
4.037e+01 4.738e+00 7.018e-02 7.018e-02 5.000e-03 5.000e-03 
4.347e+01 4.703e+00 7.026e-02 7.026e-02 6.000e-03 6.000e-03 
4.677e+01 4.665e+00 7.026e-02 7.026e-02 6.000e-03 6.000e-03 
5.032e+01 4.639e+00 7.026e-02 7.026e-02 6.000e-03 6.000e-03 
5.411e+01 4.605e+00 7.035e-02 7.035e-02 7.000e-03 7.000e-03 
5.816e+01 4.570e+00 6.935e-02 6.935e-02 7.000e-03 7.000e-03 
6.251e+01 4.543e+00 6.935e-02 6.935e-02 7.000e-03 7.000e-03 
6.721e+01 4.508e+00 6.946e-02 6.946e-02 8.000e-03 8.000e-03 
7.225e+01 4.474e+00 6.946e-02 6.946e-02 8.000e-03 8.000e-03 
7.765e+01 4.448e+00 6.958e-02 6.958e-02 9.000e-03 9.000e-03 
8.345e+01 4.428e+00 6.958e-02 6.958e-02 9.000e-03 9.000e-03 
8.969e+01 4.375e+00 6.873e-02 6.873e-02 1.000e-02 1.000e-02 
9.644e+01 4.342e+00 6.873e-02 6.873e-02 1.000e-02 1.000e-02 
1.039e+02 4.305e+00 6.873e-02 6.873e-02 1.000e-02 1.000e-02 
1.119e+02 4.283e+00 6.987e-02 6.987e-02 1.100e-02 1.100e-02 
1.204e+02 4.278e+00 7.004e-02 7.004e-02 1.200e-02 1.200e-02 
1.299e+02 4.251e+00 7.004e-02 7.004e-02 1.200e-02 1.200e-02 
1.409e+02 4.217e+00 7.102e-02 7.102e-02 1.200e-02 1.200e-02 
1.534e+02 4.208e+00 7.218e-02 7.218e-02 1.300e-02 1.300e-02 
1.673e+02 4.175e+00 7.335e-02 7.335e-02 1.400e-02 1.400e-02 
1.833e+02 4.140e+00 7.453e-02 7.453e-02 1.500e-02 1.500e-02 
2.013e+02 4.093e+00 7.550e-02 7.550e-02 1.500e-02 1.500e-02 
2.217e+02 4.095e+00 7.767e-02 7.767e-02 1.600e-02 1.600e-02 
2.457e+02 4.077e+00 7.983e-02 7.983e-02 1.700e-02 1.700e-02 
2.745e+02 4.082e+00 8.395e-02 8.395e-02 1.800e-02 1.800e-02 
3.099e+02 4.023e+00 8.612e-02 8.612e-02 1.900e-02 1.900e-02 
3.537e+02 4.023e+00 9.122e-02 9.122e-02 2.000e-02 2.000e-02 
4.088e+02 3.938e+00 9.632e-02 9.632e-02 2.100e-02 2.100e-02 
4.812e+02 3.904e+00 1.014e-01 1.014e-01 2.200e-02 2.200e-02 
5.810e+02 3.774e+00 1.065e-01 1.065e-01 2.300e-02 2.300e-02 
7.270e+02 3.822e+00 1.160e-01 1.160e-01 2.600e-02 2.600e-02 
9.638e+02 3.760e+00 1.232e-01 1.232e-01 2.800e-02 2.800e-02 
1.426e+03 3.691e+00 1.354e-01 1.354e-01 3.000e-02 3.000e-02 
