#Source: CRDB
#Ref: 10.1103/PhysRevLett.117.091103 (2016PhRvL.117i1103A)
#Experiment: AMS-02
#Y Quantity: H_e+
#X Quantity: rigidity
#Url: https://lpsc.in2p3.fr/crdb
#Comments: 
#Colums: x, y, y statistical errors, y systematic errors
1.064e+01 2.100e+03 2.000e+01 2.000e+01 1.430e+02 1.430e+02 
1.139e+01 2.150e+03 3.000e+01 3.000e+01 1.430e+02 1.430e+02 
1.219e+01 2.210e+03 3.000e+01 3.000e+01 1.340e+02 1.340e+02 
1.299e+01 2.220e+03 3.000e+01 3.000e+01 1.520e+02 1.520e+02 
1.379e+01 2.360e+03 4.000e+01 4.000e+01 1.750e+02 1.750e+02 
1.464e+01 2.410e+03 4.000e+01 4.000e+01 1.480e+02 1.480e+02 
1.559e+01 2.380e+03 4.000e+01 4.000e+01 1.480e+02 1.480e+02 
1.654e+01 2.410e+03 4.000e+01 4.000e+01 1.570e+02 1.570e+02 
1.749e+01 2.450e+03 4.000e+01 4.000e+01 1.660e+02 1.660e+02 
1.849e+01 2.490e+03 5.000e+01 5.000e+01 1.570e+02 1.570e+02 
1.949e+01 2.490e+03 5.000e+01 5.000e+01 1.660e+02 1.660e+02 
2.054e+01 2.590e+03 5.000e+01 5.000e+01 1.840e+02 1.840e+02 
2.164e+01 2.660e+03 6.000e+01 6.000e+01 1.750e+02 1.750e+02 
2.279e+01 2.690e+03 6.000e+01 6.000e+01 1.610e+02 1.610e+02 
2.399e+01 2.630e+03 6.000e+01 6.000e+01 1.660e+02 1.660e+02 
2.524e+01 2.710e+03 7.000e+01 7.000e+01 1.970e+02 1.970e+02 
2.654e+01 2.800e+03 7.000e+01 7.000e+01 1.700e+02 1.700e+02 
2.794e+01 2.720e+03 7.000e+01 7.000e+01 1.530e+02 1.530e+02 
2.944e+01 2.690e+03 7.000e+01 7.000e+01 1.880e+02 1.880e+02 
3.099e+01 2.800e+03 8.000e+01 8.000e+01 1.880e+02 1.880e+02 
3.264e+01 2.780e+03 8.000e+01 8.000e+01 1.790e+02 1.790e+02 
3.444e+01 2.830e+03 9.000e+01 9.000e+01 1.970e+02 1.970e+02 
3.634e+01 2.890e+03 9.000e+01 9.000e+01 1.750e+02 1.750e+02 
3.834e+01 2.750e+03 9.000e+01 9.000e+01 1.440e+02 1.440e+02 
4.049e+01 2.720e+03 9.000e+01 9.000e+01 1.970e+02 1.970e+02 
4.278e+01 2.890e+03 1.100e+02 1.100e+02 1.750e+02 1.750e+02 
4.528e+01 2.700e+03 1.000e+02 1.000e+02 1.790e+02 1.790e+02 
4.793e+01 2.930e+03 1.200e+02 1.200e+02 2.010e+02 2.010e+02 
5.078e+01 2.810e+03 1.200e+02 1.200e+02 1.580e+02 1.580e+02 
5.392e+01 2.750e+03 1.200e+02 1.200e+02 1.830e+02 1.830e+02 
5.732e+01 2.870e+03 1.400e+02 1.400e+02 1.920e+02 1.920e+02 
6.102e+01 2.780e+03 1.400e+02 1.400e+02 1.750e+02 1.750e+02 
6.511e+01 2.810e+03 1.500e+02 1.500e+02 1.580e+02 1.580e+02 
6.961e+01 2.640e+03 1.400e+02 1.400e+02 1.580e+02 1.580e+02 
7.465e+01 2.660e+03 1.500e+02 1.500e+02 2.100e+02 2.100e+02 
8.034e+01 2.920e+03 1.700e+02 1.700e+02 1.640e+02 1.640e+02 
8.673e+01 2.450e+03 1.400e+02 1.400e+02 1.280e+02 1.280e+02 
9.407e+01 2.600e+03 1.600e+02 1.600e+02 2.010e+02 2.010e+02 
1.025e+02 2.780e+03 1.900e+02 1.900e+02 2.110e+02 2.110e+02 
1.124e+02 2.800e+03 2.000e+02 2.000e+02 2.000e+02 2.000e+02 
1.248e+02 2.830e+03 2.200e+02 2.200e+02 2.000e+02 2.000e+02 
1.402e+02 2.820e+03 2.400e+02 2.400e+02 1.700e+02 1.700e+02 
1.592e+02 2.350e+03 2.000e+02 2.000e+02 1.560e+02 1.560e+02 
1.835e+02 2.580e+03 2.600e+02 2.600e+02 2.000e+02 2.000e+02 
2.166e+02 2.470e+03 2.800e+02 2.800e+02 1.840e+02 1.840e+02 
2.622e+02 2.490e+03 3.500e+02 3.500e+02 2.120e+02 2.120e+02 
3.276e+02 2.610e+03 5.100e+02 5.100e+02 2.480e+02 2.480e+02 
4.301e+02 3.070e+03 9.100e+02 9.100e+02 4.250e+02 4.250e+02 
