#Source: SSDC
#Ref: 10.1016/j.physrep.2020.09.003 (2021PhR...894....1A)
#Experiment: AMS-02
#Y Quantity: B_O
#X Quantity: rigidity
#Url: https://tools.ssdc.asi.it/CosmicRays/
#Comments: 
#Colums: x, y, y total errors, y statistical errors
2.272e+00 3.106e-01 1.485e-02 1.485e-02 1.200e-03 1.200e-03 
2.531e+00 3.270e-01 1.405e-02 1.405e-02 1.200e-03 1.200e-03 
2.816e+00 3.333e-01 1.305e-02 1.305e-02 1.100e-03 1.100e-03 
3.126e+00 3.384e-01 1.205e-02 1.205e-02 1.100e-03 1.100e-03 
3.461e+00 3.420e-01 1.124e-02 1.124e-02 1.000e-03 1.000e-03 
3.825e+00 3.442e-01 1.045e-02 1.045e-02 1.000e-03 1.000e-03 
4.220e+00 3.442e-01 9.851e-03 9.851e-03 1.000e-03 1.000e-03 
4.650e+00 3.401e-01 9.244e-03 9.244e-03 9.000e-04 9.000e-04 
5.119e+00 3.371e-01 8.746e-03 8.746e-03 9.000e-04 9.000e-04 
5.629e+00 3.314e-01 8.249e-03 8.249e-03 9.000e-04 9.000e-04 
6.178e+00 3.248e-01 7.852e-03 7.852e-03 9.000e-04 9.000e-04 
6.773e+00 3.194e-01 7.543e-03 7.543e-03 8.000e-04 8.000e-04 
7.417e+00 3.119e-01 7.244e-03 7.244e-03 8.000e-04 8.000e-04 
8.112e+00 3.056e-01 7.046e-03 7.046e-03 8.000e-04 8.000e-04 
8.861e+00 3.007e-01 6.847e-03 6.847e-03 8.000e-04 8.000e-04 
9.671e+00 2.931e-01 6.648e-03 6.648e-03 8.000e-04 8.000e-04 
1.054e+01 2.896e-01 6.562e-03 6.562e-03 9.000e-04 9.000e-04 
1.149e+01 2.812e-01 6.364e-03 6.364e-03 9.000e-04 9.000e-04 
1.249e+01 2.738e-01 6.181e-03 6.181e-03 1.000e-03 1.000e-03 
1.354e+01 2.668e-01 5.984e-03 5.984e-03 1.000e-03 1.000e-03 
1.469e+01 2.623e-01 5.886e-03 5.886e-03 1.000e-03 1.000e-03 
1.594e+01 2.547e-01 5.787e-03 5.787e-03 1.000e-03 1.000e-03 
1.729e+01 2.458e-01 5.590e-03 5.590e-03 1.000e-03 1.000e-03 
1.873e+01 2.405e-01 5.511e-03 5.511e-03 1.100e-03 1.100e-03 
2.028e+01 2.340e-01 5.413e-03 5.413e-03 1.100e-03 1.100e-03 
2.193e+01 2.262e-01 5.217e-03 5.217e-03 1.100e-03 1.100e-03 
2.373e+01 2.199e-01 5.120e-03 5.120e-03 1.100e-03 1.100e-03 
2.568e+01 2.145e-01 5.022e-03 5.022e-03 1.100e-03 1.100e-03 
2.773e+01 2.095e-01 4.924e-03 4.924e-03 1.100e-03 1.100e-03 
2.993e+01 2.009e-01 4.827e-03 4.827e-03 1.100e-03 1.100e-03 
3.228e+01 1.938e-01 4.730e-03 4.730e-03 1.100e-03 1.100e-03 
3.478e+01 1.911e-01 4.657e-03 4.657e-03 1.200e-03 1.200e-03 
3.747e+01 1.818e-01 4.561e-03 4.561e-03 1.200e-03 1.200e-03 
4.037e+01 1.758e-01 4.492e-03 4.492e-03 1.300e-03 1.300e-03 
4.347e+01 1.704e-01 4.397e-03 4.397e-03 1.300e-03 1.300e-03 
4.677e+01 1.678e-01 4.427e-03 4.427e-03 1.400e-03 1.400e-03 
5.032e+01 1.600e-01 4.332e-03 4.332e-03 1.400e-03 1.400e-03 
5.411e+01 1.570e-01 4.272e-03 4.272e-03 1.500e-03 1.500e-03 
5.816e+01 1.534e-01 4.308e-03 4.308e-03 1.600e-03 1.600e-03 
6.251e+01 1.476e-01 4.254e-03 4.254e-03 1.700e-03 1.700e-03 
6.721e+01 1.420e-01 4.163e-03 4.163e-03 1.700e-03 1.700e-03 
7.225e+01 1.397e-01 4.205e-03 4.205e-03 1.800e-03 1.800e-03 
7.765e+01 1.340e-01 4.159e-03 4.159e-03 1.900e-03 1.900e-03 
8.345e+01 1.305e-01 4.206e-03 4.206e-03 2.000e-03 2.000e-03 
8.969e+01 1.291e-01 4.254e-03 4.254e-03 2.100e-03 2.100e-03 
9.644e+01 1.228e-01 4.168e-03 4.168e-03 2.100e-03 2.100e-03 
1.039e+02 1.151e-01 4.082e-03 4.082e-03 2.100e-03 2.100e-03 
1.119e+02 1.144e-01 4.188e-03 4.188e-03 2.300e-03 2.300e-03 
1.204e+02 1.116e-01 4.162e-03 4.162e-03 2.400e-03 2.400e-03 
1.299e+02 1.050e-01 4.080e-03 4.080e-03 2.400e-03 2.400e-03 
1.409e+02 1.066e-01 4.301e-03 4.301e-03 2.500e-03 2.500e-03 
1.534e+02 1.030e-01 4.420e-03 4.420e-03 2.700e-03 2.700e-03 
1.673e+02 1.010e-01 4.405e-03 4.405e-03 2.800e-03 2.800e-03 
1.833e+02 9.670e-02 4.328e-03 4.328e-03 2.800e-03 2.800e-03 
2.013e+02 9.140e-02 4.319e-03 4.319e-03 2.900e-03 2.900e-03 
2.217e+02 9.140e-02 4.528e-03 4.528e-03 3.100e-03 3.100e-03 
2.457e+02 8.800e-02 4.597e-03 4.597e-03 3.200e-03 3.200e-03 
2.745e+02 8.340e-02 4.738e-03 4.738e-03 3.300e-03 3.300e-03 
3.099e+02 7.840e-02 4.669e-03 4.669e-03 3.400e-03 3.400e-03 
3.537e+02 7.440e-02 4.810e-03 4.810e-03 3.500e-03 3.500e-03 
4.088e+02 7.750e-02 5.235e-03 5.235e-03 3.800e-03 3.800e-03 
4.812e+02 7.430e-02 5.449e-03 5.449e-03 4.000e-03 4.000e-03 
5.886e+02 6.580e-02 5.308e-03 5.308e-03 3.900e-03 3.900e-03 
7.621e+02 6.530e-02 6.011e-03 6.011e-03 4.200e-03 4.200e-03 
1.070e+03 6.340e-02 7.018e-03 7.018e-03 4.600e-03 4.600e-03 
2.071e+03 4.390e-02 9.890e-03 9.890e-03 9.000e-03 9.000e-03 
