#Source: SSDC
#Ref: 10.1016/j.physrep.2020.09.003 (2021PhR...894....1A)
#Experiment: AMS-02
#Y Quantity: H
#X Quantity: rigidity
#Url: https://tools.ssdc.asi.it/CosmicRays/
#Comments: 
#Colums: x, y, y total errors, y statistical errors
1.076e+00 8.247e+02 1.251e+01 1.251e+01 4.000e-01 4.000e-01 
1.241e+00 7.986e+02 1.050e+01 1.050e+01 3.000e-01 3.000e-01 
1.416e+00 7.601e+02 9.002e+00 9.002e+00 2.000e-01 2.000e-01 
1.606e+00 7.055e+02 8.002e+00 8.002e+00 2.000e-01 2.000e-01 
1.811e+00 6.398e+02 7.101e+00 7.101e+00 1.000e-01 1.000e-01 
2.031e+00 5.672e+02 6.201e+00 6.201e+00 1.000e-01 1.000e-01 
2.271e+00 4.933e+02 5.401e+00 5.401e+00 1.000e-01 1.000e-01 
2.531e+00 4.248e+02 4.601e+00 4.601e+00 1.000e-01 1.000e-01 
2.815e+00 3.619e+02 4.001e+00 4.001e+00 1.000e-01 1.000e-01 
3.125e+00 3.062e+02 3.302e+00 3.302e+00 1.000e-01 1.000e-01 
3.460e+00 2.571e+02 2.800e+00 2.800e+00 0.000e+00 0.000e+00 
3.824e+00 2.145e+02 2.300e+00 2.300e+00 0.000e+00 0.000e+00 
4.219e+00 1.779e+02 1.900e+00 1.900e+00 0.000e+00 0.000e+00 
4.648e+00 1.465e+02 1.600e+00 1.600e+00 0.000e+00 0.000e+00 
5.118e+00 1.197e+02 1.300e+00 1.300e+00 0.000e+00 0.000e+00 
5.627e+00 9.729e+01 1.040e+00 1.040e+00 2.000e-02 2.000e-02 
6.177e+00 7.883e+01 8.401e-01 8.401e-01 1.000e-02 1.000e-02 
6.771e+00 6.371e+01 6.701e-01 6.701e-01 1.000e-02 1.000e-02 
7.416e+00 5.138e+01 5.401e-01 5.401e-01 1.000e-02 1.000e-02 
8.110e+00 4.139e+01 4.301e-01 4.301e-01 1.000e-02 1.000e-02 
8.859e+00 3.331e+01 3.401e-01 3.401e-01 1.000e-02 1.000e-02 
9.669e+00 2.679e+01 2.700e-01 2.700e-01 0.000e+00 0.000e+00 
1.054e+01 2.155e+01 2.100e-01 2.100e-01 0.000e+00 0.000e+00 
1.149e+01 1.731e+01 1.700e-01 1.700e-01 0.000e+00 0.000e+00 
1.249e+01 1.395e+01 1.400e-01 1.400e-01 0.000e+00 0.000e+00 
1.354e+01 1.132e+01 1.100e-01 1.100e-01 0.000e+00 0.000e+00 
1.468e+01 9.141e+00 8.602e-02 8.602e-02 2.000e-03 2.000e-03 
1.593e+01 7.363e+00 6.803e-02 6.803e-02 2.000e-03 2.000e-03 
1.728e+01 5.929e+00 5.401e-02 5.401e-02 1.000e-03 1.000e-03 
1.873e+01 4.774e+00 4.201e-02 4.201e-02 1.000e-03 1.000e-03 
2.028e+01 3.850e+00 3.401e-02 3.401e-02 1.000e-03 1.000e-03 
2.193e+01 3.110e+00 2.802e-02 2.802e-02 1.000e-03 1.000e-03 
2.373e+01 2.506e+00 2.302e-02 2.302e-02 1.000e-03 1.000e-03 
2.568e+01 2.013e+00 1.803e-02 1.803e-02 1.000e-03 1.000e-03 
2.773e+01 1.628e+00 1.500e-02 1.500e-02 0.000e+00 0.000e+00 
2.992e+01 1.316e+00 1.200e-02 1.200e-02 0.000e+00 0.000e+00 
3.227e+01 1.066e+00 1.000e-02 1.000e-02 0.000e+00 0.000e+00 
3.477e+01 8.649e-01 8.205e-03 8.205e-03 3.000e-04 3.000e-04 
3.747e+01 7.018e-01 6.807e-03 6.807e-03 3.000e-04 3.000e-04 
4.037e+01 5.702e-01 5.604e-03 5.604e-03 2.000e-04 2.000e-04 
4.346e+01 4.637e-01 4.604e-03 4.604e-03 2.000e-04 2.000e-04 
4.676e+01 3.775e-01 3.805e-03 3.805e-03 2.000e-04 2.000e-04 
5.031e+01 3.074e-01 3.106e-03 3.106e-03 2.000e-04 2.000e-04 
5.411e+01 2.508e-01 2.602e-03 2.602e-03 1.000e-04 1.000e-04 
5.815e+01 2.048e-01 2.102e-03 2.102e-03 1.000e-04 1.000e-04 
6.250e+01 1.674e-01 1.803e-03 1.803e-03 1.000e-04 1.000e-04 
6.719e+01 1.369e-01 1.503e-03 1.503e-03 1.000e-04 1.000e-04 
7.224e+01 1.116e-01 1.204e-03 1.204e-03 1.000e-04 1.000e-04 
7.764e+01 9.124e-02 1.012e-03 1.012e-03 7.000e-05 7.000e-05 
8.343e+01 7.445e-02 8.421e-04 8.421e-04 6.000e-05 6.000e-05 
8.968e+01 6.067e-02 6.918e-04 6.918e-04 5.000e-05 5.000e-05 
9.642e+01 4.951e-02 5.822e-04 5.822e-04 5.000e-05 5.000e-05 
1.039e+02 4.009e-02 4.817e-04 4.817e-04 4.000e-05 4.000e-05 
1.119e+02 3.253e-02 3.912e-04 3.912e-04 3.000e-05 3.000e-05 
1.204e+02 2.647e-02 3.314e-04 3.314e-04 3.000e-05 3.000e-05 
1.299e+02 2.137e-02 2.717e-04 2.717e-04 3.000e-05 3.000e-05 
1.408e+02 1.702e-02 2.209e-04 2.209e-04 2.000e-05 2.000e-05 
1.533e+02 1.341e-02 1.811e-04 1.811e-04 2.000e-05 2.000e-05 
1.673e+02 1.052e-02 1.503e-04 1.503e-04 1.000e-05 1.000e-05 
1.833e+02 8.166e-03 1.186e-04 1.186e-04 1.200e-05 1.200e-05 
2.012e+02 6.269e-03 9.552e-05 9.552e-05 1.000e-05 1.000e-05 
2.217e+02 4.790e-03 7.642e-05 7.642e-05 8.000e-06 8.000e-06 
2.456e+02 3.627e-03 6.129e-05 6.129e-05 6.000e-06 6.000e-06 
2.744e+02 2.674e-03 4.826e-05 4.826e-05 5.000e-06 5.000e-06 
3.097e+02 1.914e-03 3.722e-05 3.722e-05 4.000e-06 4.000e-06 
3.535e+02 1.343e-03 2.816e-05 2.816e-05 3.000e-06 3.000e-06 
4.086e+02 8.957e-04 2.090e-05 2.090e-05 2.000e-06 2.000e-06 
4.807e+02 5.752e-04 1.497e-05 1.497e-05 1.400e-06 1.400e-06 
5.803e+02 3.432e-04 1.004e-05 1.004e-05 9.000e-07 9.000e-07 
7.257e+02 1.905e-04 6.329e-06 6.329e-06 6.000e-07 6.000e-07 
9.609e+02 9.068e-05 3.522e-06 3.522e-06 2.900e-07 2.900e-07 
1.417e+03 3.260e-05 1.604e-06 1.604e-06 1.200e-07 1.200e-07 
