#Source: CRDB
#Ref: 10.1103/PhysRevLett.124.211102 (2020PhRvL.124u1102A)
#Experiment: AMS-02
#Y Quantity: Si
#X Quantity: rigidity
#Url: https://lpsc.in2p3.fr/crdb
#Comments: 
#Colums: x, y, y statistical errors, y systematic errors
2.271e+00 2.271e-01 1.200e-03 1.200e-03 1.450e-02 1.450e-02 
2.531e+00 2.109e-01 1.000e-03 1.000e-03 9.900e-03 9.900e-03 
2.815e+00 1.925e-01 8.000e-04 8.000e-04 8.100e-03 8.100e-03 
3.125e+00 1.720e-01 7.000e-04 7.000e-04 6.900e-03 6.900e-03 
3.460e+00 1.524e-01 6.000e-04 6.000e-04 6.000e-03 6.000e-03 
3.824e+00 1.327e-01 5.000e-04 5.000e-04 5.100e-03 5.100e-03 
4.219e+00 1.139e-01 4.000e-04 4.000e-04 4.300e-03 4.300e-03 
4.648e+00 9.800e-02 3.400e-04 3.400e-04 3.710e-03 3.710e-03 
5.118e+00 8.258e-02 2.700e-04 2.700e-04 3.100e-03 3.100e-03 
5.627e+00 6.937e-02 2.300e-04 2.300e-04 2.590e-03 2.590e-03 
6.177e+00 5.840e-02 1.900e-04 1.900e-04 2.180e-03 2.180e-03 
6.771e+00 4.869e-02 1.600e-04 1.600e-04 1.810e-03 1.810e-03 
7.416e+00 4.082e-02 1.300e-04 1.300e-04 1.520e-03 1.520e-03 
8.110e+00 3.341e-02 1.100e-04 1.100e-04 1.240e-03 1.240e-03 
8.859e+00 2.788e-02 9.000e-05 9.000e-05 1.040e-03 1.040e-03 
9.669e+00 2.299e-02 8.000e-05 8.000e-05 8.500e-04 8.500e-04 
1.054e+01 1.894e-02 7.000e-05 7.000e-05 7.000e-04 7.000e-04 
1.149e+01 1.550e-02 6.000e-05 6.000e-05 5.800e-04 5.800e-04 
1.249e+01 1.280e-02 5.000e-05 5.000e-05 4.800e-04 4.800e-04 
1.354e+01 1.063e-02 4.000e-05 4.000e-05 3.900e-04 3.900e-04 
1.468e+01 8.671e-03 3.700e-05 3.700e-05 3.220e-04 3.220e-04 
1.593e+01 7.162e-03 3.100e-05 3.100e-05 2.660e-04 2.660e-04 
1.728e+01 5.845e-03 2.700e-05 2.700e-05 2.170e-04 2.170e-04 
1.873e+01 4.801e-03 2.300e-05 2.300e-05 1.790e-04 1.790e-04 
2.028e+01 3.956e-03 1.900e-05 1.900e-05 1.470e-04 1.470e-04 
2.193e+01 3.242e-03 1.600e-05 1.600e-05 1.210e-04 1.210e-04 
2.373e+01 2.664e-03 1.300e-05 1.300e-05 9.900e-05 9.900e-05 
2.568e+01 2.185e-03 1.100e-05 1.100e-05 8.100e-05 8.100e-05 
2.773e+01 1.817e-03 1.000e-05 1.000e-05 6.800e-05 6.800e-05 
3.104e+01 1.360e-03 5.000e-06 5.000e-06 5.100e-05 5.100e-05 
3.608e+01 9.294e-04 4.000e-06 4.000e-06 3.480e-05 3.480e-05 
4.186e+01 6.275e-04 3.100e-06 3.100e-06 2.360e-05 2.360e-05 
4.849e+01 4.339e-04 2.400e-06 2.400e-06 1.630e-05 1.630e-05 
5.607e+01 2.924e-04 1.800e-06 1.800e-06 1.110e-05 1.110e-05 
6.479e+01 2.005e-04 1.400e-06 1.400e-06 7.600e-06 7.600e-06 
7.486e+01 1.363e-04 1.100e-06 1.100e-06 5.200e-06 5.200e-06 
8.647e+01 9.277e-05 8.400e-07 8.400e-07 3.550e-06 3.550e-06 
1.002e+02 6.164e-05 6.200e-07 6.200e-07 2.370e-06 2.370e-06 
1.161e+02 4.092e-05 4.800e-07 4.800e-07 1.580e-06 1.580e-06 
1.355e+02 2.657e-05 3.400e-07 3.400e-07 1.030e-06 1.030e-06 
1.602e+02 1.721e-05 2.400e-07 2.400e-07 6.700e-07 6.700e-07 
1.920e+02 1.043e-05 1.600e-07 1.600e-07 4.100e-07 4.100e-07 
2.335e+02 6.186e-06 1.100e-07 1.100e-07 2.470e-07 2.470e-07 
2.919e+02 3.275e-06 6.500e-08 6.500e-08 1.340e-07 1.340e-07 
3.806e+02 1.619e-06 3.700e-08 3.700e-08 6.900e-08 6.900e-08 
5.370e+02 6.515e-07 1.640e-08 1.640e-08 3.040e-08 3.040e-08 
8.808e+02 1.754e-07 5.200e-09 5.200e-09 1.050e-08 1.050e-08 
1.853e+03 2.369e-08 2.820e-09 2.820e-09 1.890e-09 1.890e-09 
