#Source: SSDC
#Ref: 10.1016/j.physrep.2020.09.003 (2021PhR...894....1A)
#Experiment: AMS-02
#Y Quantity: pbar
#X Quantity: rigidity
#Url: https://tools.ssdc.asi.it/CosmicRays/
#Comments: 
#Colums: x, y, y total errors, y statistical errors
1.076e+00 6.410e-03 1.023e-03 1.023e-03 8.500e-04 8.500e-04 
1.241e+00 7.780e-03 8.841e-04 8.841e-04 6.400e-04 6.400e-04 
1.416e+00 9.290e-03 8.700e-04 8.700e-04 6.000e-04 6.000e-04 
1.606e+00 1.110e-02 8.062e-04 8.062e-04 4.000e-04 4.000e-04 
1.811e+00 1.250e-02 8.062e-04 8.062e-04 4.000e-04 4.000e-04 
2.031e+00 1.360e-02 8.062e-04 8.062e-04 4.000e-04 4.000e-04 
2.270e+00 1.520e-02 8.944e-04 8.944e-04 4.000e-04 4.000e-04 
2.530e+00 1.600e-02 8.544e-04 8.544e-04 3.000e-04 3.000e-04 
2.815e+00 1.590e-02 8.544e-04 8.544e-04 3.000e-04 3.000e-04 
3.125e+00 1.670e-02 8.544e-04 8.544e-04 3.000e-04 3.000e-04 
3.459e+00 1.580e-02 8.544e-04 8.544e-04 3.000e-04 3.000e-04 
3.824e+00 1.480e-02 7.616e-04 7.616e-04 3.000e-04 3.000e-04 
4.218e+00 1.520e-02 7.616e-04 7.616e-04 3.000e-04 3.000e-04 
4.648e+00 1.380e-02 6.325e-04 6.325e-04 2.000e-04 2.000e-04 
5.117e+00 1.220e-02 5.385e-04 5.385e-04 2.000e-04 2.000e-04 
5.627e+00 1.110e-02 5.099e-04 5.099e-04 1.000e-04 1.000e-04 
6.176e+00 9.570e-03 4.220e-04 4.220e-04 1.000e-04 1.000e-04 
6.771e+00 8.520e-03 3.688e-04 3.688e-04 8.000e-05 8.000e-05 
7.415e+00 7.480e-03 3.178e-04 3.178e-04 7.000e-05 7.000e-05 
8.109e+00 6.180e-03 2.571e-04 2.571e-04 6.000e-05 6.000e-05 
8.859e+00 5.230e-03 2.159e-04 2.159e-04 5.000e-05 5.000e-05 
9.668e+00 4.470e-03 1.712e-04 1.712e-04 2.000e-05 2.000e-05 
1.054e+01 3.790e-03 1.414e-04 1.414e-04 2.000e-05 2.000e-05 
1.149e+01 3.040e-03 1.118e-04 1.118e-04 2.000e-05 2.000e-05 
1.249e+01 2.570e-03 9.220e-05 9.220e-05 2.000e-05 2.000e-05 
1.354e+01 2.150e-03 8.062e-05 8.062e-05 1.000e-05 1.000e-05 
1.468e+01 1.740e-03 6.083e-05 6.083e-05 1.000e-05 1.000e-05 
1.593e+01 1.420e-03 5.099e-05 5.099e-05 1.000e-05 1.000e-05 
1.728e+01 1.160e-03 4.123e-05 4.123e-05 1.000e-05 1.000e-05 
1.873e+01 9.520e-04 3.276e-05 3.276e-05 7.000e-06 7.000e-06 
2.028e+01 7.710e-04 2.571e-05 2.571e-05 6.000e-06 6.000e-06 
2.193e+01 6.330e-04 2.062e-05 2.062e-05 5.000e-06 5.000e-06 
2.372e+01 5.090e-04 1.552e-05 1.552e-05 4.000e-06 4.000e-06 
2.567e+01 4.030e-04 1.140e-05 1.140e-05 3.000e-06 3.000e-06 
2.772e+01 3.300e-04 9.487e-06 9.487e-06 3.000e-06 3.000e-06 
2.992e+01 2.710e-04 7.280e-06 7.280e-06 2.000e-06 2.000e-06 
3.227e+01 2.160e-04 6.325e-06 6.325e-06 2.000e-06 2.000e-06 
3.477e+01 1.810e-04 5.385e-06 5.385e-06 2.000e-06 2.000e-06 
3.747e+01 1.430e-04 4.472e-06 4.472e-06 2.000e-06 2.000e-06 
4.036e+01 1.100e-04 3.606e-06 3.606e-06 2.000e-06 2.000e-06 
4.346e+01 8.800e-05 2.884e-06 2.884e-06 1.600e-06 1.600e-06 
4.676e+01 7.190e-05 2.441e-06 2.441e-06 1.400e-06 1.400e-06 
5.030e+01 5.940e-05 2.062e-06 2.062e-06 1.300e-06 1.300e-06 
5.410e+01 4.970e-05 1.780e-06 1.780e-06 1.100e-06 1.100e-06 
5.815e+01 3.830e-05 1.487e-06 1.487e-06 1.000e-06 1.000e-06 
6.250e+01 3.160e-05 1.204e-06 1.204e-06 8.000e-07 8.000e-07 
6.719e+01 2.390e-05 9.899e-07 9.899e-07 7.000e-07 7.000e-07 
7.224e+01 2.090e-05 9.220e-07 9.220e-07 7.000e-07 7.000e-07 
7.763e+01 1.700e-05 7.810e-07 7.810e-07 6.000e-07 6.000e-07 
8.645e+01 1.270e-05 5.657e-07 5.657e-07 4.000e-07 4.000e-07 
1.001e+02 7.770e-06 3.895e-07 3.895e-07 2.600e-07 2.600e-07 
1.161e+02 4.940e-06 2.970e-07 2.970e-07 2.100e-07 2.100e-07 
1.354e+02 3.410e-06 2.335e-07 2.335e-07 1.700e-07 1.700e-07 
1.602e+02 2.340e-06 1.838e-07 1.838e-07 1.300e-07 1.300e-07 
1.919e+02 1.120e-06 1.500e-07 1.500e-07 1.200e-07 1.200e-07 
2.294e+02 8.210e-07 1.271e-07 1.271e-07 1.040e-07 1.040e-07 
2.863e+02 4.370e-07 8.902e-08 8.902e-08 7.000e-08 7.000e-08 
4.125e+02 1.330e-07 5.308e-08 5.308e-08 3.600e-08 3.600e-08 
