#Source: SSDC
#Ref: 10.1016/j.physrep.2020.09.003 (2021PhR...894....1A)
#Experiment: AMS-02
#Y Quantity: N_O
#X Quantity: rigidity
#Url: https://tools.ssdc.asi.it/CosmicRays/
#Comments: 
#Colums: x, y, y total errors, y statistical errors
2.272e+00 2.846e-01 8.188e-03 8.188e-03 1.200e-03 1.200e-03 
2.531e+00 2.938e-01 7.778e-03 7.778e-03 1.100e-03 1.100e-03 
2.816e+00 2.964e-01 7.368e-03 7.368e-03 1.000e-03 1.000e-03 
3.126e+00 2.983e-01 7.071e-03 7.071e-03 1.000e-03 1.000e-03 
3.461e+00 3.016e-01 6.972e-03 6.972e-03 1.000e-03 1.000e-03 
3.825e+00 2.993e-01 6.760e-03 6.760e-03 9.000e-04 9.000e-04 
4.220e+00 2.995e-01 6.562e-03 6.562e-03 9.000e-04 9.000e-04 
4.650e+00 2.982e-01 6.463e-03 6.463e-03 9.000e-04 9.000e-04 
5.119e+00 2.943e-01 6.351e-03 6.351e-03 8.000e-04 8.000e-04 
5.629e+00 2.929e-01 6.351e-03 6.351e-03 8.000e-04 8.000e-04 
6.178e+00 2.887e-01 6.251e-03 6.251e-03 8.000e-04 8.000e-04 
6.773e+00 2.857e-01 6.152e-03 6.152e-03 8.000e-04 8.000e-04 
7.417e+00 2.818e-01 6.053e-03 6.053e-03 8.000e-04 8.000e-04 
8.112e+00 2.777e-01 6.053e-03 6.053e-03 8.000e-04 8.000e-04 
8.861e+00 2.741e-01 5.954e-03 5.954e-03 8.000e-04 8.000e-04 
9.671e+00 2.707e-01 5.954e-03 5.954e-03 8.000e-04 8.000e-04 
1.054e+01 2.681e-01 5.968e-03 5.968e-03 9.000e-04 9.000e-04 
1.149e+01 2.643e-01 5.869e-03 5.869e-03 9.000e-04 9.000e-04 
1.249e+01 2.582e-01 5.771e-03 5.771e-03 9.000e-04 9.000e-04 
1.354e+01 2.570e-01 5.787e-03 5.787e-03 1.000e-03 1.000e-03 
1.469e+01 2.539e-01 5.689e-03 5.689e-03 1.000e-03 1.000e-03 
1.594e+01 2.503e-01 5.689e-03 5.689e-03 1.000e-03 1.000e-03 
1.729e+01 2.479e-01 5.707e-03 5.707e-03 1.100e-03 1.100e-03 
1.873e+01 2.407e-01 5.609e-03 5.609e-03 1.100e-03 1.100e-03 
2.028e+01 2.392e-01 5.511e-03 5.511e-03 1.100e-03 1.100e-03 
2.193e+01 2.353e-01 5.511e-03 5.511e-03 1.100e-03 1.100e-03 
2.373e+01 2.302e-01 5.413e-03 5.413e-03 1.100e-03 1.100e-03 
2.568e+01 2.254e-01 5.413e-03 5.413e-03 1.100e-03 1.100e-03 
2.773e+01 2.225e-01 5.337e-03 5.337e-03 1.200e-03 1.200e-03 
2.993e+01 2.196e-01 5.337e-03 5.337e-03 1.200e-03 1.200e-03 
3.228e+01 2.130e-01 5.239e-03 5.239e-03 1.200e-03 1.200e-03 
3.478e+01 2.117e-01 5.263e-03 5.263e-03 1.300e-03 1.300e-03 
3.747e+01 2.074e-01 5.263e-03 5.263e-03 1.300e-03 1.300e-03 
4.037e+01 2.043e-01 5.192e-03 5.192e-03 1.400e-03 1.400e-03 
4.347e+01 2.025e-01 5.220e-03 5.220e-03 1.500e-03 1.500e-03 
4.677e+01 1.963e-01 5.155e-03 5.155e-03 1.600e-03 1.600e-03 
5.032e+01 1.944e-01 5.187e-03 5.187e-03 1.700e-03 1.700e-03 
5.411e+01 1.856e-01 5.092e-03 5.092e-03 1.700e-03 1.700e-03 
5.816e+01 1.854e-01 5.220e-03 5.220e-03 1.800e-03 1.800e-03 
6.251e+01 1.836e-01 5.255e-03 5.255e-03 1.900e-03 1.900e-03 
6.721e+01 1.786e-01 5.200e-03 5.200e-03 2.000e-03 2.000e-03 
7.225e+01 1.750e-01 5.239e-03 5.239e-03 2.100e-03 2.100e-03 
7.765e+01 1.751e-01 5.323e-03 5.323e-03 2.300e-03 2.300e-03 
8.345e+01 1.717e-01 5.367e-03 5.367e-03 2.400e-03 2.400e-03 
8.969e+01 1.710e-01 5.412e-03 5.412e-03 2.500e-03 2.500e-03 
9.644e+01 1.699e-01 5.595e-03 5.595e-03 2.700e-03 2.700e-03 
1.039e+02 1.627e-01 5.420e-03 5.420e-03 2.700e-03 2.700e-03 
1.119e+02 1.575e-01 5.523e-03 5.523e-03 2.900e-03 2.900e-03 
1.204e+02 1.595e-01 5.714e-03 5.714e-03 3.100e-03 3.100e-03 
1.299e+02 1.513e-01 5.547e-03 5.547e-03 3.100e-03 3.100e-03 
1.409e+02 1.488e-01 5.547e-03 5.547e-03 3.100e-03 3.100e-03 
1.534e+02 1.564e-01 6.022e-03 6.022e-03 3.500e-03 3.500e-03 
1.673e+02 1.479e-01 5.920e-03 5.920e-03 3.600e-03 3.600e-03 
1.833e+02 1.469e-01 6.061e-03 6.061e-03 3.700e-03 3.700e-03 
2.013e+02 1.367e-01 5.967e-03 5.967e-03 3.800e-03 3.800e-03 
2.217e+02 1.472e-01 6.530e-03 6.530e-03 4.200e-03 4.200e-03 
2.457e+02 1.453e-01 6.727e-03 6.727e-03 4.500e-03 4.500e-03 
2.745e+02 1.371e-01 6.580e-03 6.580e-03 4.500e-03 4.500e-03 
3.099e+02 1.405e-01 7.004e-03 7.004e-03 4.800e-03 4.800e-03 
3.537e+02 1.439e-01 7.497e-03 7.497e-03 5.200e-03 5.200e-03 
4.088e+02 1.356e-01 7.566e-03 7.566e-03 5.400e-03 5.400e-03 
4.812e+02 1.332e-01 7.993e-03 7.993e-03 5.800e-03 5.800e-03 
5.886e+02 1.281e-01 8.132e-03 8.132e-03 5.800e-03 5.800e-03 
7.621e+02 1.216e-01 8.698e-03 8.698e-03 6.200e-03 6.200e-03 
1.070e+03 1.252e-01 1.033e-02 1.033e-02 7.000e-03 7.000e-03 
2.071e+03 1.430e-01 2.040e-02 2.040e-02 1.850e-02 1.850e-02 
