#Source: SSDC
#Ref: 10.1016/j.physrep.2020.09.003 (2021PhR...894....1A)
#Experiment: AMS-02
#Y Quantity: He_O
#X Quantity: rigidity
#Url: https://tools.ssdc.asi.it/CosmicRays/
#Comments: 
#Colums: x, y, y total errors, y statistical errors
2.272e+00 4.038e+01 1.197e+00 1.197e+00 8.300e-02 8.300e-02 
2.531e+00 3.914e+01 1.115e+00 1.115e+00 7.400e-02 7.400e-02 
2.816e+00 3.844e+01 1.070e+00 1.070e+00 6.800e-02 6.800e-02 
3.126e+00 3.837e+01 1.050e+00 1.050e+00 6.600e-02 6.600e-02 
3.461e+00 3.844e+01 1.041e+00 1.041e+00 6.200e-02 6.200e-02 
3.825e+00 3.838e+01 1.032e+00 1.032e+00 6.100e-02 6.100e-02 
4.220e+00 3.828e+01 1.024e+00 1.024e+00 6.000e-02 6.000e-02 
4.650e+00 3.798e+01 1.013e+00 1.013e+00 5.700e-02 5.700e-02 
5.119e+00 3.742e+01 9.955e-01 9.955e-01 5.400e-02 5.400e-02 
5.629e+00 3.694e+01 9.824e-01 9.824e-01 5.300e-02 5.300e-02 
6.178e+00 3.646e+01 9.694e-01 9.694e-01 5.200e-02 5.200e-02 
6.773e+00 3.591e+01 9.554e-01 9.554e-01 5.100e-02 5.100e-02 
7.417e+00 3.554e+01 9.464e-01 9.464e-01 5.100e-02 5.100e-02 
8.112e+00 3.509e+01 9.353e-01 9.353e-01 5.000e-02 5.000e-02 
8.861e+00 3.470e+01 9.264e-01 9.264e-01 5.000e-02 5.000e-02 
9.671e+00 3.440e+01 9.195e-01 9.195e-01 5.200e-02 5.200e-02 
1.054e+01 3.423e+01 9.166e-01 9.166e-01 5.400e-02 5.400e-02 
1.149e+01 3.380e+01 9.067e-01 9.067e-01 5.500e-02 5.500e-02 
1.249e+01 3.351e+01 8.999e-01 8.999e-01 5.900e-02 5.900e-02 
1.354e+01 3.334e+01 8.971e-01 8.971e-01 6.100e-02 6.100e-02 
1.469e+01 3.324e+01 8.962e-01 8.962e-01 6.300e-02 6.300e-02 
1.594e+01 3.285e+01 8.874e-01 8.874e-01 6.500e-02 6.500e-02 
1.729e+01 3.263e+01 8.825e-01 8.825e-01 6.700e-02 6.700e-02 
1.873e+01 3.222e+01 8.737e-01 8.737e-01 6.900e-02 6.900e-02 
2.028e+01 3.192e+01 8.678e-01 8.678e-01 7.000e-02 7.000e-02 
2.193e+01 3.162e+01 8.609e-01 8.609e-01 7.100e-02 7.100e-02 
2.373e+01 3.144e+01 8.579e-01 8.579e-01 7.100e-02 7.100e-02 
2.568e+01 3.122e+01 8.551e-01 8.551e-01 7.300e-02 7.300e-02 
2.773e+01 3.104e+01 8.523e-01 8.523e-01 7.500e-02 7.500e-02 
2.993e+01 3.061e+01 8.434e-01 8.434e-01 7.600e-02 7.600e-02 
3.228e+01 3.033e+01 8.378e-01 8.378e-01 8.000e-02 8.000e-02 
3.478e+01 3.022e+01 8.381e-01 8.381e-01 8.300e-02 8.300e-02 
3.747e+01 2.989e+01 8.326e-01 8.326e-01 8.700e-02 8.700e-02 
4.037e+01 2.988e+01 8.362e-01 8.362e-01 9.300e-02 9.300e-02 
4.347e+01 2.956e+01 8.307e-01 8.307e-01 9.700e-02 9.700e-02 
4.677e+01 2.931e+01 8.284e-01 8.284e-01 1.030e-01 1.030e-01 
5.032e+01 2.907e+01 8.251e-01 8.251e-01 1.080e-01 1.080e-01 
5.411e+01 2.902e+01 8.290e-01 8.290e-01 1.150e-01 1.150e-01 
5.816e+01 2.914e+01 8.371e-01 8.371e-01 1.230e-01 1.230e-01 
6.251e+01 2.892e+01 8.362e-01 8.362e-01 1.300e-01 1.300e-01 
6.721e+01 2.905e+01 8.453e-01 8.453e-01 1.380e-01 1.380e-01 
7.225e+01 2.924e+01 8.561e-01 8.561e-01 1.490e-01 1.490e-01 
7.765e+01 2.905e+01 8.565e-01 8.565e-01 1.570e-01 1.570e-01 
8.345e+01 2.885e+01 8.572e-01 8.572e-01 1.660e-01 1.660e-01 
8.969e+01 2.902e+01 8.690e-01 8.690e-01 1.760e-01 1.760e-01 
9.644e+01 2.916e+01 8.805e-01 8.805e-01 1.890e-01 1.890e-01 
1.039e+02 2.897e+01 8.804e-01 8.804e-01 1.930e-01 1.930e-01 
1.119e+02 2.875e+01 8.838e-01 8.838e-01 2.120e-01 2.120e-01 
1.204e+02 2.846e+01 8.824e-01 8.824e-01 2.180e-01 2.180e-01 
1.299e+02 2.854e+01 8.931e-01 8.931e-01 2.300e-01 2.300e-01 
1.409e+02 2.853e+01 9.009e-01 9.009e-01 2.340e-01 2.340e-01 
1.534e+02 2.868e+01 9.181e-01 9.181e-01 2.550e-01 2.550e-01 
1.673e+02 2.859e+01 9.257e-01 9.257e-01 2.650e-01 2.650e-01 
1.833e+02 2.843e+01 9.346e-01 9.346e-01 2.790e-01 2.790e-01 
2.013e+02 2.818e+01 9.414e-01 9.414e-01 2.950e-01 2.950e-01 
2.217e+02 2.815e+01 9.579e-01 9.579e-01 3.140e-01 3.140e-01 
2.457e+02 2.831e+01 9.822e-01 9.822e-01 3.330e-01 3.330e-01 
2.745e+02 2.766e+01 9.792e-01 9.792e-01 3.380e-01 3.380e-01 
3.099e+02 2.798e+01 1.018e+00 1.018e+00 3.650e-01 3.650e-01 
3.537e+02 2.784e+01 1.045e+00 1.045e+00 3.860e-01 3.860e-01 
4.088e+02 2.814e+01 1.101e+00 1.101e+00 4.220e-01 4.220e-01 
4.812e+02 2.877e+01 1.186e+00 1.186e+00 4.650e-01 4.650e-01 
5.810e+02 2.865e+01 1.264e+00 1.264e+00 4.970e-01 4.970e-01 
7.270e+02 2.872e+01 1.393e+00 1.393e+00 5.480e-01 5.480e-01 
9.638e+02 2.765e+01 1.525e+00 1.525e+00 5.690e-01 5.690e-01 
1.426e+03 2.739e+01 1.986e+00 1.986e+00 1.415e+00 1.415e+00 
2.324e+03 2.803e+01 2.689e+00 2.689e+00 2.054e+00 2.054e+00 
