#Source: CRDB
#Ref: 10.1103/PhysRevLett.117.231102 (2016PhRvL.117w1102A)
#Experiment: AMS-02
#Y Quantity: B_C
#X Quantity: kineticEnergyPerNucleon
#Url: https://lpsc.in2p3.fr/crdb
#Comments: 
#Colums: x, y, y statistical errors, y systematic errors
4.465e-01 3.210e-01 1.800e-03 1.800e-03 1.540e-02 1.540e-02 
5.373e-01 3.251e-01 1.700e-03 1.700e-03 1.470e-02 1.470e-02 
6.397e-01 3.214e-01 1.500e-03 1.500e-03 1.400e-02 1.400e-02 
7.559e-01 3.213e-01 1.400e-03 1.400e-03 1.340e-02 1.340e-02 
8.873e-01 3.188e-01 1.300e-03 1.300e-03 1.280e-02 1.280e-02 
1.032e+00 3.174e-01 1.200e-03 1.200e-03 1.230e-02 1.230e-02 
1.192e+00 3.142e-01 1.200e-03 1.200e-03 1.170e-02 1.170e-02 
1.372e+00 3.082e-01 1.100e-03 1.100e-03 1.100e-02 1.100e-02 
1.571e+00 3.060e-01 1.000e-03 1.000e-03 1.050e-02 1.050e-02 
1.791e+00 3.008e-01 1.000e-03 1.000e-03 9.900e-03 9.900e-03 
2.031e+00 2.941e-01 1.000e-03 1.000e-03 9.300e-03 9.300e-03 
2.291e+00 2.872e-01 1.000e-03 1.000e-03 8.700e-03 8.700e-03 
2.576e+00 2.794e-01 1.000e-03 1.000e-03 8.100e-03 8.100e-03 
2.890e+00 2.745e-01 9.000e-04 9.000e-04 7.600e-03 7.600e-03 
3.230e+00 2.691e-01 1.000e-03 1.000e-03 7.200e-03 7.200e-03 
3.595e+00 2.645e-01 1.000e-03 1.000e-03 6.800e-03 6.800e-03 
3.990e+00 2.609e-01 1.000e-03 1.000e-03 6.500e-03 6.500e-03 
4.419e+00 2.539e-01 1.000e-03 1.000e-03 6.200e-03 6.200e-03 
4.889e+00 2.496e-01 1.100e-03 1.100e-03 6.000e-03 6.000e-03 
5.379e+00 2.433e-01 1.100e-03 1.100e-03 5.700e-03 5.700e-03 
5.899e+00 2.378e-01 1.100e-03 1.100e-03 5.500e-03 5.500e-03 
6.473e+00 2.327e-01 1.200e-03 1.200e-03 5.400e-03 5.400e-03 
7.093e+00 2.281e-01 1.200e-03 1.200e-03 5.300e-03 5.300e-03 
7.762e+00 2.236e-01 1.200e-03 1.200e-03 5.200e-03 5.200e-03 
8.482e+00 2.157e-01 1.200e-03 1.200e-03 5.000e-03 5.000e-03 
9.251e+00 2.122e-01 1.200e-03 1.200e-03 4.900e-03 4.900e-03 
1.007e+01 2.055e-01 1.200e-03 1.200e-03 4.800e-03 4.800e-03 
1.099e+01 2.040e-01 1.200e-03 1.200e-03 4.800e-03 4.800e-03 
1.199e+01 1.970e-01 1.300e-03 1.300e-03 4.700e-03 4.700e-03 
1.299e+01 1.895e-01 1.300e-03 1.300e-03 4.500e-03 4.500e-03 
1.404e+01 1.854e-01 1.400e-03 1.400e-03 4.500e-03 4.500e-03 
1.519e+01 1.818e-01 1.500e-03 1.500e-03 4.400e-03 4.400e-03 
1.644e+01 1.725e-01 1.500e-03 1.500e-03 4.200e-03 4.200e-03 
1.779e+01 1.706e-01 1.600e-03 1.600e-03 4.200e-03 4.200e-03 
1.924e+01 1.682e-01 1.700e-03 1.700e-03 4.200e-03 4.200e-03 
2.078e+01 1.652e-01 1.800e-03 1.800e-03 4.200e-03 4.200e-03 
2.243e+01 1.557e-01 1.800e-03 1.800e-03 4.000e-03 4.000e-03 
2.423e+01 1.531e-01 1.900e-03 1.900e-03 3.900e-03 3.900e-03 
2.613e+01 1.465e-01 2.000e-03 2.000e-03 3.800e-03 3.800e-03 
2.813e+01 1.426e-01 2.100e-03 2.100e-03 3.800e-03 3.800e-03 
3.033e+01 1.397e-01 2.200e-03 2.200e-03 3.700e-03 3.700e-03 
3.268e+01 1.347e-01 2.300e-03 2.300e-03 3.700e-03 3.700e-03 
3.518e+01 1.351e-01 2.500e-03 2.500e-03 3.800e-03 3.800e-03 
3.787e+01 1.284e-01 2.500e-03 2.500e-03 3.700e-03 3.700e-03 
4.077e+01 1.258e-01 2.700e-03 2.700e-03 3.700e-03 3.700e-03 
4.392e+01 1.188e-01 2.700e-03 2.700e-03 3.500e-03 3.500e-03 
4.732e+01 1.173e-01 2.800e-03 2.800e-03 3.500e-03 3.500e-03 
5.106e+01 1.158e-01 2.900e-03 2.900e-03 3.600e-03 3.600e-03 
5.506e+01 1.104e-01 3.200e-03 3.200e-03 3.400e-03 3.400e-03 
5.931e+01 1.054e-01 3.200e-03 3.200e-03 3.300e-03 3.300e-03 
6.405e+01 1.101e-01 3.400e-03 3.400e-03 3.600e-03 3.600e-03 
6.954e+01 1.049e-01 3.400e-03 3.400e-03 3.500e-03 3.500e-03 
7.578e+01 1.031e-01 3.600e-03 3.600e-03 3.500e-03 3.500e-03 
8.277e+01 9.660e-02 3.700e-03 3.700e-03 3.400e-03 3.400e-03 
9.075e+01 1.008e-01 3.900e-03 3.900e-03 3.700e-03 3.700e-03 
9.974e+01 9.780e-02 4.200e-03 4.200e-03 3.700e-03 3.700e-03 
1.100e+02 8.830e-02 4.200e-03 4.200e-03 3.500e-03 3.500e-03 
1.219e+02 8.340e-02 4.300e-03 4.300e-03 3.400e-03 3.400e-03 
1.364e+02 8.230e-02 4.400e-03 4.400e-03 3.500e-03 3.500e-03 
1.540e+02 8.380e-02 4.800e-03 4.800e-03 3.700e-03 3.700e-03 
1.759e+02 8.140e-02 5.000e-03 5.000e-03 3.800e-03 3.800e-03 
2.035e+02 8.090e-02 5.400e-03 5.400e-03 4.000e-03 4.000e-03 
2.397e+02 7.850e-02 5.800e-03 5.800e-03 4.100e-03 4.100e-03 
2.934e+02 7.080e-02 5.500e-03 5.500e-03 3.900e-03 3.900e-03 
3.801e+02 5.710e-02 5.300e-03 5.300e-03 3.500e-03 3.500e-03 
5.339e+02 4.690e-02 1.200e-02 1.200e-02 3.000e-03 3.000e-03 
9.183e+02 4.750e-02 1.420e-02 1.420e-02 3.600e-03 3.600e-03 
