#Source: CRDB
#Ref: 10.1103/PhysRevLett.124.211102 (2020PhRvL.124u1102A)
#Experiment: AMS-02
#Y Quantity: Ne_Mg
#X Quantity: rigidity
#Url: https://lpsc.in2p3.fr/crdb
#Comments: 
#Colums: x, y, y statistical errors, y systematic errors
2.272e+00 7.697e-01 5.600e-03 5.600e-03 2.790e-02 2.790e-02 
2.531e+00 7.834e-01 5.200e-03 5.200e-03 2.570e-02 2.570e-02 
2.816e+00 8.006e-01 4.900e-03 4.900e-03 2.540e-02 2.540e-02 
3.126e+00 8.209e-01 4.800e-03 4.800e-03 2.560e-02 2.560e-02 
3.461e+00 8.249e-01 4.600e-03 4.600e-03 2.550e-02 2.550e-02 
3.825e+00 8.303e-01 4.500e-03 4.500e-03 2.540e-02 2.540e-02 
4.220e+00 8.276e-01 4.400e-03 4.400e-03 2.510e-02 2.510e-02 
4.650e+00 8.372e-01 4.200e-03 4.200e-03 2.530e-02 2.530e-02 
5.119e+00 8.292e-01 4.000e-03 4.000e-03 2.500e-02 2.500e-02 
5.629e+00 8.297e-01 4.000e-03 4.000e-03 2.490e-02 2.490e-02 
6.178e+00 8.436e-01 4.000e-03 4.000e-03 2.530e-02 2.530e-02 
6.773e+00 8.426e-01 4.000e-03 4.000e-03 2.520e-02 2.520e-02 
7.417e+00 8.342e-01 3.900e-03 3.900e-03 2.500e-02 2.500e-02 
8.112e+00 8.408e-01 4.000e-03 4.000e-03 2.520e-02 2.520e-02 
8.861e+00 8.509e-01 4.100e-03 4.100e-03 2.550e-02 2.550e-02 
9.671e+00 8.405e-01 4.200e-03 4.200e-03 2.510e-02 2.510e-02 
1.054e+01 8.381e-01 4.300e-03 4.300e-03 2.510e-02 2.510e-02 
1.149e+01 8.465e-01 4.500e-03 4.500e-03 2.530e-02 2.530e-02 
1.249e+01 8.357e-01 4.900e-03 4.900e-03 2.500e-02 2.500e-02 
1.354e+01 8.391e-01 5.100e-03 5.100e-03 2.510e-02 2.510e-02 
1.469e+01 8.301e-01 5.200e-03 5.200e-03 2.490e-02 2.490e-02 
1.594e+01 8.243e-01 5.400e-03 5.400e-03 2.470e-02 2.470e-02 
1.729e+01 8.345e-01 5.700e-03 5.700e-03 2.500e-02 2.500e-02 
1.873e+01 8.341e-01 5.900e-03 5.900e-03 2.500e-02 2.500e-02 
2.028e+01 8.306e-01 6.000e-03 6.000e-03 2.500e-02 2.500e-02 
2.193e+01 8.387e-01 6.200e-03 6.200e-03 2.520e-02 2.520e-02 
2.373e+01 8.468e-01 6.300e-03 6.300e-03 2.550e-02 2.550e-02 
2.568e+01 8.396e-01 6.500e-03 6.500e-03 2.530e-02 2.530e-02 
2.773e+01 8.426e-01 6.700e-03 6.700e-03 2.550e-02 2.550e-02 
2.993e+01 8.216e-01 6.800e-03 6.800e-03 2.490e-02 2.490e-02 
3.228e+01 8.238e-01 7.200e-03 7.200e-03 2.500e-02 2.500e-02 
3.478e+01 8.323e-01 7.600e-03 7.600e-03 2.530e-02 2.530e-02 
3.747e+01 8.225e-01 8.000e-03 8.000e-03 2.510e-02 2.510e-02 
4.037e+01 8.506e-01 8.800e-03 8.800e-03 2.600e-02 2.600e-02 
4.347e+01 8.303e-01 9.100e-03 9.100e-03 2.550e-02 2.550e-02 
4.677e+01 8.362e-01 9.800e-03 9.800e-03 2.570e-02 2.570e-02 
5.032e+01 8.386e-01 1.040e-02 1.040e-02 2.590e-02 2.590e-02 
5.411e+01 8.431e-01 1.120e-02 1.120e-02 2.610e-02 2.610e-02 
5.816e+01 8.341e-01 1.180e-02 1.180e-02 2.590e-02 2.590e-02 
6.251e+01 8.310e-01 1.250e-02 1.250e-02 2.590e-02 2.590e-02 
6.721e+01 8.413e-01 1.340e-02 1.340e-02 2.630e-02 2.630e-02 
7.225e+01 8.340e-01 1.420e-02 1.420e-02 2.610e-02 2.610e-02 
7.765e+01 8.653e-01 1.570e-02 1.570e-02 2.720e-02 2.720e-02 
8.345e+01 8.296e-01 1.600e-02 1.600e-02 2.610e-02 2.610e-02 
8.969e+01 8.359e-01 1.710e-02 1.710e-02 2.640e-02 2.640e-02 
9.644e+01 8.227e-01 1.790e-02 1.790e-02 2.600e-02 2.600e-02 
1.039e+02 8.383e-01 1.900e-02 1.900e-02 2.650e-02 2.650e-02 
1.119e+02 8.046e-01 2.020e-02 2.020e-02 2.550e-02 2.550e-02 
1.204e+02 8.256e-01 2.140e-02 2.140e-02 2.620e-02 2.620e-02 
1.299e+02 8.154e-01 2.230e-02 2.230e-02 2.590e-02 2.590e-02 
1.409e+02 8.506e-01 2.360e-02 2.360e-02 2.710e-02 2.710e-02 
1.534e+02 8.118e-01 2.470e-02 2.470e-02 2.590e-02 2.590e-02 
1.673e+02 8.093e-01 2.610e-02 2.610e-02 2.590e-02 2.590e-02 
1.833e+02 8.249e-01 2.820e-02 2.820e-02 2.650e-02 2.650e-02 
2.013e+02 8.190e-01 2.980e-02 2.980e-02 2.640e-02 2.640e-02 
2.217e+02 8.223e-01 3.170e-02 3.170e-02 2.660e-02 2.660e-02 
2.457e+02 8.400e-01 3.410e-02 3.410e-02 2.730e-02 2.730e-02 
2.745e+02 8.193e-01 3.550e-02 3.550e-02 2.690e-02 2.690e-02 
3.099e+02 8.139e-01 3.680e-02 3.680e-02 2.690e-02 2.690e-02 
3.537e+02 8.651e-01 4.200e-02 4.200e-02 2.900e-02 2.900e-02 
4.088e+02 8.813e-01 4.690e-02 4.690e-02 3.010e-02 3.010e-02 
4.812e+02 8.838e-01 4.970e-02 4.970e-02 3.100e-02 3.100e-02 
5.886e+02 7.701e-01 4.410e-02 4.410e-02 2.830e-02 2.830e-02 
7.534e+02 8.517e-01 5.720e-02 5.720e-02 3.370e-02 3.370e-02 
1.016e+03 8.573e-01 6.340e-02 6.340e-02 3.850e-02 3.850e-02 
1.897e+03 1.104e+00 1.932e-01 1.932e-01 5.630e-02 5.630e-02 
