#Source: CRDB
#Ref: 10.1103/PhysRevLett.124.211102 (2020PhRvL.124u1102A)
#Experiment: AMS-02
#Y Quantity: Si_Mg
#X Quantity: rigidity
#Url: https://lpsc.in2p3.fr/crdb
#Comments: 
#Colums: x, y, y statistical errors, y systematic errors
2.272e+00 7.052e-01 5.300e-03 5.300e-03 3.740e-02 3.740e-02 
2.531e+00 7.166e-01 4.900e-03 4.900e-03 2.670e-02 2.670e-02 
2.816e+00 7.325e-01 4.600e-03 4.600e-03 2.450e-02 2.450e-02 
3.126e+00 7.455e-01 4.500e-03 4.500e-03 2.430e-02 2.430e-02 
3.461e+00 7.455e-01 4.200e-03 4.200e-03 2.400e-02 2.400e-02 
3.825e+00 7.462e-01 4.100e-03 4.100e-03 2.370e-02 2.370e-02 
4.220e+00 7.418e-01 4.000e-03 4.000e-03 2.340e-02 2.340e-02 
4.650e+00 7.494e-01 3.800e-03 3.800e-03 2.350e-02 2.350e-02 
5.119e+00 7.387e-01 3.600e-03 3.600e-03 2.310e-02 2.310e-02 
5.629e+00 7.352e-01 3.600e-03 3.600e-03 2.290e-02 2.290e-02 
6.178e+00 7.539e-01 3.700e-03 3.700e-03 2.350e-02 2.350e-02 
6.773e+00 7.534e-01 3.600e-03 3.600e-03 2.340e-02 2.340e-02 
7.417e+00 7.643e-01 3.700e-03 3.700e-03 2.380e-02 2.380e-02 
8.112e+00 7.548e-01 3.600e-03 3.600e-03 2.350e-02 2.350e-02 
8.861e+00 7.662e-01 3.700e-03 3.700e-03 2.390e-02 2.390e-02 
9.671e+00 7.711e-01 3.900e-03 3.900e-03 2.400e-02 2.400e-02 
1.054e+01 7.739e-01 4.100e-03 4.100e-03 2.410e-02 2.410e-02 
1.149e+01 7.797e-01 4.200e-03 4.200e-03 2.430e-02 2.430e-02 
1.249e+01 7.867e-01 4.600e-03 4.600e-03 2.450e-02 2.450e-02 
1.354e+01 7.928e-01 4.800e-03 4.800e-03 2.470e-02 2.470e-02 
1.469e+01 7.841e-01 5.000e-03 5.000e-03 2.450e-02 2.450e-02 
1.594e+01 7.884e-01 5.200e-03 5.200e-03 2.460e-02 2.460e-02 
1.729e+01 7.912e-01 5.400e-03 5.400e-03 2.470e-02 2.470e-02 
1.873e+01 7.903e-01 5.600e-03 5.600e-03 2.470e-02 2.470e-02 
2.028e+01 8.038e-01 5.900e-03 5.900e-03 2.510e-02 2.510e-02 
2.193e+01 8.032e-01 6.000e-03 6.000e-03 2.510e-02 2.510e-02 
2.373e+01 8.047e-01 6.000e-03 6.000e-03 2.520e-02 2.520e-02 
2.568e+01 8.148e-01 6.300e-03 6.300e-03 2.560e-02 2.560e-02 
2.773e+01 8.217e-01 6.600e-03 6.600e-03 2.580e-02 2.580e-02 
2.993e+01 8.219e-01 6.700e-03 6.700e-03 2.590e-02 2.590e-02 
3.228e+01 8.268e-01 7.200e-03 7.200e-03 2.610e-02 2.610e-02 
3.478e+01 8.267e-01 7.500e-03 7.500e-03 2.620e-02 2.620e-02 
3.747e+01 8.411e-01 8.100e-03 8.100e-03 2.670e-02 2.670e-02 
4.037e+01 8.488e-01 8.800e-03 8.800e-03 2.700e-02 2.700e-02 
4.347e+01 8.323e-01 9.100e-03 9.100e-03 2.660e-02 2.660e-02 
4.677e+01 8.630e-01 1.010e-02 1.010e-02 2.770e-02 2.770e-02 
5.032e+01 8.652e-01 1.070e-02 1.070e-02 2.780e-02 2.780e-02 
5.411e+01 8.648e-01 1.140e-02 1.140e-02 2.790e-02 2.790e-02 
5.816e+01 8.408e-01 1.190e-02 1.190e-02 2.730e-02 2.730e-02 
6.251e+01 8.786e-01 1.310e-02 1.310e-02 2.860e-02 2.860e-02 
6.721e+01 8.735e-01 1.380e-02 1.380e-02 2.850e-02 2.850e-02 
7.225e+01 8.709e-01 1.470e-02 1.470e-02 2.860e-02 2.860e-02 
7.765e+01 8.997e-01 1.620e-02 1.620e-02 2.960e-02 2.960e-02 
8.345e+01 8.861e-01 1.690e-02 1.690e-02 2.930e-02 2.930e-02 
8.969e+01 8.972e-01 1.810e-02 1.810e-02 2.970e-02 2.970e-02 
9.644e+01 8.564e-01 1.860e-02 1.860e-02 2.840e-02 2.840e-02 
1.039e+02 9.199e-01 2.050e-02 2.050e-02 3.060e-02 3.060e-02 
1.119e+02 8.597e-01 2.130e-02 2.130e-02 2.870e-02 2.870e-02 
1.204e+02 8.960e-01 2.290e-02 2.290e-02 3.000e-02 3.000e-02 
1.299e+02 8.829e-01 2.380e-02 2.380e-02 2.960e-02 2.960e-02 
1.409e+02 8.583e-01 2.390e-02 2.390e-02 2.890e-02 2.890e-02 
1.534e+02 8.980e-01 2.680e-02 2.680e-02 3.030e-02 3.030e-02 
1.673e+02 9.362e-01 2.920e-02 2.920e-02 3.180e-02 3.180e-02 
1.833e+02 9.258e-01 3.090e-02 3.090e-02 3.160e-02 3.160e-02 
2.013e+02 8.966e-01 3.210e-02 3.210e-02 3.070e-02 3.070e-02 
2.217e+02 8.756e-01 3.350e-02 3.350e-02 3.020e-02 3.020e-02 
2.457e+02 9.401e-01 3.730e-02 3.730e-02 3.270e-02 3.270e-02 
2.745e+02 9.076e-01 3.850e-02 3.850e-02 3.180e-02 3.180e-02 
3.099e+02 8.492e-01 3.830e-02 3.830e-02 3.010e-02 3.010e-02 
3.537e+02 8.994e-01 4.350e-02 4.350e-02 3.240e-02 3.240e-02 
4.088e+02 9.798e-01 5.120e-02 5.120e-02 3.600e-02 3.600e-02 
4.812e+02 8.954e-01 5.060e-02 5.060e-02 3.380e-02 3.380e-02 
5.886e+02 8.705e-01 4.860e-02 4.860e-02 3.450e-02 3.450e-02 
7.534e+02 9.618e-01 6.310e-02 6.310e-02 4.110e-02 4.110e-02 
1.016e+03 8.279e-01 6.240e-02 6.240e-02 4.020e-02 4.020e-02 
1.897e+03 7.906e-01 1.531e-01 1.531e-01 4.260e-02 4.260e-02 
