#Source: SSDC
#Ref: 10.1016/j.physrep.2020.09.003 (2021PhR...894....1A)
#Experiment: AMS-02
#Y Quantity: N_B
#X Quantity: rigidity
#Url: https://tools.ssdc.asi.it/CosmicRays/
#Comments: 
#Colums: x, y, y total errors, y statistical errors
2.272e+00 9.164e-01 4.622e-02 4.622e-02 4.500e-03 4.500e-03 
2.531e+00 8.986e-01 4.060e-02 4.060e-02 4.000e-03 4.000e-03 
2.816e+00 8.894e-01 3.659e-02 3.659e-02 3.700e-03 3.700e-03 
3.126e+00 8.815e-01 3.319e-02 3.319e-02 3.500e-03 3.500e-03 
3.461e+00 8.819e-01 3.068e-02 3.068e-02 3.300e-03 3.300e-03 
3.825e+00 8.696e-01 2.828e-02 2.828e-02 3.200e-03 3.200e-03 
4.220e+00 8.701e-01 2.668e-02 2.668e-02 3.100e-03 3.100e-03 
4.650e+00 8.768e-01 2.558e-02 2.558e-02 3.000e-03 3.000e-03 
5.119e+00 8.730e-01 2.437e-02 2.437e-02 2.900e-03 2.900e-03 
5.629e+00 8.838e-01 2.388e-02 2.388e-02 2.900e-03 2.900e-03 
6.178e+00 8.890e-01 2.339e-02 2.339e-02 3.000e-03 3.000e-03 
6.773e+00 8.945e-01 2.310e-02 2.310e-02 3.000e-03 3.000e-03 
7.417e+00 9.034e-01 2.301e-02 2.301e-02 3.100e-03 3.100e-03 
8.112e+00 9.086e-01 2.281e-02 2.281e-02 3.100e-03 3.100e-03 
8.861e+00 9.115e-01 2.273e-02 2.273e-02 3.200e-03 3.200e-03 
9.671e+00 9.235e-01 2.285e-02 2.285e-02 3.400e-03 3.400e-03 
1.054e+01 9.255e-01 2.288e-02 2.288e-02 3.600e-03 3.600e-03 
1.149e+01 9.399e-01 2.321e-02 2.321e-02 3.800e-03 3.800e-03 
1.249e+01 9.432e-01 2.328e-02 2.328e-02 4.200e-03 4.200e-03 
1.354e+01 9.632e-01 2.383e-02 2.383e-02 4.500e-03 4.500e-03 
1.469e+01 9.678e-01 2.397e-02 2.397e-02 4.700e-03 4.700e-03 
1.594e+01 9.827e-01 2.442e-02 2.442e-02 5.000e-03 5.000e-03 
1.729e+01 1.008e+00 2.528e-02 2.528e-02 5.400e-03 5.400e-03 
1.873e+01 1.001e+00 2.523e-02 2.523e-02 5.600e-03 5.600e-03 
2.028e+01 1.022e+00 2.590e-02 2.590e-02 6.000e-03 6.000e-03 
2.193e+01 1.040e+00 2.656e-02 2.656e-02 6.300e-03 6.300e-03 
2.373e+01 1.047e+00 2.697e-02 2.697e-02 6.400e-03 6.400e-03 
2.568e+01 1.051e+00 2.733e-02 2.733e-02 6.700e-03 6.700e-03 
2.773e+01 1.062e+00 2.782e-02 2.782e-02 7.100e-03 7.100e-03 
2.993e+01 1.093e+00 2.901e-02 2.901e-02 7.600e-03 7.600e-03 
3.228e+01 1.099e+00 2.966e-02 2.966e-02 8.200e-03 8.200e-03 
3.478e+01 1.108e+00 3.028e-02 3.028e-02 8.700e-03 8.700e-03 
3.747e+01 1.141e+00 3.169e-02 3.169e-02 9.600e-03 9.600e-03 
4.037e+01 1.162e+00 3.305e-02 3.305e-02 1.060e-02 1.060e-02 
4.347e+01 1.188e+00 3.426e-02 3.426e-02 1.170e-02 1.170e-02 
4.677e+01 1.170e+00 3.432e-02 3.432e-02 1.240e-02 1.240e-02 
5.032e+01 1.214e+00 3.660e-02 3.660e-02 1.380e-02 1.380e-02 
5.411e+01 1.182e+00 3.654e-02 3.654e-02 1.460e-02 1.460e-02 
5.816e+01 1.209e+00 3.821e-02 3.821e-02 1.600e-02 1.600e-02 
6.251e+01 1.244e+00 4.030e-02 4.030e-02 1.770e-02 1.770e-02 
6.721e+01 1.258e+00 4.177e-02 4.177e-02 1.920e-02 1.920e-02 
7.225e+01 1.253e+00 4.292e-02 4.292e-02 2.070e-02 2.070e-02 
7.765e+01 1.307e+00 4.585e-02 4.585e-02 2.310e-02 2.310e-02 
8.345e+01 1.315e+00 4.759e-02 4.759e-02 2.500e-02 2.500e-02 
8.969e+01 1.325e+00 4.915e-02 4.915e-02 2.680e-02 2.680e-02 
9.644e+01 1.384e+00 5.342e-02 5.342e-02 3.030e-02 3.030e-02 
1.039e+02 1.414e+00 5.641e-02 5.641e-02 3.280e-02 3.280e-02 
1.119e+02 1.377e+00 5.803e-02 5.803e-02 3.550e-02 3.550e-02 
1.204e+02 1.429e+00 6.114e-02 6.114e-02 3.850e-02 3.850e-02 
1.299e+02 1.441e+00 6.476e-02 6.476e-02 4.200e-02 4.200e-02 
1.409e+02 1.395e+00 6.384e-02 6.384e-02 4.140e-02 4.140e-02 
1.534e+02 1.519e+00 7.308e-02 7.308e-02 4.880e-02 4.880e-02 
1.673e+02 1.465e+00 7.264e-02 7.264e-02 5.000e-02 5.000e-02 
1.833e+02 1.520e+00 7.842e-02 7.842e-02 5.570e-02 5.570e-02 
2.013e+02 1.496e+00 8.264e-02 8.264e-02 6.040e-02 6.040e-02 
2.217e+02 1.609e+00 9.161e-02 9.161e-02 6.790e-02 6.790e-02 
2.457e+02 1.651e+00 9.875e-02 9.875e-02 7.460e-02 7.460e-02 
2.745e+02 1.643e+00 1.045e-01 1.045e-01 7.920e-02 7.920e-02 
3.099e+02 1.791e+00 1.196e-01 1.196e-01 9.340e-02 9.340e-02 
3.537e+02 1.935e+00 1.385e-01 1.385e-01 1.083e-01 1.083e-01 
4.088e+02 1.750e+00 1.331e-01 1.331e-01 1.057e-01 1.057e-01 
4.812e+02 1.792e+00 1.481e-01 1.481e-01 1.185e-01 1.185e-01 
5.886e+02 1.947e+00 1.741e-01 1.741e-01 1.381e-01 1.381e-01 
7.621e+02 1.863e+00 1.894e-01 1.894e-01 1.459e-01 1.459e-01 
1.070e+03 1.973e+00 2.376e-01 2.376e-01 1.715e-01 1.715e-01 
2.071e+03 3.257e+00 8.152e-01 8.152e-01 7.594e-01 7.594e-01 
