#Source: SSDC
#Ref: 10.1103/PhysRevLett.124.211102 (2020PhRvL.124u1102A)
#Experiment: AMS-02
#Y Quantity: Si_O
#X Quantity: rigidity
#Url: https://tools.ssdc.asi.it/CosmicRays/
#Comments: 
#Colums: x, y, y total errors, y statistical errors
2.272e+00 1.406e-01 7.554e-03 7.554e-03 9.000e-04 9.000e-04 
2.531e+00 1.413e-01 5.261e-03 5.261e-03 8.000e-04 8.000e-04 
2.816e+00 1.412e-01 4.554e-03 4.554e-03 7.000e-04 7.000e-04 
3.126e+00 1.425e-01 4.455e-03 4.455e-03 7.000e-04 7.000e-04 
3.461e+00 1.449e-01 4.357e-03 4.357e-03 7.000e-04 7.000e-04 
3.825e+00 1.452e-01 4.258e-03 4.258e-03 7.000e-04 7.000e-04 
4.220e+00 1.457e-01 4.243e-03 4.243e-03 6.000e-04 6.000e-04 
4.650e+00 1.484e-01 4.243e-03 4.243e-03 6.000e-04 6.000e-04 
5.119e+00 1.484e-01 4.243e-03 4.243e-03 6.000e-04 6.000e-04 
5.629e+00 1.487e-01 4.243e-03 4.243e-03 6.000e-04 6.000e-04 
6.178e+00 1.519e-01 4.342e-03 4.342e-03 6.000e-04 6.000e-04 
6.773e+00 1.527e-01 4.342e-03 4.342e-03 6.000e-04 6.000e-04 
7.417e+00 1.562e-01 4.441e-03 4.441e-03 6.000e-04 6.000e-04 
8.112e+00 1.547e-01 4.342e-03 4.342e-03 6.000e-04 6.000e-04 
8.861e+00 1.572e-01 4.441e-03 4.441e-03 6.000e-04 6.000e-04 
9.671e+00 1.584e-01 4.540e-03 4.540e-03 6.000e-04 6.000e-04 
1.054e+01 1.605e-01 4.554e-03 4.554e-03 7.000e-04 7.000e-04 
1.149e+01 1.601e-01 4.554e-03 4.554e-03 7.000e-04 7.000e-04 
1.249e+01 1.612e-01 4.669e-03 4.669e-03 8.000e-04 8.000e-04 
1.354e+01 1.628e-01 4.669e-03 4.669e-03 8.000e-04 8.000e-04 
1.469e+01 1.627e-01 4.669e-03 4.669e-03 8.000e-04 8.000e-04 
1.594e+01 1.626e-01 4.687e-03 4.687e-03 9.000e-04 9.000e-04 
1.729e+01 1.627e-01 4.687e-03 4.687e-03 9.000e-04 9.000e-04 
1.873e+01 1.626e-01 4.687e-03 4.687e-03 9.000e-04 9.000e-04 
2.028e+01 1.639e-01 4.805e-03 4.805e-03 1.000e-03 1.000e-03 
2.193e+01 1.630e-01 4.805e-03 4.805e-03 1.000e-03 1.000e-03 
2.373e+01 1.635e-01 4.805e-03 4.805e-03 1.000e-03 1.000e-03 
2.568e+01 1.656e-01 4.903e-03 4.903e-03 1.000e-03 1.000e-03 
2.773e+01 1.674e-01 4.924e-03 4.924e-03 1.100e-03 1.100e-03 
2.993e+01 1.674e-01 4.924e-03 4.924e-03 1.100e-03 1.100e-03 
3.228e+01 1.682e-01 5.045e-03 5.045e-03 1.200e-03 1.200e-03 
3.478e+01 1.685e-01 5.045e-03 5.045e-03 1.200e-03 1.200e-03 
3.747e+01 1.701e-01 5.166e-03 5.166e-03 1.300e-03 1.300e-03 
4.037e+01 1.700e-01 5.192e-03 5.192e-03 1.400e-03 1.400e-03 
4.347e+01 1.694e-01 5.220e-03 5.220e-03 1.500e-03 1.500e-03 
4.677e+01 1.721e-01 5.345e-03 5.345e-03 1.600e-03 1.600e-03 
5.032e+01 1.725e-01 5.471e-03 5.471e-03 1.700e-03 1.700e-03 
5.411e+01 1.720e-01 5.503e-03 5.503e-03 1.800e-03 1.800e-03 
5.816e+01 1.684e-01 5.442e-03 5.442e-03 1.900e-03 1.900e-03 
6.251e+01 1.737e-01 5.665e-03 5.665e-03 2.000e-03 2.000e-03 
6.721e+01 1.724e-01 5.738e-03 5.738e-03 2.200e-03 2.200e-03 
7.225e+01 1.737e-01 5.869e-03 5.869e-03 2.300e-03 2.300e-03 
7.765e+01 1.733e-01 5.951e-03 5.951e-03 2.500e-03 2.500e-03 
8.345e+01 1.747e-01 6.084e-03 6.084e-03 2.600e-03 2.600e-03 
8.969e+01 1.757e-01 6.172e-03 6.172e-03 2.800e-03 2.800e-03 
9.644e+01 1.694e-01 6.129e-03 6.129e-03 2.900e-03 2.900e-03 
1.039e+02 1.771e-01 6.488e-03 6.488e-03 3.100e-03 3.100e-03 
1.119e+02 1.683e-01 6.329e-03 6.329e-03 3.300e-03 3.300e-03 
1.204e+02 1.750e-01 6.689e-03 6.689e-03 3.500e-03 3.500e-03 
1.299e+02 1.730e-01 6.796e-03 6.796e-03 3.700e-03 3.700e-03 
1.409e+02 1.655e-01 6.629e-03 6.629e-03 3.700e-03 3.700e-03 
1.534e+02 1.737e-01 7.103e-03 7.103e-03 4.100e-03 4.100e-03 
1.673e+02 1.773e-01 7.382e-03 7.382e-03 4.300e-03 4.300e-03 
1.833e+02 1.725e-01 7.420e-03 7.420e-03 4.500e-03 4.500e-03 
2.013e+02 1.688e-01 7.465e-03 7.465e-03 4.700e-03 4.700e-03 
2.217e+02 1.652e-01 7.658e-03 7.658e-03 5.000e-03 5.000e-03 
2.457e+02 1.777e-01 8.363e-03 8.363e-03 5.500e-03 5.500e-03 
2.745e+02 1.645e-01 8.066e-03 8.066e-03 5.500e-03 5.500e-03 
3.099e+02 1.615e-01 8.273e-03 8.273e-03 5.800e-03 5.800e-03 
3.537e+02 1.626e-01 8.627e-03 8.627e-03 6.100e-03 6.100e-03 
4.088e+02 1.705e-01 9.476e-03 9.476e-03 6.800e-03 6.800e-03 
4.812e+02 1.625e-01 9.767e-03 9.767e-03 7.200e-03 7.200e-03 
5.886e+02 1.728e-01 1.068e-02 1.068e-02 7.600e-03 7.600e-03 
7.534e+02 1.666e-01 1.153e-02 1.153e-02 8.400e-03 8.400e-03 
1.016e+03 1.489e-01 1.210e-02 1.210e-02 8.900e-03 8.900e-03 
1.897e+03 1.288e-01 2.134e-02 2.134e-02 1.970e-02 1.970e-02 
