#Source: SSDC
#Ref: 10.1103/PhysRevLett.126.081102 (2021PhRvL.126h1102A)
#Experiment: AMS-02
#Y Quantity: F
#X Quantity: rigidity
#Url: https://tools.ssdc.asi.it/CosmicRays/
#Comments: 
#Colums: x, y, y statistical errors, y systematic errors
2.271e+00 2.960e-02 4.200e-04 4.200e-04 1.210e-03 1.210e-03 
2.531e+00 2.740e-02 3.500e-04 3.500e-04 1.040e-03 1.040e-03 
2.815e+00 2.580e-02 3.000e-04 3.000e-04 9.300e-04 9.300e-04 
3.125e+00 2.340e-02 2.600e-04 2.600e-04 8.200e-04 8.200e-04 
3.460e+00 2.100e-02 2.200e-04 2.200e-04 7.200e-04 7.200e-04 
3.824e+00 1.820e-02 1.800e-04 1.800e-04 6.100e-04 6.100e-04 
4.219e+00 1.540e-02 1.500e-04 1.500e-04 5.100e-04 5.100e-04 
4.648e+00 1.310e-02 1.200e-04 1.200e-04 4.300e-04 4.300e-04 
5.118e+00 1.090e-02 1.000e-04 1.000e-04 3.600e-04 3.600e-04 
5.627e+00 8.940e-03 8.300e-05 8.300e-05 2.920e-04 2.920e-04 
6.177e+00 7.380e-03 6.900e-05 6.900e-05 2.410e-04 2.410e-04 
6.771e+00 6.030e-03 5.600e-05 5.600e-05 1.970e-04 1.970e-04 
7.416e+00 4.880e-03 4.600e-05 4.600e-05 1.590e-04 1.590e-04 
8.110e+00 3.950e-03 3.800e-05 3.800e-05 1.290e-04 1.290e-04 
8.859e+00 3.210e-03 3.100e-05 3.100e-05 1.050e-04 1.050e-04 
9.669e+00 2.610e-03 2.700e-05 2.700e-05 8.500e-05 8.500e-05 
1.054e+01 2.110e-03 2.300e-05 2.300e-05 6.900e-05 6.900e-05 
1.149e+01 1.660e-03 1.900e-05 1.900e-05 5.500e-05 5.500e-05 
1.249e+01 1.350e-03 1.700e-05 1.700e-05 4.400e-05 4.400e-05 
1.354e+01 1.100e-03 1.400e-05 1.400e-05 3.600e-05 3.600e-05 
1.468e+01 8.900e-04 1.200e-05 1.200e-05 2.930e-05 2.930e-05 
1.593e+01 7.140e-04 1.010e-05 1.010e-05 2.350e-05 2.350e-05 
1.728e+01 5.700e-04 8.500e-06 8.500e-06 1.880e-05 1.880e-05 
1.873e+01 4.510e-04 7.100e-06 7.100e-06 1.490e-05 1.490e-05 
2.028e+01 3.650e-04 5.900e-06 5.900e-06 1.210e-05 1.210e-05 
2.193e+01 2.920e-04 4.900e-06 4.900e-06 9.700e-06 9.700e-06 
2.373e+01 2.450e-04 4.100e-06 4.100e-06 8.200e-06 8.200e-06 
2.568e+01 1.870e-04 3.300e-06 3.300e-06 6.300e-06 6.300e-06 
2.773e+01 1.510e-04 2.800e-06 2.800e-06 5.100e-06 5.100e-06 
3.104e+01 1.080e-04 1.500e-06 1.500e-06 3.600e-06 3.600e-06 
3.608e+01 7.050e-05 1.130e-06 1.130e-06 2.410e-06 2.410e-06 
4.186e+01 4.620e-05 8.500e-07 8.500e-07 1.600e-06 1.600e-06 
4.849e+01 2.990e-05 6.400e-07 6.400e-07 1.050e-06 1.050e-06 
5.607e+01 1.920e-05 4.800e-07 4.800e-07 6.800e-07 6.800e-07 
6.479e+01 1.200e-05 3.500e-07 3.500e-07 4.300e-07 4.300e-07 
7.486e+01 7.770e-06 2.610e-07 2.610e-07 2.820e-07 2.820e-07 
8.647e+01 5.180e-06 1.980e-07 1.980e-07 1.900e-07 1.900e-07 
1.002e+02 2.990e-06 1.370e-07 1.370e-07 1.110e-07 1.110e-07 
1.161e+02 2.230e-06 1.110e-07 1.110e-07 8.400e-08 8.400e-08 
1.355e+02 1.440e-06 7.800e-08 7.800e-08 5.500e-08 5.500e-08 
1.602e+02 7.770e-07 5.080e-08 5.080e-08 3.030e-08 3.030e-08 
1.920e+02 4.420e-07 3.380e-08 3.380e-08 1.780e-08 1.780e-08 
2.335e+02 2.700e-07 2.280e-08 2.280e-08 1.130e-08 1.130e-08 
2.919e+02 1.500e-07 1.400e-08 1.400e-08 6.700e-09 6.700e-09 
3.806e+02 6.120e-08 7.160e-09 7.160e-09 3.110e-09 3.110e-09 
5.370e+02 2.220e-08 3.070e-09 3.070e-09 1.430e-09 1.430e-09 
8.808e+02 5.780e-09 1.000e-09 1.000e-09 6.000e-10 6.000e-10 
1.825e+03 3.800e-10 3.500e-10 3.500e-10 5.000e-11 5.000e-11 
