#Source: CRDB
#Ref: 10.1103/PhysRevLett.126.041104 (2021PhRvL.126d1104A)
#Experiment: AMS-02
#Y Quantity: Fe
#X Quantity: rigidity
#Url: https://lpsc.in2p3.fr/crdb
#Comments: 
#Colums: x, y, y statistical errors, y systematic errors
2.804e+00 9.354e-02 8.700e-04 8.700e-04 5.700e-03 5.700e-03 
3.125e+00 8.392e-02 6.600e-04 6.600e-04 4.360e-03 4.360e-03 
3.460e+00 7.459e-02 5.300e-04 5.300e-04 3.560e-03 3.560e-03 
3.824e+00 6.577e-02 4.500e-04 4.500e-04 3.000e-03 3.000e-03 
4.219e+00 5.898e-02 3.800e-04 3.800e-04 2.620e-03 2.620e-03 
4.648e+00 5.088e-02 3.100e-04 3.100e-04 2.210e-03 2.210e-03 
5.118e+00 4.387e-02 2.500e-04 2.500e-04 1.880e-03 1.880e-03 
5.627e+00 3.810e-02 2.200e-04 2.200e-04 1.620e-03 1.620e-03 
6.177e+00 3.260e-02 1.900e-04 1.900e-04 1.380e-03 1.380e-03 
6.771e+00 2.798e-02 1.600e-04 1.600e-04 1.180e-03 1.180e-03 
7.416e+00 2.333e-02 1.300e-04 1.300e-04 9.800e-04 9.800e-04 
8.110e+00 1.967e-02 1.100e-04 1.100e-04 8.300e-04 8.300e-04 
8.859e+00 1.662e-02 9.000e-05 9.000e-05 7.000e-04 7.000e-04 
9.669e+00 1.398e-02 8.000e-05 8.000e-05 5.900e-04 5.900e-04 
1.054e+01 1.173e-02 7.000e-05 7.000e-05 4.900e-04 4.900e-04 
1.149e+01 9.879e-03 6.400e-05 6.400e-05 4.150e-04 4.150e-04 
1.249e+01 8.147e-03 5.800e-05 5.800e-05 3.430e-04 3.430e-04 
1.354e+01 6.982e-03 5.100e-05 5.100e-05 2.940e-04 2.940e-04 
1.468e+01 5.747e-03 4.500e-05 4.500e-05 2.420e-04 2.420e-04 
1.593e+01 4.817e-03 3.900e-05 3.900e-05 2.040e-04 2.040e-04 
1.728e+01 4.077e-03 3.400e-05 3.400e-05 1.730e-04 1.730e-04 
1.873e+01 3.355e-03 3.000e-05 3.000e-05 1.420e-04 1.420e-04 
2.028e+01 2.842e-03 2.600e-05 2.600e-05 1.210e-04 1.210e-04 
2.193e+01 2.372e-03 2.200e-05 2.200e-05 1.010e-04 1.010e-04 
2.373e+01 1.962e-03 1.800e-05 1.800e-05 8.400e-05 8.400e-05 
2.568e+01 1.651e-03 1.600e-05 1.600e-05 7.000e-05 7.000e-05 
2.773e+01 1.403e-03 1.400e-05 1.400e-05 6.000e-05 6.000e-05 
3.104e+01 1.072e-03 1.000e-05 1.000e-05 4.500e-05 4.500e-05 
3.608e+01 7.235e-04 7.500e-06 7.500e-06 3.020e-05 3.020e-05 
4.186e+01 5.066e-04 5.800e-06 5.800e-06 2.110e-05 2.110e-05 
4.849e+01 3.433e-04 4.500e-06 4.500e-06 1.430e-05 1.430e-05 
5.607e+01 2.485e-04 3.600e-06 3.600e-06 1.040e-05 1.040e-05 
6.479e+01 1.723e-04 2.800e-06 2.800e-06 7.200e-06 7.200e-06 
7.486e+01 1.186e-04 2.100e-06 2.100e-06 5.000e-06 5.000e-06 
8.647e+01 8.141e-05 1.640e-06 1.640e-06 3.420e-06 3.420e-06 
1.002e+02 5.490e-05 1.230e-06 1.230e-06 2.310e-06 2.310e-06 
1.161e+02 3.625e-05 9.400e-07 9.400e-07 1.530e-06 1.530e-06 
1.355e+02 2.397e-05 6.700e-07 6.700e-07 1.020e-06 1.020e-06 
1.602e+02 1.516e-05 4.700e-07 4.700e-07 6.500e-07 6.500e-07 
1.920e+02 9.926e-06 3.350e-07 3.350e-07 4.280e-07 4.280e-07 
2.335e+02 5.897e-06 2.240e-07 2.240e-07 2.570e-07 2.570e-07 
2.919e+02 3.364e-06 1.390e-07 1.390e-07 1.490e-07 1.490e-07 
3.806e+02 1.568e-06 7.600e-08 7.600e-08 7.100e-08 7.100e-08 
5.370e+02 6.567e-07 3.500e-08 3.500e-08 3.180e-08 3.180e-08 
8.808e+02 1.707e-07 1.140e-08 1.140e-08 1.040e-08 1.040e-08 
1.853e+03 2.059e-08 6.000e-09 6.000e-09 1.640e-09 1.640e-09 
