#Source: CRDB
#Ref: 10.1016/j.physrep.2020.09.003 (2021PhR...894....1A)
#Experiment: AMS-02
#Y Quantity: posfraction
#X Quantity: rigidity
#Url: https://lpsc.in2p3.fr/crdb
#Comments: 
#Colums: x, y, y statistical errors, y systematic errors
5.685e-01 1.309e-01 4.900e-03 4.900e-03 3.300e-03 3.300e-03 
7.284e-01 1.295e-01 1.300e-03 1.300e-03 2.100e-03 2.100e-03 
9.084e-01 1.188e-01 8.000e-04 8.000e-04 1.000e-03 1.000e-03 
1.108e+00 1.090e-01 6.000e-04 6.000e-04 7.000e-04 7.000e-04 
1.333e+00 9.919e-02 4.400e-04 4.400e-04 5.200e-04 5.200e-04 
1.583e+00 9.081e-02 3.400e-04 3.400e-04 4.000e-04 4.000e-04 
1.853e+00 8.316e-02 2.700e-04 2.700e-04 3.000e-04 3.000e-04 
2.148e+00 7.735e-02 2.400e-04 2.400e-04 2.700e-04 2.700e-04 
2.472e+00 7.221e-02 2.100e-04 2.100e-04 2.500e-04 2.500e-04 
2.818e+00 6.783e-02 2.100e-04 2.100e-04 2.300e-04 2.300e-04 
3.173e+00 6.455e-02 2.000e-04 2.000e-04 2.200e-04 2.200e-04 
3.539e+00 6.196e-02 2.000e-04 2.000e-04 2.100e-04 2.100e-04 
3.919e+00 5.972e-02 2.000e-04 2.000e-04 2.000e-04 2.000e-04 
4.323e+00 5.759e-02 2.000e-04 2.000e-04 1.900e-04 1.900e-04 
4.763e+00 5.620e-02 2.000e-04 2.000e-04 1.800e-04 1.800e-04 
5.237e+00 5.517e-02 2.000e-04 2.000e-04 1.800e-04 1.800e-04 
5.737e+00 5.391e-02 2.100e-04 2.100e-04 1.700e-04 1.700e-04 
6.262e+00 5.353e-02 2.100e-04 2.100e-04 1.700e-04 1.700e-04 
6.812e+00 5.353e-02 2.200e-04 2.200e-04 1.700e-04 1.700e-04 
7.387e+00 5.260e-02 2.300e-04 2.300e-04 1.700e-04 1.700e-04 
7.987e+00 5.289e-02 2.500e-04 2.500e-04 1.700e-04 1.700e-04 
8.617e+00 5.272e-02 2.600e-04 2.600e-04 1.700e-04 1.700e-04 
9.277e+00 5.277e-02 2.800e-04 2.800e-04 1.800e-04 1.800e-04 
9.962e+00 5.333e-02 3.000e-04 3.000e-04 1.800e-04 1.800e-04 
1.067e+01 5.353e-02 3.300e-04 3.300e-04 1.900e-04 1.900e-04 
1.141e+01 5.456e-02 3.500e-04 3.500e-04 1.900e-04 1.900e-04 
1.219e+01 5.581e-02 3.700e-04 3.700e-04 2.000e-04 2.000e-04 
1.299e+01 5.595e-02 4.000e-04 4.000e-04 2.000e-04 2.000e-04 
1.382e+01 5.581e-02 4.300e-04 4.300e-04 2.000e-04 2.000e-04 
1.469e+01 5.656e-02 4.500e-04 4.500e-04 2.000e-04 2.000e-04 
1.559e+01 5.776e-02 4.800e-04 4.800e-04 2.100e-04 2.100e-04 
1.652e+01 5.833e-02 5.100e-04 5.100e-04 2.100e-04 2.100e-04 
1.748e+01 5.891e-02 5.400e-04 5.400e-04 2.100e-04 2.100e-04 
1.848e+01 5.940e-02 5.700e-04 5.700e-04 2.100e-04 2.100e-04 
1.951e+01 6.075e-02 6.000e-04 6.000e-04 2.100e-04 2.100e-04 
2.058e+01 6.339e-02 6.500e-04 6.500e-04 2.200e-04 2.200e-04 
2.168e+01 6.298e-02 6.800e-04 6.800e-04 2.200e-04 2.200e-04 
2.283e+01 6.252e-02 7.200e-04 7.200e-04 2.200e-04 2.200e-04 
2.401e+01 6.529e-02 7.700e-04 7.700e-04 2.400e-04 2.400e-04 
2.525e+01 6.495e-02 8.000e-04 8.000e-04 2.400e-04 2.400e-04 
2.656e+01 6.808e-02 8.600e-04 8.600e-04 2.600e-04 2.600e-04 
2.795e+01 6.820e-02 9.100e-04 9.100e-04 2.700e-04 2.700e-04 
2.943e+01 7.093e-02 9.700e-04 9.700e-04 2.900e-04 2.900e-04 
3.100e+01 7.164e-02 1.050e-03 1.050e-03 3.000e-04 3.000e-04 
3.266e+01 7.274e-02 1.110e-03 1.110e-03 3.100e-04 3.100e-04 
3.443e+01 7.330e-02 1.180e-03 1.180e-03 3.200e-04 3.200e-04 
3.632e+01 7.669e-02 1.270e-03 1.270e-03 3.500e-04 3.500e-04 
3.833e+01 7.652e-02 1.340e-03 1.340e-03 3.600e-04 3.600e-04 
4.048e+01 7.870e-02 1.430e-03 1.430e-03 3.800e-04 3.800e-04 
4.278e+01 8.105e-02 1.540e-03 1.540e-03 4.100e-04 4.100e-04 
4.526e+01 8.115e-02 1.630e-03 1.630e-03 4.200e-04 4.200e-04 
4.792e+01 8.811e-02 1.780e-03 1.780e-03 4.700e-04 4.700e-04 
5.080e+01 8.406e-02 1.860e-03 1.860e-03 4.700e-04 4.700e-04 
5.392e+01 8.689e-02 1.990e-03 1.990e-03 5.100e-04 5.100e-04 
5.732e+01 8.967e-02 2.130e-03 2.130e-03 5.400e-04 5.400e-04 
6.103e+01 8.978e-02 2.280e-03 2.280e-03 5.600e-04 5.600e-04 
6.511e+01 9.775e-02 2.490e-03 2.490e-03 6.300e-04 6.300e-04 
6.962e+01 9.670e-02 2.630e-03 2.630e-03 6.600e-04 6.600e-04 
7.465e+01 1.039e-01 2.800e-03 2.800e-03 7.000e-04 7.000e-04 
8.029e+01 1.033e-01 3.000e-03 3.000e-03 8.000e-04 8.000e-04 
8.669e+01 1.091e-01 3.300e-03 3.300e-03 9.000e-04 9.000e-04 
9.402e+01 1.142e-01 3.600e-03 3.600e-03 1.000e-03 1.000e-03 
1.026e+02 1.073e-01 4.000e-03 4.000e-03 9.000e-04 9.000e-04 
1.127e+02 1.165e-01 4.400e-03 4.400e-03 1.000e-03 1.000e-03 
1.250e+02 1.183e-01 4.700e-03 4.700e-03 1.000e-03 1.000e-03 
1.401e+02 1.337e-01 5.300e-03 5.300e-03 1.200e-03 1.200e-03 
1.589e+02 1.323e-01 5.800e-03 5.800e-03 1.200e-03 1.200e-03 
1.831e+02 1.472e-01 6.800e-03 6.800e-03 1.400e-03 1.400e-03 
2.163e+02 1.481e-01 8.000e-03 8.000e-03 1.700e-03 1.700e-03 
2.618e+02 1.621e-01 9.700e-03 9.700e-03 2.300e-03 2.300e-03 
3.268e+02 1.557e-01 1.200e-02 1.200e-02 2.800e-03 2.800e-03 
4.285e+02 1.630e-01 1.660e-02 1.660e-02 5.000e-03 5.000e-03 
5.888e+02 1.541e-01 2.740e-02 2.740e-02 1.300e-02 1.300e-02 
8.323e+02 9.802e-02 5.052e-02 5.052e-02 2.181e-02 2.181e-02 
