#Source: SSDC
#Ref: 10.1103/PhysRevLett.126.081102 (2021PhRvL.126h1102A)
#Experiment: AMS-02
#Y Quantity: F_Si
#X Quantity: rigidity
#Url: https://tools.ssdc.asi.it/CosmicRays/
#Comments: 
#Colums: x, y, y total errors, y statistical errors
2.272e+00 1.350e-01 7.762e-03 7.762e-03 2.000e-03 2.000e-03 
2.531e+00 1.338e-01 5.787e-03 5.787e-03 1.800e-03 1.800e-03 
2.816e+00 1.374e-01 5.376e-03 5.376e-03 1.700e-03 1.700e-03 
3.126e+00 1.392e-01 5.281e-03 5.281e-03 1.700e-03 1.700e-03 
3.461e+00 1.401e-01 5.155e-03 5.155e-03 1.600e-03 1.600e-03 
3.825e+00 1.400e-01 5.029e-03 5.029e-03 1.500e-03 1.500e-03 
4.220e+00 1.371e-01 4.934e-03 4.934e-03 1.500e-03 1.500e-03 
4.650e+00 1.348e-01 4.808e-03 4.808e-03 1.400e-03 1.400e-03 
5.119e+00 1.331e-01 4.684e-03 4.684e-03 1.300e-03 1.300e-03 
5.629e+00 1.304e-01 4.588e-03 4.588e-03 1.300e-03 1.300e-03 
6.178e+00 1.275e-01 4.492e-03 4.492e-03 1.300e-03 1.300e-03 
6.773e+00 1.246e-01 4.368e-03 4.368e-03 1.200e-03 1.200e-03 
7.417e+00 1.205e-01 4.272e-03 4.272e-03 1.200e-03 1.200e-03 
8.112e+00 1.191e-01 4.176e-03 4.176e-03 1.200e-03 1.200e-03 
8.861e+00 1.157e-01 4.080e-03 4.080e-03 1.200e-03 1.200e-03 
9.671e+00 1.142e-01 3.985e-03 3.985e-03 1.200e-03 1.200e-03 
1.054e+01 1.118e-01 4.016e-03 4.016e-03 1.300e-03 1.300e-03 
1.149e+01 1.079e-01 3.828e-03 3.828e-03 1.300e-03 1.300e-03 
1.249e+01 1.061e-01 3.863e-03 3.863e-03 1.400e-03 1.400e-03 
1.354e+01 1.038e-01 3.770e-03 3.770e-03 1.400e-03 1.400e-03 
1.469e+01 1.028e-01 3.808e-03 3.808e-03 1.500e-03 1.500e-03 
1.594e+01 1.001e-01 3.716e-03 3.716e-03 1.500e-03 1.500e-03 
1.729e+01 9.800e-02 3.625e-03 3.625e-03 1.500e-03 1.500e-03 
1.873e+01 9.430e-02 3.578e-03 3.578e-03 1.600e-03 1.600e-03 
2.028e+01 9.220e-02 3.489e-03 3.489e-03 1.600e-03 1.600e-03 
2.193e+01 9.040e-02 3.489e-03 3.489e-03 1.600e-03 1.600e-03 
2.373e+01 9.250e-02 3.578e-03 3.578e-03 1.600e-03 1.600e-03 
2.568e+01 8.580e-02 3.312e-03 3.312e-03 1.600e-03 1.600e-03 
2.773e+01 8.360e-02 3.312e-03 3.312e-03 1.600e-03 1.600e-03 
3.106e+01 7.940e-02 3.046e-03 3.046e-03 1.200e-03 1.200e-03 
3.610e+01 7.610e-02 2.997e-03 2.997e-03 1.300e-03 1.300e-03 
4.189e+01 7.370e-02 2.953e-03 2.953e-03 1.400e-03 1.400e-03 
4.852e+01 6.890e-02 2.915e-03 2.915e-03 1.500e-03 1.500e-03 
5.610e+01 6.600e-02 2.941e-03 2.941e-03 1.700e-03 1.700e-03 
6.483e+01 5.980e-02 2.843e-03 2.843e-03 1.800e-03 1.800e-03 
7.491e+01 5.700e-02 2.900e-03 2.900e-03 2.000e-03 2.000e-03 
8.652e+01 5.570e-02 3.041e-03 3.041e-03 2.200e-03 2.200e-03 
1.002e+02 4.850e-02 2.983e-03 2.983e-03 2.300e-03 2.300e-03 
1.162e+02 5.430e-02 3.500e-03 3.500e-03 2.800e-03 2.800e-03 
1.356e+02 5.430e-02 3.662e-03 3.662e-03 3.000e-03 3.000e-03 
1.604e+02 4.500e-02 3.499e-03 3.499e-03 3.000e-03 3.000e-03 
1.922e+02 4.270e-02 3.712e-03 3.712e-03 3.300e-03 3.300e-03 
2.338e+02 4.370e-02 4.205e-03 4.205e-03 3.800e-03 3.800e-03 
2.924e+02 4.570e-02 4.833e-03 4.833e-03 4.400e-03 4.400e-03 
3.815e+02 3.720e-02 4.754e-03 4.754e-03 4.400e-03 4.400e-03 
5.395e+02 3.420e-02 5.200e-03 5.200e-03 4.800e-03 4.800e-03 
8.899e+02 3.330e-02 6.531e-03 6.531e-03 5.900e-03 5.900e-03 
1.865e+03 1.620e-02 1.520e-02 1.520e-02 1.510e-02 1.510e-02 
