#Source: SSDC
#Ref: 10.1103/PhysRevLett.124.211102 (2020PhRvL.124u1102A)
#Experiment: AMS-02
#Y Quantity: Mg
#X Quantity: rigidity
#Url: https://tools.ssdc.asi.it/CosmicRays/
#Comments: 
#Colums: x, y, y total errors, y statistical errors
2.271e+00 3.081e-01 1.328e-02 1.328e-02 1.500e-03 1.500e-03 
2.531e+00 2.808e-01 1.156e-02 1.156e-02 1.200e-03 1.200e-03 
2.815e+00 2.492e-01 9.950e-03 9.950e-03 1.000e-03 1.000e-03 
3.125e+00 2.193e-01 8.448e-03 8.448e-03 9.000e-04 9.000e-04 
3.460e+00 1.951e-01 7.333e-03 7.333e-03 7.000e-04 7.000e-04 
3.824e+00 1.692e-01 6.329e-03 6.329e-03 6.000e-04 6.000e-04 
4.219e+00 1.462e-01 5.324e-03 5.324e-03 5.000e-04 5.000e-04 
4.648e+00 1.251e-01 4.518e-03 4.518e-03 4.000e-04 4.000e-04 
5.118e+00 1.070e-01 3.812e-03 3.812e-03 3.000e-04 3.000e-04 
5.627e+00 9.028e-02 3.243e-03 3.243e-03 2.900e-04 2.900e-04 
6.177e+00 7.503e-02 2.691e-03 2.691e-03 2.400e-04 2.400e-04 
6.771e+00 6.266e-02 2.239e-03 2.239e-03 2.000e-04 2.000e-04 
7.416e+00 5.204e-02 1.857e-03 1.857e-03 1.600e-04 1.600e-04 
8.110e+00 4.307e-02 1.536e-03 1.536e-03 1.400e-04 1.400e-04 
8.859e+00 3.546e-02 1.265e-03 1.265e-03 1.100e-04 1.100e-04 
9.669e+00 2.914e-02 1.035e-03 1.035e-03 1.000e-04 1.000e-04 
1.054e+01 2.402e-02 8.538e-04 8.538e-04 8.000e-05 8.000e-05 
1.149e+01 1.953e-02 6.935e-04 6.935e-04 7.000e-05 7.000e-05 
1.249e+01 1.602e-02 5.731e-04 5.731e-04 6.000e-05 6.000e-05 
1.354e+01 1.320e-02 4.727e-04 4.727e-04 5.000e-05 5.000e-05 
1.468e+01 1.091e-02 3.932e-04 3.932e-04 5.000e-05 5.000e-05 
1.593e+01 8.924e-03 3.194e-04 3.194e-04 3.900e-05 3.900e-05 
1.728e+01 7.279e-03 2.601e-04 2.601e-04 3.300e-05 3.300e-05 
1.873e+01 5.992e-03 2.148e-04 2.148e-04 2.800e-05 2.800e-05 
2.028e+01 4.872e-03 1.747e-04 1.747e-04 2.400e-05 2.400e-05 
2.193e+01 3.984e-03 1.434e-04 1.434e-04 2.000e-05 2.000e-05 
2.373e+01 3.259e-03 1.171e-04 1.171e-04 1.600e-05 1.600e-05 
2.568e+01 2.665e-03 9.603e-05 9.603e-05 1.400e-05 1.400e-05 
2.773e+01 2.189e-03 7.892e-05 7.892e-05 1.200e-05 1.200e-05 
2.992e+01 1.809e-03 6.576e-05 6.576e-05 1.000e-05 1.000e-05 
3.227e+01 1.488e-03 5.376e-05 5.376e-05 9.000e-06 9.000e-06 
3.477e+01 1.225e-03 4.455e-05 4.455e-05 7.000e-06 7.000e-06 
3.747e+01 1.004e-03 3.650e-05 3.650e-05 6.000e-06 6.000e-06 
4.037e+01 8.113e-04 2.963e-05 2.963e-05 5.600e-06 5.600e-06 
4.346e+01 6.826e-04 2.510e-05 2.510e-05 5.000e-06 5.000e-06 
4.676e+01 5.534e-04 2.036e-05 2.036e-05 4.300e-06 4.300e-06 
5.031e+01 4.567e-04 1.693e-05 1.693e-05 3.800e-06 3.800e-06 
5.411e+01 3.752e-04 1.399e-05 1.399e-05 3.300e-06 3.300e-06 
5.815e+01 3.096e-04 1.157e-05 1.157e-05 2.900e-06 2.900e-06 
6.250e+01 2.532e-04 9.560e-06 9.560e-06 2.600e-06 2.600e-06 
6.719e+01 2.076e-04 7.912e-06 7.912e-06 2.200e-06 2.200e-06 
7.224e+01 1.714e-04 6.580e-06 6.580e-06 1.900e-06 1.900e-06 
7.764e+01 1.369e-04 5.281e-06 5.281e-06 1.700e-06 1.700e-06 
8.343e+01 1.157e-04 4.460e-06 4.460e-06 1.500e-06 1.500e-06 
8.968e+01 9.427e-05 3.693e-06 3.693e-06 1.290e-06 1.290e-06 
9.642e+01 7.783e-05 3.075e-06 3.075e-06 1.130e-06 1.130e-06 
1.039e+02 6.223e-05 2.479e-06 2.479e-06 9.500e-07 9.500e-07 
1.119e+02 5.199e-05 2.104e-06 2.104e-06 8.600e-07 8.600e-07 
1.204e+02 4.263e-05 1.736e-06 1.736e-06 7.400e-07 7.400e-07 
1.299e+02 3.465e-05 1.427e-06 1.427e-06 6.300e-07 6.300e-07 
1.408e+02 2.736e-05 1.131e-06 1.131e-06 5.100e-07 5.100e-07 
1.533e+02 2.154e-05 9.130e-07 9.130e-07 4.400e-07 4.400e-07 
1.673e+02 1.673e-05 7.169e-07 7.169e-07 3.600e-07 3.600e-07 
1.833e+02 1.295e-05 5.660e-07 5.660e-07 3.000e-07 3.000e-07 
2.012e+02 1.025e-05 4.632e-07 4.632e-07 2.500e-07 2.500e-07 
2.217e+02 7.857e-06 3.597e-07 3.597e-07 2.030e-07 2.030e-07 
2.456e+02 5.952e-06 2.789e-07 2.789e-07 1.620e-07 1.620e-07 
2.744e+02 4.305e-06 2.078e-07 2.078e-07 1.250e-07 1.250e-07 
3.097e+02 3.247e-06 1.604e-07 1.604e-07 9.800e-08 9.800e-08 
3.535e+02 2.179e-06 1.129e-07 1.129e-07 7.200e-08 7.200e-08 
4.086e+02 1.416e-06 7.723e-08 7.723e-08 5.100e-08 5.100e-08 
4.807e+02 9.378e-07 5.404e-08 5.404e-08 3.600e-08 3.600e-08 
5.877e+02 6.083e-07 3.633e-08 3.633e-08 2.290e-08 2.290e-08 
7.519e+02 2.841e-07 1.971e-08 1.971e-08 1.290e-08 1.290e-08 
1.013e+03 1.385e-07 1.126e-08 1.126e-08 6.900e-09 6.900e-09 
1.853e+03 2.529e-08 3.768e-09 3.768e-09 3.200e-09 3.200e-09 
