#Source: SSDC
#Ref: 10.1016/j.physrep.2020.09.003 (2021PhR...894....1A)
#Experiment: AMS-02
#Y Quantity: He
#X Quantity: rigidity
#Url: https://tools.ssdc.asi.it/CosmicRays/
#Comments: 
#Colums: x, y, y total errors, y statistical errors
2.031e+00 6.947e+01 1.581e+00 1.581e+00 4.000e-02 4.000e-02 
2.271e+00 6.411e+01 1.021e+00 1.021e+00 4.000e-02 4.000e-02 
2.531e+00 5.751e+01 8.106e-01 8.106e-01 3.000e-02 3.000e-02 
2.815e+00 5.112e+01 6.907e-01 6.907e-01 3.000e-02 3.000e-02 
3.125e+00 4.490e+01 6.003e-01 6.003e-01 2.000e-02 2.000e-02 
3.460e+00 3.890e+01 5.304e-01 5.304e-01 2.000e-02 2.000e-02 
3.824e+00 3.329e+01 4.604e-01 4.604e-01 2.000e-02 2.000e-02 
4.219e+00 2.822e+01 4.001e-01 4.001e-01 1.000e-02 1.000e-02 
4.648e+00 2.368e+01 3.302e-01 3.302e-01 1.000e-02 1.000e-02 
5.118e+00 1.968e+01 2.802e-01 2.802e-01 1.000e-02 1.000e-02 
5.627e+00 1.624e+01 2.302e-01 2.302e-01 1.000e-02 1.000e-02 
6.177e+00 1.334e+01 1.903e-01 1.903e-01 1.000e-02 1.000e-02 
6.771e+00 1.092e+01 1.500e-01 1.500e-01 0.000e+00 0.000e+00 
7.416e+00 8.920e+00 1.211e-01 1.211e-01 4.000e-03 4.000e-03 
8.110e+00 7.278e+00 9.705e-02 9.705e-02 3.000e-03 3.000e-03 
8.859e+00 5.927e+00 7.906e-02 7.906e-02 3.000e-03 3.000e-03 
9.669e+00 4.828e+00 6.403e-02 6.403e-02 2.000e-03 2.000e-03 
1.054e+01 3.927e+00 5.104e-02 5.104e-02 2.000e-03 2.000e-03 
1.149e+01 3.186e+00 4.205e-02 4.205e-02 2.000e-03 2.000e-03 
1.249e+01 2.597e+00 3.401e-02 3.401e-02 1.000e-03 1.000e-03 
1.354e+01 2.122e+00 2.802e-02 2.802e-02 1.000e-03 1.000e-03 
1.468e+01 1.730e+00 2.302e-02 2.302e-02 1.000e-03 1.000e-03 
1.593e+01 1.406e+00 1.803e-02 1.803e-02 1.000e-03 1.000e-03 
1.728e+01 1.141e+00 1.503e-02 1.503e-02 1.000e-03 1.000e-03 
1.873e+01 9.268e-01 1.221e-02 1.221e-02 6.000e-04 6.000e-04 
2.028e+01 7.530e-01 1.001e-02 1.001e-02 5.000e-04 5.000e-04 
2.193e+01 6.131e-01 8.110e-03 8.110e-03 4.000e-04 4.000e-04 
2.373e+01 4.986e-01 6.612e-03 6.612e-03 4.000e-04 4.000e-04 
2.568e+01 4.049e-01 5.408e-03 5.408e-03 3.000e-04 3.000e-04 
2.773e+01 3.302e-01 4.410e-03 4.410e-03 3.000e-04 3.000e-04 
2.992e+01 2.694e-01 3.606e-03 3.606e-03 2.000e-04 2.000e-04 
3.227e+01 2.201e-01 3.007e-03 3.007e-03 2.000e-04 2.000e-04 
3.477e+01 1.802e-01 2.408e-03 2.408e-03 2.000e-04 2.000e-04 
3.747e+01 1.475e-01 2.002e-03 2.002e-03 1.000e-04 1.000e-04 
4.037e+01 1.203e-01 1.603e-03 1.603e-03 1.000e-04 1.000e-04 
4.346e+01 9.861e-02 1.354e-03 1.354e-03 1.100e-04 1.100e-04 
4.676e+01 8.092e-02 1.114e-03 1.114e-03 9.000e-05 9.000e-05 
5.031e+01 6.627e-02 9.135e-04 9.135e-04 8.000e-05 8.000e-05 
5.411e+01 5.446e-02 7.533e-04 7.533e-04 7.000e-05 7.000e-05 
5.815e+01 4.481e-02 6.229e-04 6.229e-04 6.000e-05 6.000e-05 
6.250e+01 3.685e-02 5.124e-04 5.124e-04 5.000e-05 5.000e-05 
6.719e+01 3.036e-02 4.230e-04 4.230e-04 5.000e-05 5.000e-05 
7.224e+01 2.496e-02 3.523e-04 3.523e-04 4.000e-05 4.000e-05 
7.764e+01 2.051e-02 2.927e-04 2.927e-04 4.000e-05 4.000e-05 
8.343e+01 1.681e-02 2.419e-04 2.419e-04 3.000e-05 3.000e-05 
8.968e+01 1.387e-02 2.022e-04 2.022e-04 3.000e-05 3.000e-05 
9.642e+01 1.140e-02 1.612e-04 1.612e-04 2.000e-05 2.000e-05 
1.039e+02 9.311e-03 1.335e-04 1.335e-04 2.000e-05 2.000e-05 
1.119e+02 7.597e-03 1.095e-04 1.095e-04 1.800e-05 1.800e-05 
1.204e+02 6.186e-03 9.043e-05 9.043e-05 1.600e-05 1.600e-05 
1.299e+02 5.029e-03 7.415e-05 7.415e-05 1.300e-05 1.300e-05 
1.408e+02 4.036e-03 6.002e-05 6.002e-05 1.100e-05 1.100e-05 
1.533e+02 3.187e-03 4.785e-05 4.785e-05 9.000e-06 9.000e-06 
1.673e+02 2.521e-03 3.883e-05 3.883e-05 8.000e-06 8.000e-06 
1.833e+02 1.972e-03 3.059e-05 3.059e-05 6.000e-06 6.000e-06 
2.012e+02 1.532e-03 2.452e-05 2.452e-05 5.000e-06 5.000e-06 
2.217e+02 1.170e-03 1.942e-05 1.942e-05 4.000e-06 4.000e-06 
2.456e+02 8.895e-04 1.499e-05 1.499e-05 3.400e-06 3.400e-06 
2.744e+02 6.552e-04 1.140e-05 1.140e-05 2.600e-06 2.600e-06 
3.097e+02 4.758e-04 8.635e-06 8.635e-06 2.000e-06 2.000e-06 
3.535e+02 3.339e-04 6.476e-06 6.476e-06 1.500e-06 1.500e-06 
4.086e+02 2.274e-04 4.730e-06 4.730e-06 1.100e-06 1.100e-06 
4.807e+02 1.473e-04 3.298e-06 3.298e-06 8.000e-07 8.000e-07 
5.803e+02 9.095e-05 2.276e-06 2.276e-06 5.000e-07 5.000e-07 
7.257e+02 4.983e-05 1.442e-06 1.442e-06 3.000e-07 3.000e-07 
9.609e+02 2.412e-05 8.551e-07 8.551e-07 1.600e-07 1.600e-07 
1.417e+03 8.831e-06 4.369e-07 4.369e-07 6.500e-08 6.500e-08 
2.306e+03 2.518e-06 2.007e-07 2.007e-07 2.600e-08 2.600e-08 
