#Source: SSDC
#Ref: 10.1103/PhysRevLett.120.021101 (2018PhRvL.120b1101A)
#Experiment: AMS-02
#Y Quantity: Li_B
#X Quantity: rigidity
#Url: https://tools.ssdc.asi.it/CosmicRays/
#Comments: 
#Colums: x, y, y total errors, y statistical errors
2.272e+00 5.963e-01 1.712e-02 1.712e-02 4.101e-03 4.101e-03 
2.531e+00 6.017e-01 1.679e-02 1.679e-02 3.710e-03 3.710e-03 
2.816e+00 6.234e-01 1.685e-02 1.685e-02 3.519e-03 3.519e-03 
3.126e+00 6.432e-01 1.691e-02 1.691e-02 3.442e-03 3.442e-03 
3.461e+00 6.517e-01 1.675e-02 1.675e-02 3.262e-03 3.262e-03 
3.825e+00 6.564e-01 1.659e-02 1.659e-02 3.206e-03 3.206e-03 
4.220e+00 6.669e-01 1.663e-02 1.663e-02 3.184e-03 3.184e-03 
4.650e+00 6.829e-01 1.684e-02 1.684e-02 3.116e-03 3.116e-03 
5.119e+00 6.869e-01 1.680e-02 1.680e-02 3.003e-03 3.003e-03 
5.629e+00 6.986e-01 1.700e-02 1.700e-02 3.062e-03 3.062e-03 
6.178e+00 7.054e-01 1.711e-02 1.711e-02 3.124e-03 3.124e-03 
6.773e+00 7.140e-01 1.727e-02 1.727e-02 3.159e-03 3.159e-03 
7.417e+00 7.209e-01 1.742e-02 1.742e-02 3.216e-03 3.216e-03 
8.112e+00 7.242e-01 1.750e-02 1.750e-02 3.278e-03 3.278e-03 
8.861e+00 7.266e-01 1.757e-02 1.757e-02 3.367e-03 3.367e-03 
9.671e+00 7.308e-01 1.771e-02 1.771e-02 3.542e-03 3.542e-03 
1.054e+01 7.251e-01 1.763e-02 1.763e-02 3.718e-03 3.718e-03 
1.149e+01 7.259e-01 1.770e-02 1.770e-02 3.905e-03 3.905e-03 
1.249e+01 7.303e-01 1.790e-02 1.790e-02 4.301e-03 4.301e-03 
1.354e+01 7.267e-01 1.789e-02 1.789e-02 4.499e-03 4.499e-03 
1.469e+01 7.321e-01 1.811e-02 1.811e-02 4.755e-03 4.755e-03 
1.594e+01 7.247e-01 1.802e-02 1.802e-02 4.958e-03 4.958e-03 
1.729e+01 7.271e-01 1.819e-02 1.819e-02 5.274e-03 5.274e-03 
1.873e+01 7.165e-01 1.803e-02 1.803e-02 5.444e-03 5.444e-03 
2.028e+01 7.179e-01 1.818e-02 1.818e-02 5.712e-03 5.712e-03 
2.193e+01 7.229e-01 1.840e-02 1.840e-02 5.955e-03 5.955e-03 
2.373e+01 7.236e-01 1.848e-02 1.848e-02 6.043e-03 6.043e-03 
2.568e+01 7.133e-01 1.835e-02 1.835e-02 6.262e-03 6.262e-03 
2.773e+01 7.067e-01 1.831e-02 1.831e-02 6.497e-03 6.497e-03 
2.993e+01 7.334e-01 1.916e-02 1.916e-02 7.056e-03 7.056e-03 
3.228e+01 7.258e-01 1.921e-02 1.921e-02 7.543e-03 7.543e-03 
3.478e+01 7.113e-01 1.904e-02 1.904e-02 7.830e-03 7.830e-03 
3.747e+01 7.127e-01 1.937e-02 1.937e-02 8.431e-03 8.431e-03 
4.037e+01 7.347e-01 2.032e-02 2.032e-02 9.401e-03 9.401e-03 
4.347e+01 7.207e-01 2.034e-02 2.034e-02 9.969e-03 9.969e-03 
4.677e+01 7.156e-01 2.061e-02 2.061e-02 1.063e-02 1.063e-02 
5.032e+01 7.101e-01 2.100e-02 2.100e-02 1.149e-02 1.149e-02 
5.411e+01 7.093e-01 2.155e-02 2.155e-02 1.241e-02 1.241e-02 
5.816e+01 7.089e-01 2.217e-02 2.217e-02 1.337e-02 1.337e-02 
6.251e+01 7.285e-01 2.348e-02 2.348e-02 1.478e-02 1.478e-02 
6.721e+01 7.165e-01 2.387e-02 2.387e-02 1.566e-02 1.566e-02 
7.225e+01 7.228e-01 2.501e-02 2.501e-02 1.710e-02 1.710e-02 
7.765e+01 6.913e-01 2.488e-02 2.488e-02 1.764e-02 1.764e-02 
8.345e+01 6.926e-01 2.601e-02 2.601e-02 1.909e-02 1.909e-02 
8.969e+01 6.960e-01 2.707e-02 2.707e-02 2.033e-02 2.033e-02 
9.644e+01 6.813e-01 2.813e-02 2.813e-02 2.195e-02 2.195e-02 
1.039e+02 7.081e-01 3.016e-02 3.016e-02 2.388e-02 2.388e-02 
1.119e+02 6.846e-01 3.187e-02 3.187e-02 2.632e-02 2.632e-02 
1.204e+02 6.333e-01 3.044e-02 3.044e-02 2.540e-02 2.540e-02 
1.299e+02 6.854e-01 3.474e-02 3.474e-02 2.950e-02 2.950e-02 
1.409e+02 7.225e-01 3.711e-02 3.711e-02 3.152e-02 3.152e-02 
1.534e+02 7.691e-01 4.266e-02 4.266e-02 3.703e-02 3.703e-02 
1.673e+02 7.329e-01 4.232e-02 4.232e-02 3.700e-02 3.700e-02 
1.833e+02 6.660e-01 4.088e-02 4.088e-02 3.617e-02 3.617e-02 
2.013e+02 6.813e-01 4.542e-02 4.542e-02 4.079e-02 4.079e-02 
2.217e+02 6.680e-01 4.759e-02 4.759e-02 4.311e-02 4.311e-02 
2.457e+02 7.224e-01 5.332e-02 5.332e-02 4.832e-02 4.832e-02 
2.745e+02 6.889e-01 5.676e-02 5.676e-02 5.215e-02 5.215e-02 
3.099e+02 6.552e-01 5.657e-02 5.657e-02 5.195e-02 5.195e-02 
3.537e+02 8.075e-01 7.426e-02 7.426e-02 6.821e-02 6.821e-02 
4.088e+02 8.263e-01 8.152e-02 8.152e-02 7.480e-02 7.480e-02 
4.812e+02 5.699e-01 6.611e-02 6.611e-02 6.133e-02 6.133e-02 
5.886e+02 6.800e-01 7.853e-02 7.853e-02 7.082e-02 7.082e-02 
7.621e+02 7.105e-01 9.719e-02 9.719e-02 8.675e-02 8.675e-02 
1.070e+03 6.204e-01 1.006e-01 1.006e-01 8.616e-02 8.616e-02 
2.071e+03 9.865e-01 3.725e-01 3.725e-01 3.601e-01 3.601e-01 
