#Source: SSDC
#Ref: 10.1016/j.physrep.2020.09.003 (2021PhR...894....1A)
#Experiment: AMS-02
#Y Quantity: e-
#X Quantity: kineticEnergy
#Url: https://tools.ssdc.asi.it/CosmicRays/
#Comments: 
#Colums: x, y, y total errors, y statistical errors
5.685e-01 1.731e+01 8.078e-01 8.078e-01 2.100e-01 2.100e-01 
7.284e-01 1.710e+01 6.329e-01 6.329e-01 6.000e-02 6.000e-02 
9.084e-01 1.658e+01 4.916e-01 4.916e-01 4.000e-02 4.000e-02 
1.108e+00 1.562e+01 3.812e-01 3.812e-01 3.000e-02 3.000e-02 
1.333e+00 1.391e+01 2.807e-01 2.807e-01 2.000e-02 2.000e-02 
1.583e+00 1.200e+01 2.002e-01 2.002e-01 1.000e-02 1.000e-02 
1.853e+00 1.027e+01 1.503e-01 1.503e-01 1.000e-02 1.000e-02 
2.148e+00 8.403e+00 1.102e-01 1.102e-01 7.000e-03 7.000e-03 
2.472e+00 6.897e+00 8.322e-02 8.322e-02 6.000e-03 6.000e-03 
2.818e+00 5.504e+00 6.412e-02 6.412e-02 4.000e-03 4.000e-03 
3.173e+00 4.405e+00 5.016e-02 5.016e-02 4.000e-03 4.000e-03 
3.539e+00 3.555e+00 4.011e-02 4.011e-02 3.000e-03 3.000e-03 
3.919e+00 2.859e+00 3.206e-02 3.206e-02 2.000e-03 2.000e-03 
4.323e+00 2.279e+00 2.508e-02 2.508e-02 2.000e-03 2.000e-03 
4.763e+00 1.800e+00 2.010e-02 2.010e-02 2.000e-03 2.000e-03 
5.237e+00 1.409e+00 1.603e-02 1.603e-02 1.000e-03 1.000e-03 
5.737e+00 1.104e+00 1.304e-02 1.304e-02 1.000e-03 1.000e-03 
6.262e+00 8.715e-01 1.003e-02 1.003e-02 8.000e-04 8.000e-04 
6.812e+00 6.885e-01 7.931e-03 7.931e-03 7.000e-04 7.000e-04 
7.387e+00 5.439e-01 6.329e-03 6.329e-03 6.000e-04 6.000e-04 
7.987e+00 4.309e-01 5.124e-03 5.124e-03 5.000e-04 5.000e-04 
8.617e+00 3.415e-01 4.020e-03 4.020e-03 4.000e-04 4.000e-04 
9.277e+00 2.747e-01 3.314e-03 3.314e-03 3.000e-04 3.000e-04 
9.962e+00 2.204e-01 2.617e-03 2.617e-03 3.000e-04 3.000e-04 
1.067e+01 1.779e-01 2.220e-03 2.220e-03 3.000e-04 3.000e-04 
1.141e+01 1.438e-01 1.811e-03 1.811e-03 2.000e-04 2.000e-04 
1.219e+01 1.170e-01 1.414e-03 1.414e-03 2.000e-04 2.000e-04 
1.299e+01 9.557e-02 1.191e-03 1.191e-03 1.600e-04 1.600e-04 
1.382e+01 7.849e-02 9.899e-04 9.899e-04 1.400e-04 1.400e-04 
1.469e+01 6.439e-02 8.188e-04 8.188e-04 1.200e-04 1.200e-04 
1.559e+01 5.316e-02 6.790e-04 6.790e-04 1.100e-04 1.100e-04 
1.652e+01 4.382e-02 5.672e-04 5.672e-04 9.000e-05 9.000e-05 
1.748e+01 3.659e-02 4.768e-04 4.768e-04 8.000e-05 8.000e-05 
1.848e+01 3.057e-02 3.962e-04 3.962e-04 7.000e-05 7.000e-05 
1.951e+01 2.573e-02 3.354e-04 3.354e-04 6.000e-05 6.000e-05 
2.058e+01 2.146e-02 2.864e-04 2.864e-04 6.000e-05 6.000e-05 
2.168e+01 1.804e-02 2.452e-04 2.452e-04 5.000e-05 5.000e-05 
2.283e+01 1.524e-02 2.040e-04 2.040e-04 4.000e-05 4.000e-05 
2.401e+01 1.291e-02 1.746e-04 1.746e-04 4.000e-05 4.000e-05 
2.525e+01 1.099e-02 1.552e-04 1.552e-04 4.000e-05 4.000e-05 
2.656e+01 9.236e-03 1.268e-04 1.268e-04 3.100e-05 3.100e-05 
2.795e+01 7.841e-03 1.087e-04 1.087e-04 2.800e-05 2.800e-05 
2.943e+01 6.622e-03 9.244e-05 9.244e-05 2.500e-05 2.500e-05 
3.100e+01 5.530e-03 7.720e-05 7.720e-05 2.200e-05 2.200e-05 
3.266e+01 4.685e-03 6.610e-05 6.610e-05 2.000e-05 2.000e-05 
3.443e+01 3.947e-03 5.566e-05 5.566e-05 1.700e-05 1.700e-05 
3.632e+01 3.311e-03 4.743e-05 4.743e-05 1.500e-05 1.500e-05 
3.833e+01 2.806e-03 4.050e-05 4.050e-05 1.400e-05 1.400e-05 
4.048e+01 2.343e-03 3.418e-05 3.418e-05 1.200e-05 1.200e-05 
4.278e+01 1.951e-03 2.915e-05 2.915e-05 1.100e-05 1.100e-05 
4.526e+01 1.635e-03 2.417e-05 2.417e-05 1.000e-05 1.000e-05 
4.792e+01 1.367e-03 2.062e-05 2.062e-05 8.000e-06 8.000e-06 
5.080e+01 1.119e-03 1.655e-05 1.655e-05 7.000e-06 7.000e-06 
5.392e+01 9.297e-04 1.431e-05 1.431e-05 6.400e-06 6.400e-06 
5.732e+01 7.663e-04 1.199e-05 1.199e-05 5.600e-06 5.600e-06 
6.103e+01 6.191e-04 9.849e-06 9.849e-06 4.800e-06 4.800e-06 
6.511e+01 5.072e-04 8.163e-06 8.163e-06 4.200e-06 4.200e-06 
6.962e+01 4.075e-04 6.604e-06 6.604e-06 3.500e-06 3.500e-06 
7.465e+01 3.296e-04 5.492e-06 5.492e-06 3.000e-06 3.000e-06 
8.029e+01 2.613e-04 4.383e-06 4.383e-06 2.500e-06 2.500e-06 
8.669e+01 2.048e-04 3.500e-06 3.500e-06 2.100e-06 2.100e-06 
9.402e+01 1.579e-04 2.780e-06 2.780e-06 1.700e-06 1.700e-06 
1.026e+02 1.214e-04 2.202e-06 2.202e-06 1.400e-06 1.400e-06 
1.127e+02 8.891e-05 1.664e-06 1.664e-06 1.110e-06 1.110e-06 
1.250e+02 6.460e-05 1.245e-06 1.245e-06 8.600e-07 8.600e-07 
1.401e+02 4.531e-05 9.263e-07 9.263e-07 6.600e-07 6.600e-07 
1.589e+02 3.010e-05 6.444e-07 6.444e-07 4.800e-07 4.800e-07 
1.831e+02 1.853e-05 4.342e-07 4.342e-07 3.400e-07 3.400e-07 
2.163e+02 1.075e-05 2.860e-07 2.860e-07 2.300e-07 2.300e-07 
2.618e+02 5.978e-06 1.794e-07 1.794e-07 1.490e-07 1.490e-07 
3.268e+02 3.129e-06 1.106e-07 1.106e-07 9.600e-08 9.600e-08 
4.285e+02 1.278e-06 5.636e-08 5.636e-08 5.000e-08 5.000e-08 
5.888e+02 4.560e-07 2.932e-08 2.932e-08 2.680e-08 2.680e-08 
8.323e+02 1.771e-07 1.701e-08 1.701e-08 1.580e-08 1.580e-08 
1.178e+03 4.123e-08 7.338e-09 7.338e-09 7.000e-09 7.000e-09 
