#Source: SSDC
#Ref: 10.1016/j.physrep.2020.09.003 (2021PhR...894....1A)
#Experiment: AMS-02
#Y Quantity: Be_O
#X Quantity: rigidity
#Url: https://tools.ssdc.asi.it/CosmicRays/
#Comments: 
#Colums: x, y, y total errors, y statistical errors
2.272e+00 9.960e-02 2.961e-03 2.961e-03 6.000e-04 6.000e-04 
2.531e+00 1.009e-01 2.766e-03 2.766e-03 6.000e-04 6.000e-04 
2.816e+00 1.034e-01 2.648e-03 2.648e-03 5.000e-04 5.000e-04 
3.126e+00 1.082e-01 2.746e-03 2.746e-03 5.000e-04 5.000e-04 
3.461e+00 1.095e-01 2.746e-03 2.746e-03 5.000e-04 5.000e-04 
3.825e+00 1.110e-01 2.746e-03 2.746e-03 5.000e-04 5.000e-04 
4.220e+00 1.117e-01 2.746e-03 2.746e-03 5.000e-04 5.000e-04 
4.650e+00 1.121e-01 2.746e-03 2.746e-03 5.000e-04 5.000e-04 
5.119e+00 1.123e-01 2.746e-03 2.746e-03 5.000e-04 5.000e-04 
5.629e+00 1.108e-01 2.648e-03 2.648e-03 5.000e-04 5.000e-04 
6.178e+00 1.096e-01 2.648e-03 2.648e-03 5.000e-04 5.000e-04 
6.773e+00 1.079e-01 2.631e-03 2.631e-03 4.000e-04 4.000e-04 
7.417e+00 1.061e-01 2.532e-03 2.532e-03 4.000e-04 4.000e-04 
8.112e+00 1.032e-01 2.532e-03 2.532e-03 4.000e-04 4.000e-04 
8.861e+00 1.022e-01 2.433e-03 2.433e-03 4.000e-04 4.000e-04 
9.671e+00 1.003e-01 2.452e-03 2.452e-03 5.000e-04 5.000e-04 
1.054e+01 9.850e-02 2.452e-03 2.452e-03 5.000e-04 5.000e-04 
1.149e+01 9.480e-02 2.354e-03 2.354e-03 5.000e-04 5.000e-04 
1.249e+01 9.440e-02 2.354e-03 2.354e-03 5.000e-04 5.000e-04 
1.354e+01 9.240e-02 2.256e-03 2.256e-03 5.000e-04 5.000e-04 
1.469e+01 9.040e-02 2.256e-03 2.256e-03 5.000e-04 5.000e-04 
1.594e+01 8.810e-02 2.184e-03 2.184e-03 6.000e-04 6.000e-04 
1.729e+01 8.740e-02 2.184e-03 2.184e-03 6.000e-04 6.000e-04 
1.873e+01 8.330e-02 2.088e-03 2.088e-03 6.000e-04 6.000e-04 
2.028e+01 8.210e-02 2.088e-03 2.088e-03 6.000e-04 6.000e-04 
2.193e+01 7.960e-02 1.992e-03 1.992e-03 6.000e-04 6.000e-04 
2.373e+01 7.770e-02 1.992e-03 1.992e-03 6.000e-04 6.000e-04 
2.568e+01 7.540e-02 1.992e-03 1.992e-03 6.000e-04 6.000e-04 
2.773e+01 7.360e-02 1.897e-03 1.897e-03 6.000e-04 6.000e-04 
2.993e+01 7.120e-02 1.897e-03 1.897e-03 6.000e-04 6.000e-04 
3.228e+01 6.950e-02 1.897e-03 1.897e-03 6.000e-04 6.000e-04 
3.478e+01 6.770e-02 1.838e-03 1.838e-03 7.000e-04 7.000e-04 
3.747e+01 6.560e-02 1.838e-03 1.838e-03 7.000e-04 7.000e-04 
4.037e+01 6.520e-02 1.838e-03 1.838e-03 7.000e-04 7.000e-04 
4.347e+01 6.100e-02 1.746e-03 1.746e-03 7.000e-04 7.000e-04 
4.677e+01 6.040e-02 1.789e-03 1.789e-03 8.000e-04 8.000e-04 
5.032e+01 5.730e-02 1.700e-03 1.700e-03 8.000e-04 8.000e-04 
5.411e+01 5.690e-02 1.749e-03 1.749e-03 9.000e-04 9.000e-04 
5.816e+01 5.520e-02 1.749e-03 1.749e-03 9.000e-04 9.000e-04 
6.251e+01 5.430e-02 1.803e-03 1.803e-03 1.000e-03 1.000e-03 
6.721e+01 5.040e-02 1.720e-03 1.720e-03 1.000e-03 1.000e-03 
7.225e+01 5.180e-02 1.860e-03 1.860e-03 1.100e-03 1.100e-03 
7.765e+01 4.880e-02 1.780e-03 1.780e-03 1.100e-03 1.100e-03 
8.345e+01 4.880e-02 1.844e-03 1.844e-03 1.200e-03 1.200e-03 
8.969e+01 4.700e-02 1.844e-03 1.844e-03 1.200e-03 1.200e-03 
9.644e+01 4.660e-02 1.910e-03 1.910e-03 1.300e-03 1.300e-03 
1.039e+02 4.340e-02 1.838e-03 1.838e-03 1.300e-03 1.300e-03 
1.119e+02 4.400e-02 1.980e-03 1.980e-03 1.400e-03 1.400e-03 
1.204e+02 4.190e-02 1.910e-03 1.910e-03 1.400e-03 1.400e-03 
1.299e+02 3.790e-02 1.844e-03 1.844e-03 1.400e-03 1.400e-03 
1.409e+02 3.860e-02 1.985e-03 1.985e-03 1.500e-03 1.500e-03 
1.534e+02 3.610e-02 1.921e-03 1.921e-03 1.500e-03 1.500e-03 
1.673e+02 3.860e-02 2.062e-03 2.062e-03 1.600e-03 1.600e-03 
1.833e+02 3.310e-02 2.000e-03 2.000e-03 1.600e-03 1.600e-03 
2.013e+02 3.150e-02 2.081e-03 2.081e-03 1.700e-03 1.700e-03 
2.217e+02 3.460e-02 2.302e-03 2.302e-03 1.900e-03 1.900e-03 
2.457e+02 3.020e-02 2.163e-03 2.163e-03 1.800e-03 1.800e-03 
2.745e+02 3.130e-02 2.302e-03 2.302e-03 1.900e-03 1.900e-03 
3.099e+02 2.750e-02 2.247e-03 2.247e-03 1.900e-03 1.900e-03 
3.537e+02 2.770e-02 2.470e-03 2.470e-03 2.100e-03 2.100e-03 
4.088e+02 2.860e-02 2.693e-03 2.693e-03 2.300e-03 2.300e-03 
4.812e+02 2.690e-02 2.778e-03 2.778e-03 2.400e-03 2.400e-03 
5.886e+02 2.760e-02 2.941e-03 2.941e-03 2.400e-03 2.400e-03 
7.621e+02 2.530e-02 3.202e-03 3.202e-03 2.500e-03 2.500e-03 
1.070e+03 1.900e-02 3.256e-03 3.256e-03 2.400e-03 2.400e-03 
2.071e+03 1.240e-02 4.838e-03 4.838e-03 4.600e-03 4.600e-03 
