#Source: CRDB
#Ref: 10.1103/PhysRevLett.117.091103 (2016PhRvL.117i1103A)
#Experiment: AMS-02
#Y Quantity: H_e-
#X Quantity: rigidity
#Url: https://lpsc.in2p3.fr/crdb
#Comments: 
#Colums: x, y, y statistical errors, y systematic errors
1.064e+01 1.180e+02 0.000e+00 0.000e+00 7.620e+00 7.620e+00 
1.139e+01 1.220e+02 0.000e+00 0.000e+00 8.540e+00 8.540e+00 
1.219e+01 1.270e+02 0.000e+00 0.000e+00 8.540e+00 8.540e+00 
1.299e+01 1.310e+02 0.000e+00 0.000e+00 8.940e+00 8.940e+00 
1.379e+01 1.360e+02 0.000e+00 0.000e+00 9.850e+00 9.850e+00 
1.464e+01 1.410e+02 0.000e+00 0.000e+00 9.850e+00 9.850e+00 
1.559e+01 1.470e+02 1.000e+00 1.000e+00 1.080e+01 1.080e+01 
1.654e+01 1.510e+02 1.000e+00 1.000e+00 1.080e+01 1.080e+01 
1.749e+01 1.570e+02 1.000e+00 1.000e+00 1.080e+01 1.080e+01 
1.849e+01 1.610e+02 1.000e+00 1.000e+00 1.170e+01 1.170e+01 
1.949e+01 1.670e+02 1.000e+00 1.000e+00 1.210e+01 1.210e+01 
2.054e+01 1.730e+02 1.000e+00 1.000e+00 1.300e+01 1.300e+01 
2.164e+01 1.780e+02 1.000e+00 1.000e+00 1.210e+01 1.210e+01 
2.279e+01 1.810e+02 1.000e+00 1.000e+00 1.300e+01 1.300e+01 
2.399e+01 1.870e+02 1.000e+00 1.000e+00 1.300e+01 1.300e+01 
2.524e+01 1.920e+02 1.000e+00 1.000e+00 1.390e+01 1.390e+01 
2.654e+01 1.970e+02 1.000e+00 1.000e+00 1.390e+01 1.390e+01 
2.794e+01 2.030e+02 1.000e+00 1.000e+00 1.430e+01 1.430e+01 
2.944e+01 2.070e+02 1.000e+00 1.000e+00 1.520e+01 1.520e+01 
3.099e+01 2.150e+02 2.000e+00 2.000e+00 1.620e+01 1.620e+01 
3.264e+01 2.210e+02 2.000e+00 2.000e+00 1.620e+01 1.620e+01 
3.444e+01 2.300e+02 2.000e+00 2.000e+00 1.660e+01 1.660e+01 
3.634e+01 2.310e+02 2.000e+00 2.000e+00 1.570e+01 1.570e+01 
3.834e+01 2.370e+02 2.000e+00 2.000e+00 1.750e+01 1.750e+01 
4.049e+01 2.460e+02 2.000e+00 2.000e+00 1.660e+01 1.660e+01 
4.278e+01 2.450e+02 2.000e+00 2.000e+00 1.750e+01 1.750e+01 
4.528e+01 2.580e+02 3.000e+00 3.000e+00 1.880e+01 1.880e+01 
4.793e+01 2.600e+02 3.000e+00 3.000e+00 1.790e+01 1.790e+01 
5.078e+01 2.680e+02 3.000e+00 3.000e+00 1.970e+01 1.970e+01 
5.392e+01 2.750e+02 4.000e+00 4.000e+00 1.970e+01 1.970e+01 
5.732e+01 2.850e+02 4.000e+00 4.000e+00 2.010e+01 2.010e+01 
6.102e+01 2.880e+02 4.000e+00 4.000e+00 2.100e+01 2.100e+01 
6.511e+01 3.010e+02 5.000e+00 5.000e+00 2.380e+01 2.380e+01 
6.961e+01 3.210e+02 5.000e+00 5.000e+00 2.330e+01 2.330e+01 
7.465e+01 3.170e+02 6.000e+00 6.000e+00 2.150e+01 2.150e+01 
8.034e+01 3.310e+02 6.000e+00 6.000e+00 2.370e+01 2.370e+01 
8.673e+01 3.330e+02 7.000e+00 7.000e+00 2.370e+01 2.370e+01 
9.407e+01 3.460e+02 7.000e+00 7.000e+00 2.420e+01 2.420e+01 
1.025e+02 3.450e+02 8.000e+00 8.000e+00 2.470e+01 2.470e+01 
1.124e+02 3.580e+02 8.000e+00 8.000e+00 2.640e+01 2.640e+01 
1.248e+02 3.680e+02 9.000e+00 9.000e+00 2.870e+01 2.870e+01 
1.402e+02 4.050e+02 1.200e+01 1.200e+01 3.140e+01 3.140e+01 
1.592e+02 4.070e+02 1.300e+01 1.300e+01 2.880e+01 2.880e+01 
1.835e+02 4.270e+02 1.500e+01 1.500e+01 3.280e+01 3.280e+01 
2.166e+02 4.620e+02 1.800e+01 1.800e+01 3.500e+01 3.500e+01 
2.622e+02 4.540e+02 2.100e+01 2.100e+01 3.550e+01 3.550e+01 
3.276e+02 5.110e+02 3.000e+01 3.000e+01 5.040e+01 5.040e+01 
4.301e+02 6.260e+02 5.300e+01 5.300e+01 7.680e+01 7.680e+01 
5.916e+02 7.110e+02 1.010e+02 1.010e+02 1.410e+02 1.410e+02 
