#Source: SSDC
#Ref: 10.1016/j.physrep.2020.09.003 (2021PhR...894....1A)
#Experiment: AMS-02
#Y Quantity: N
#X Quantity: rigidity
#Url: https://tools.ssdc.asi.it/CosmicRays/
#Comments: 
#Colums: x, y, y total errors, y statistical errors
2.271e+00 4.396e-01 1.538e-02 1.538e-02 1.600e-03 1.600e-03 
2.531e+00 4.185e-01 1.397e-02 1.397e-02 1.400e-03 1.400e-03 
2.815e+00 3.832e-01 1.246e-02 1.246e-02 1.200e-03 1.200e-03 
3.125e+00 3.422e-01 1.095e-02 1.095e-02 1.000e-03 1.000e-03 
3.460e+00 3.028e-01 9.633e-03 9.633e-03 8.000e-04 8.000e-04 
3.824e+00 2.604e-01 8.230e-03 8.230e-03 7.000e-04 7.000e-04 
4.219e+00 2.229e-01 7.026e-03 7.026e-03 6.000e-04 6.000e-04 
4.648e+00 1.884e-01 5.921e-03 5.921e-03 5.000e-04 5.000e-04 
5.118e+00 1.568e-01 4.916e-03 4.916e-03 4.000e-04 4.000e-04 
5.627e+00 1.307e-01 4.111e-03 4.111e-03 3.000e-04 3.000e-04 
6.177e+00 1.075e-01 3.413e-03 3.413e-03 3.000e-04 3.000e-04 
6.771e+00 8.833e-02 2.769e-03 2.769e-03 2.200e-04 2.200e-04 
7.416e+00 7.177e-02 2.257e-03 2.257e-03 1.800e-04 1.800e-04 
8.110e+00 5.836e-02 1.836e-03 1.836e-03 1.500e-04 1.500e-04 
8.859e+00 4.736e-02 1.495e-03 1.495e-03 1.200e-04 1.200e-04 
9.669e+00 3.839e-02 1.214e-03 1.214e-03 1.000e-04 1.000e-04 
1.054e+01 3.105e-02 9.841e-04 9.841e-04 9.000e-05 9.000e-05 
1.149e+01 2.513e-02 7.931e-04 7.931e-04 7.000e-05 7.000e-05 
1.249e+01 2.019e-02 6.438e-04 6.438e-04 7.000e-05 7.000e-05 
1.354e+01 1.651e-02 5.235e-04 5.235e-04 6.000e-05 6.000e-05 
1.468e+01 1.335e-02 4.230e-04 4.230e-04 5.000e-05 5.000e-05 
1.593e+01 1.083e-02 3.423e-04 3.423e-04 4.000e-05 4.000e-05 
1.728e+01 8.774e-03 2.811e-04 2.811e-04 3.400e-05 3.400e-05 
1.873e+01 7.010e-03 2.257e-04 2.257e-04 2.800e-05 2.800e-05 
2.028e+01 5.714e-03 1.846e-04 1.846e-04 2.400e-05 2.400e-05 
2.193e+01 4.618e-03 1.493e-04 1.493e-04 2.000e-05 2.000e-05 
2.373e+01 3.694e-03 1.201e-04 1.201e-04 1.600e-05 1.600e-05 
2.568e+01 2.955e-03 9.589e-05 9.589e-05 1.300e-05 1.300e-05 
2.773e+01 2.392e-03 7.778e-05 7.778e-05 1.100e-05 1.100e-05 
2.992e+01 1.950e-03 6.379e-05 6.379e-05 1.000e-05 1.000e-05 
3.227e+01 1.558e-03 5.162e-05 5.162e-05 8.000e-06 8.000e-06 
3.477e+01 1.272e-03 4.258e-05 4.258e-05 7.000e-06 7.000e-06 
3.747e+01 1.030e-03 3.453e-05 3.453e-05 6.000e-06 6.000e-06 
4.037e+01 8.277e-04 2.781e-05 2.781e-05 5.300e-06 5.300e-06 
4.346e+01 6.791e-04 2.297e-05 2.297e-05 4.600e-06 4.600e-06 
4.676e+01 5.445e-04 1.854e-05 1.854e-05 4.000e-06 4.000e-06 
5.031e+01 4.451e-04 1.531e-05 1.531e-05 3.500e-06 3.500e-06 
5.411e+01 3.500e-04 1.218e-05 1.218e-05 3.000e-06 3.000e-06 
5.815e+01 2.866e-04 1.004e-05 1.004e-05 2.600e-06 2.600e-06 
6.250e+01 2.353e-04 8.324e-06 8.324e-06 2.300e-06 2.300e-06 
6.719e+01 1.878e-04 6.705e-06 6.705e-06 2.000e-06 2.000e-06 
7.224e+01 1.504e-04 5.471e-06 5.471e-06 1.700e-06 1.700e-06 
7.764e+01 1.245e-04 4.554e-06 4.554e-06 1.500e-06 1.500e-06 
8.343e+01 1.008e-04 3.734e-06 3.734e-06 1.300e-06 1.300e-06 
8.968e+01 8.229e-05 3.090e-06 3.090e-06 1.120e-06 1.120e-06 
9.642e+01 6.684e-05 2.552e-06 2.552e-06 9.700e-07 9.700e-07 
1.039e+02 5.259e-05 2.029e-06 2.029e-06 8.100e-07 8.100e-07 
1.119e+02 4.182e-05 1.664e-06 1.664e-06 7.200e-07 7.200e-07 
1.204e+02 3.480e-05 1.395e-06 1.395e-06 6.200e-07 6.200e-07 
1.299e+02 2.674e-05 1.096e-06 1.096e-06 5.100e-07 5.100e-07 
1.408e+02 2.110e-05 8.771e-07 8.771e-07 4.200e-07 4.200e-07 
1.533e+02 1.742e-05 7.343e-07 7.343e-07 3.600e-07 3.600e-07 
1.673e+02 1.307e-05 5.694e-07 5.694e-07 2.900e-07 2.900e-07 
1.833e+02 1.021e-05 4.579e-07 4.579e-07 2.400e-07 2.400e-07 
2.012e+02 7.442e-06 3.486e-07 3.486e-07 1.950e-07 1.950e-07 
2.217e+02 6.127e-06 2.896e-07 2.896e-07 1.650e-07 1.650e-07 
2.456e+02 4.576e-06 2.234e-07 2.234e-07 1.310e-07 1.310e-07 
2.744e+02 3.256e-06 1.642e-07 1.642e-07 9.900e-08 9.900e-08 
3.097e+02 2.398e-06 1.254e-07 1.254e-07 7.700e-08 7.700e-08 
3.535e+02 1.735e-06 9.464e-08 9.464e-08 5.900e-08 5.900e-08 
4.086e+02 1.103e-06 6.466e-08 6.466e-08 4.100e-08 4.100e-08 
4.807e+02 6.883e-07 4.319e-08 4.319e-08 2.810e-08 2.810e-08 
5.877e+02 3.925e-07 2.650e-08 2.650e-08 1.680e-08 1.680e-08 
7.603e+02 1.924e-07 1.481e-08 1.481e-08 9.200e-09 9.200e-09 
1.065e+03 8.520e-08 7.787e-09 7.787e-09 4.450e-09 4.450e-09 
2.021e+03 1.773e-08 2.485e-09 2.485e-09 2.130e-09 2.130e-09 
