#Source: SSDC
#Ref: 10.1016/j.physrep.2020.09.003 (2021PhR...894....1A)
#Experiment: AMS-02
#Y Quantity: B
#X Quantity: rigidity
#Url: https://tools.ssdc.asi.it/CosmicRays/
#Comments: 
#Colums: x, y, y total errors, y statistical errors
2.031e+00 4.852e-01 2.767e-02 2.767e-02 1.900e-03 1.900e-03 
2.271e+00 4.845e-01 2.455e-02 2.455e-02 1.600e-03 1.600e-03 
2.531e+00 4.703e-01 2.145e-02 2.145e-02 1.400e-03 1.400e-03 
2.815e+00 4.352e-01 1.794e-02 1.794e-02 1.200e-03 1.200e-03 
3.125e+00 3.921e-01 1.483e-02 1.483e-02 1.000e-03 1.000e-03 
3.460e+00 3.468e-01 1.213e-02 1.213e-02 9.000e-04 9.000e-04 
3.824e+00 3.024e-01 9.825e-03 9.825e-03 7.000e-04 7.000e-04 
4.219e+00 2.588e-01 7.923e-03 7.923e-03 6.000e-04 6.000e-04 
4.648e+00 2.170e-01 6.320e-03 6.320e-03 5.000e-04 5.000e-04 
5.118e+00 1.814e-01 5.016e-03 5.016e-03 4.000e-04 4.000e-04 
5.627e+00 1.494e-01 4.011e-03 4.011e-03 3.000e-04 3.000e-04 
6.177e+00 1.222e-01 3.214e-03 3.214e-03 3.000e-04 3.000e-04 
6.771e+00 9.973e-02 2.560e-03 2.560e-03 2.300e-04 2.300e-04 
7.416e+00 8.024e-02 2.028e-03 2.028e-03 1.800e-04 1.800e-04 
8.110e+00 6.488e-02 1.617e-03 1.617e-03 1.500e-04 1.500e-04 
8.859e+00 5.248e-02 1.297e-03 1.297e-03 1.300e-04 1.300e-04 
9.669e+00 4.199e-02 1.036e-03 1.036e-03 1.100e-04 1.100e-04 
1.054e+01 3.389e-02 8.249e-04 8.249e-04 9.000e-05 9.000e-05 
1.149e+01 2.701e-02 6.538e-04 6.538e-04 7.000e-05 7.000e-05 
1.249e+01 2.162e-02 5.247e-04 5.247e-04 7.000e-05 7.000e-05 
1.354e+01 1.731e-02 4.243e-04 4.243e-04 6.000e-05 6.000e-05 
1.468e+01 1.393e-02 3.338e-04 3.338e-04 5.000e-05 5.000e-05 
1.593e+01 1.113e-02 2.729e-04 2.729e-04 4.000e-05 4.000e-05 
1.728e+01 8.788e-03 2.146e-04 2.146e-04 3.300e-05 3.300e-05 
1.873e+01 7.075e-03 1.723e-04 1.723e-04 2.800e-05 2.800e-05 
2.028e+01 5.646e-03 1.379e-04 1.379e-04 2.300e-05 2.300e-05 
2.193e+01 4.486e-03 1.106e-04 1.106e-04 1.900e-05 1.900e-05 
2.373e+01 3.563e-03 8.828e-05 8.828e-05 1.500e-05 1.500e-05 
2.568e+01 2.841e-03 7.021e-05 7.021e-05 1.300e-05 1.300e-05 
2.773e+01 2.275e-03 5.707e-05 5.707e-05 1.100e-05 1.100e-05 
2.992e+01 1.802e-03 4.491e-05 4.491e-05 9.000e-06 9.000e-06 
3.227e+01 1.432e-03 3.688e-05 3.688e-05 8.000e-06 8.000e-06 
3.477e+01 1.159e-03 2.961e-05 2.961e-05 6.000e-06 6.000e-06 
3.747e+01 9.120e-04 2.355e-05 2.355e-05 5.500e-06 5.500e-06 
4.037e+01 7.194e-04 1.889e-05 1.889e-05 4.700e-06 4.700e-06 
4.346e+01 5.773e-04 1.526e-05 1.526e-05 4.100e-06 4.100e-06 
4.676e+01 4.701e-04 1.262e-05 1.262e-05 3.600e-06 3.600e-06 
5.031e+01 3.702e-04 1.015e-05 1.015e-05 3.000e-06 3.000e-06 
5.411e+01 2.990e-04 8.349e-06 8.349e-06 2.700e-06 2.700e-06 
5.815e+01 2.394e-04 6.801e-06 6.801e-06 2.300e-06 2.300e-06 
6.250e+01 1.910e-04 5.478e-06 5.478e-06 2.000e-06 2.000e-06 
6.719e+01 1.509e-04 4.438e-06 4.438e-06 1.700e-06 1.700e-06 
7.224e+01 1.212e-04 3.625e-06 3.625e-06 1.500e-06 1.500e-06 
7.764e+01 9.623e-05 2.961e-06 2.961e-06 1.260e-06 1.260e-06 
8.343e+01 7.739e-05 2.437e-06 2.437e-06 1.090e-06 1.090e-06 
8.968e+01 6.273e-05 2.022e-06 2.022e-06 9.400e-07 9.400e-07 
9.642e+01 4.879e-05 1.630e-06 1.630e-06 8.000e-07 8.000e-07 
1.039e+02 3.757e-05 1.295e-06 1.295e-06 6.500e-07 6.500e-07 
1.119e+02 3.068e-05 1.101e-06 1.101e-06 5.900e-07 5.900e-07 
1.204e+02 2.460e-05 9.014e-07 9.014e-07 5.000e-07 5.000e-07 
1.299e+02 1.874e-05 7.185e-07 7.185e-07 4.100e-07 4.100e-07 
1.408e+02 1.528e-05 5.964e-07 5.964e-07 3.400e-07 3.400e-07 
1.533e+02 1.158e-05 4.720e-07 4.720e-07 2.800e-07 2.800e-07 
1.673e+02 9.010e-06 3.806e-07 3.806e-07 2.330e-07 2.330e-07 
1.833e+02 6.788e-06 2.969e-07 2.969e-07 1.890e-07 1.890e-07 
2.012e+02 5.026e-06 2.339e-07 2.339e-07 1.540e-07 1.540e-07 
2.217e+02 3.845e-06 1.877e-07 1.877e-07 1.250e-07 1.250e-07 
2.456e+02 2.799e-06 1.444e-07 1.444e-07 9.800e-08 9.800e-08 
2.744e+02 2.001e-06 1.111e-07 1.111e-07 7.500e-08 7.500e-08 
3.097e+02 1.352e-06 7.921e-08 7.921e-08 5.500e-08 5.500e-08 
3.535e+02 9.053e-07 5.799e-08 5.799e-08 4.040e-08 4.040e-08 
4.086e+02 6.365e-07 4.335e-08 4.335e-08 3.010e-08 3.010e-08 
4.807e+02 3.879e-07 2.928e-08 2.928e-08 2.020e-08 2.020e-08 
5.877e+02 2.036e-07 1.721e-08 1.721e-08 1.150e-08 1.150e-08 
7.603e+02 1.043e-07 1.046e-08 1.046e-08 6.500e-09 6.500e-09 
1.065e+03 4.361e-08 5.483e-09 5.483e-09 3.030e-09 3.030e-09 
2.021e+03 5.500e-09 1.273e-09 1.273e-09 1.100e-09 1.100e-09 
