#Source: SSDC
#Ref: 10.1103/PhysRevLett.124.211102 (2020PhRvL.124u1102A)
#Experiment: AMS-02
#Y Quantity: Ne
#X Quantity: rigidity
#Url: https://tools.ssdc.asi.it/CosmicRays/
#Comments: 
#Colums: x, y, y total errors, y statistical errors
2.271e+00 2.371e-01 1.088e-02 1.088e-02 1.300e-03 1.300e-03 
2.531e+00 2.200e-01 8.968e-03 8.968e-03 1.100e-03 1.100e-03 
2.815e+00 1.995e-01 7.653e-03 7.653e-03 9.000e-04 9.000e-04 
3.125e+00 1.800e-01 6.748e-03 6.748e-03 8.000e-04 8.000e-04 
3.460e+00 1.609e-01 5.941e-03 5.941e-03 7.000e-04 7.000e-04 
3.824e+00 1.405e-01 5.036e-03 5.036e-03 6.000e-04 6.000e-04 
4.219e+00 1.210e-01 4.329e-03 4.329e-03 5.000e-04 5.000e-04 
4.648e+00 1.047e-01 3.722e-03 3.722e-03 4.000e-04 4.000e-04 
5.118e+00 8.875e-02 3.116e-03 3.116e-03 3.200e-04 3.200e-04 
5.627e+00 7.490e-02 2.614e-03 2.614e-03 2.700e-04 2.700e-04 
6.177e+00 6.329e-02 2.202e-03 2.202e-03 2.300e-04 2.300e-04 
6.771e+00 5.279e-02 1.830e-03 1.830e-03 1.900e-04 1.900e-04 
7.416e+00 4.341e-02 1.507e-03 1.507e-03 1.500e-04 1.500e-04 
8.110e+00 3.622e-02 1.257e-03 1.257e-03 1.300e-04 1.300e-04 
8.859e+00 3.017e-02 1.046e-03 1.046e-03 1.100e-04 1.100e-04 
9.669e+00 2.449e-02 8.448e-04 8.448e-04 9.000e-05 9.000e-05 
1.054e+01 2.013e-02 6.946e-04 6.946e-04 8.000e-05 8.000e-05 
1.149e+01 1.653e-02 5.743e-04 5.743e-04 7.000e-05 7.000e-05 
1.249e+01 1.339e-02 4.639e-04 4.639e-04 6.000e-05 6.000e-05 
1.354e+01 1.108e-02 3.833e-04 3.833e-04 5.000e-05 5.000e-05 
1.468e+01 9.052e-03 3.148e-04 3.148e-04 4.200e-05 4.200e-05 
1.593e+01 7.356e-03 2.565e-04 2.565e-04 3.600e-05 3.600e-05 
1.728e+01 6.074e-03 2.123e-04 2.123e-04 3.100e-05 3.100e-05 
1.873e+01 4.997e-03 1.740e-04 1.740e-04 2.600e-05 2.600e-05 
2.028e+01 4.047e-03 1.417e-04 1.417e-04 2.200e-05 2.200e-05 
2.193e+01 3.341e-03 1.174e-04 1.174e-04 1.800e-05 1.800e-05 
2.373e+01 2.760e-03 9.618e-05 9.618e-05 1.500e-05 1.500e-05 
2.568e+01 2.237e-03 7.809e-05 7.809e-05 1.300e-05 1.300e-05 
2.773e+01 1.845e-03 6.494e-05 6.494e-05 1.100e-05 1.100e-05 
2.992e+01 1.486e-03 5.277e-05 5.277e-05 9.000e-06 9.000e-06 
3.227e+01 1.226e-03 4.374e-05 4.374e-05 8.000e-06 8.000e-06 
3.477e+01 1.019e-03 3.569e-05 3.569e-05 7.000e-06 7.000e-06 
3.747e+01 8.259e-04 2.942e-05 2.942e-05 6.000e-06 6.000e-06 
4.037e+01 6.901e-04 2.468e-05 2.468e-05 5.300e-06 5.300e-06 
4.346e+01 5.668e-04 2.033e-05 2.033e-05 4.600e-06 4.600e-06 
4.676e+01 4.627e-04 1.669e-05 1.669e-05 4.000e-06 4.000e-06 
5.031e+01 3.830e-04 1.385e-05 1.385e-05 3.500e-06 3.500e-06 
5.411e+01 3.163e-04 1.152e-05 1.152e-05 3.100e-06 3.100e-06 
5.815e+01 2.582e-04 9.492e-06 9.492e-06 2.700e-06 2.700e-06 
6.250e+01 2.104e-04 7.779e-06 7.779e-06 2.400e-06 2.400e-06 
6.719e+01 1.746e-04 6.546e-06 6.546e-06 2.100e-06 2.100e-06 
7.224e+01 1.429e-04 5.314e-06 5.314e-06 1.800e-06 1.800e-06 
7.764e+01 1.185e-04 4.494e-06 4.494e-06 1.600e-06 1.600e-06 
8.343e+01 9.599e-05 3.669e-06 3.669e-06 1.380e-06 1.380e-06 
8.968e+01 7.880e-05 3.046e-06 3.046e-06 1.200e-06 1.200e-06 
9.642e+01 6.402e-05 2.506e-06 2.506e-06 1.040e-06 1.040e-06 
1.039e+02 5.217e-05 2.058e-06 2.058e-06 8.800e-07 8.800e-07 
1.119e+02 4.183e-05 1.686e-06 1.686e-06 7.900e-07 7.900e-07 
1.204e+02 3.520e-05 1.432e-06 1.432e-06 6.800e-07 6.800e-07 
1.299e+02 2.825e-05 1.165e-06 1.165e-06 5.800e-07 5.800e-07 
1.408e+02 2.327e-05 9.588e-07 9.588e-07 4.800e-07 4.800e-07 
1.533e+02 1.749e-05 7.463e-07 7.463e-07 4.000e-07 4.000e-07 
1.673e+02 1.354e-05 5.908e-07 5.908e-07 3.300e-07 3.300e-07 
1.833e+02 1.069e-05 4.743e-07 4.743e-07 2.700e-07 2.700e-07 
2.012e+02 8.396e-06 3.808e-07 3.808e-07 2.280e-07 2.280e-07 
2.217e+02 6.460e-06 3.005e-07 3.005e-07 1.860e-07 1.860e-07 
2.456e+02 5.000e-06 2.374e-07 2.374e-07 1.500e-07 1.500e-07 
2.744e+02 3.527e-06 1.737e-07 1.737e-07 1.140e-07 1.140e-07 
3.097e+02 2.643e-06 1.331e-07 1.331e-07 8.900e-08 8.900e-08 
3.535e+02 1.885e-06 9.835e-08 9.835e-08 6.700e-08 6.700e-08 
4.086e+02 1.248e-06 6.930e-08 6.930e-08 4.900e-08 4.900e-08 
4.807e+02 8.288e-07 4.808e-08 4.808e-08 3.410e-08 3.410e-08 
5.877e+02 4.684e-07 2.878e-08 2.878e-08 2.020e-08 2.020e-08 
7.519e+02 2.419e-07 1.690e-08 1.690e-08 1.200e-08 1.200e-08 
1.013e+03 1.187e-07 9.552e-09 9.552e-09 6.500e-09 6.500e-09 
1.853e+03 2.791e-08 3.907e-09 3.907e-09 3.380e-09 3.380e-09 
