#Source: SSDC
#Ref: 10.1016/j.physrep.2020.09.003 (2021PhR...894....1A)
#Experiment: AMS-02
#Y Quantity: O
#X Quantity: rigidity
#Url: https://tools.ssdc.asi.it/CosmicRays/
#Comments: 
#Colums: x, y, y total errors, y statistical errors
2.271e+00 1.588e+00 5.408e-02 5.408e-02 3.000e-03 3.000e-03 
2.531e+00 1.469e+00 4.710e-02 4.710e-02 3.000e-03 3.000e-03 
2.815e+00 1.330e+00 4.005e-02 4.005e-02 2.000e-03 2.000e-03 
3.125e+00 1.170e+00 3.406e-02 3.406e-02 2.000e-03 2.000e-03 
3.460e+00 1.012e+00 2.907e-02 2.907e-02 2.000e-03 2.000e-03 
3.824e+00 8.674e-01 2.414e-02 2.414e-02 1.300e-03 1.300e-03 
4.219e+00 7.370e-01 2.023e-02 2.023e-02 1.100e-03 1.100e-03 
4.648e+00 6.235e-01 1.692e-02 1.692e-02 9.000e-04 9.000e-04 
5.118e+00 5.260e-01 1.422e-02 1.422e-02 7.000e-04 7.000e-04 
5.627e+00 4.397e-01 1.182e-02 1.182e-02 6.000e-04 6.000e-04 
6.177e+00 3.660e-01 9.813e-03 9.813e-03 5.000e-04 5.000e-04 
6.771e+00 3.042e-01 8.210e-03 8.210e-03 4.000e-04 4.000e-04 
7.416e+00 2.510e-01 6.707e-03 6.707e-03 3.000e-04 3.000e-04 
8.110e+00 2.074e-01 5.608e-03 5.608e-03 3.000e-04 3.000e-04 
8.859e+00 1.708e-01 4.604e-03 4.604e-03 2.000e-04 2.000e-04 
9.669e+00 1.404e-01 3.805e-03 3.805e-03 2.000e-04 2.000e-04 
1.054e+01 1.148e-01 3.106e-03 3.106e-03 2.000e-04 2.000e-04 
1.149e+01 9.424e-02 2.554e-03 2.554e-03 1.500e-04 1.500e-04 
1.249e+01 7.750e-02 2.104e-03 2.104e-03 1.300e-04 1.300e-04 
1.354e+01 6.366e-02 1.733e-03 1.733e-03 1.100e-04 1.100e-04 
1.468e+01 5.204e-02 1.413e-03 1.413e-03 9.000e-05 9.000e-05 
1.593e+01 4.280e-02 1.173e-03 1.173e-03 8.000e-05 8.000e-05 
1.728e+01 3.498e-02 9.526e-04 9.526e-04 7.000e-05 7.000e-05 
1.873e+01 2.876e-02 7.923e-04 7.923e-04 6.000e-05 6.000e-05 
2.028e+01 2.359e-02 6.519e-04 6.519e-04 5.000e-05 5.000e-05 
2.193e+01 1.939e-02 5.315e-04 5.315e-04 4.000e-05 4.000e-05 
2.373e+01 1.586e-02 4.410e-04 4.410e-04 3.000e-05 3.000e-05 
2.568e+01 1.297e-02 3.612e-04 3.612e-04 3.000e-05 3.000e-05 
2.773e+01 1.064e-02 2.907e-04 2.907e-04 2.000e-05 2.000e-05 
2.992e+01 8.801e-03 2.449e-04 2.449e-04 2.100e-05 2.100e-05 
3.227e+01 7.256e-03 2.028e-04 2.028e-04 1.800e-05 1.800e-05 
3.477e+01 5.962e-03 1.677e-04 1.677e-04 1.500e-05 1.500e-05 
3.747e+01 4.933e-03 1.387e-04 1.387e-04 1.400e-05 1.400e-05 
4.037e+01 4.027e-03 1.136e-04 1.136e-04 1.200e-05 1.200e-05 
4.346e+01 3.336e-03 9.453e-05 9.453e-05 1.000e-05 1.000e-05 
4.676e+01 2.761e-03 7.852e-05 7.852e-05 9.000e-06 9.000e-06 
5.031e+01 2.280e-03 6.549e-05 6.549e-05 8.000e-06 8.000e-06 
5.411e+01 1.877e-03 5.445e-05 5.445e-05 7.000e-06 7.000e-06 
5.815e+01 1.538e-03 4.441e-05 4.441e-05 6.000e-06 6.000e-06 
6.250e+01 1.274e-03 3.734e-05 3.734e-05 5.000e-06 5.000e-06 
6.719e+01 1.045e-03 3.041e-05 3.041e-05 5.000e-06 5.000e-06 
7.224e+01 8.535e-04 2.533e-05 2.533e-05 4.100e-06 4.100e-06 
7.764e+01 7.059e-04 2.111e-05 2.111e-05 3.600e-06 3.600e-06 
8.343e+01 5.828e-04 1.759e-05 1.759e-05 3.200e-06 3.200e-06 
8.968e+01 4.780e-04 1.455e-05 1.455e-05 2.700e-06 2.700e-06 
9.642e+01 3.910e-04 1.194e-05 1.194e-05 2.400e-06 2.400e-06 
1.039e+02 3.214e-04 9.904e-06 9.904e-06 2.000e-06 2.000e-06 
1.119e+02 2.642e-04 8.200e-06 8.200e-06 1.800e-06 1.800e-06 
1.204e+02 2.174e-04 6.888e-06 6.888e-06 1.600e-06 1.600e-06 
1.299e+02 1.762e-04 5.554e-06 5.554e-06 1.300e-06 1.300e-06 
1.408e+02 1.415e-04 4.535e-06 4.535e-06 1.100e-06 1.100e-06 
1.533e+02 1.111e-04 3.614e-06 3.614e-06 9.000e-07 9.000e-07 
1.673e+02 8.817e-05 2.914e-06 2.914e-06 7.700e-07 7.700e-07 
1.833e+02 6.938e-05 2.330e-06 2.330e-06 6.400e-07 6.400e-07 
2.012e+02 5.436e-05 1.860e-06 1.860e-06 5.400e-07 5.400e-07 
2.217e+02 4.155e-05 1.448e-06 1.448e-06 4.400e-07 4.400e-07 
2.456e+02 3.142e-05 1.116e-06 1.116e-06 3.500e-07 3.500e-07 
2.744e+02 2.369e-05 8.633e-07 8.633e-07 2.700e-07 2.700e-07 
3.097e+02 1.701e-05 6.451e-07 6.451e-07 2.100e-07 2.100e-07 
3.535e+02 1.199e-05 4.776e-07 4.776e-07 1.600e-07 1.600e-07 
4.086e+02 8.082e-06 3.372e-07 3.372e-07 1.150e-07 1.150e-07 
4.807e+02 5.121e-06 2.291e-07 2.291e-07 7.900e-08 7.900e-08 
5.803e+02 3.175e-06 1.569e-07 1.569e-07 5.200e-08 5.200e-08 
7.257e+02 1.735e-06 9.803e-08 9.803e-08 3.100e-08 3.100e-08 
9.609e+02 8.722e-07 5.910e-08 5.910e-08 1.700e-08 1.700e-08 
1.417e+03 3.224e-07 2.671e-08 2.671e-08 1.650e-08 1.650e-08 
2.306e+03 8.982e-08 1.053e-08 1.053e-08 6.520e-09 6.520e-09 
