#Source: SSDC
#Ref: 10.1103/PhysRevLett.124.211102 (2021PhRvL.126d1104A)
#Experiment: AMS-02
#Y Quantity: Fe_Si
#X Quantity: rigidity
#Url: https://tools.ssdc.asi.it/CosmicRays/
#Comments: 
#Colums: x, y, y total errors, y statistical errors
3.126e+00 4.988e-01 2.177e-02 2.177e-02 4.500e-03 4.500e-03 
3.461e+00 4.980e-01 1.983e-02 1.983e-02 4.100e-03 4.100e-03 
3.825e+00 5.050e-01 1.932e-02 1.932e-02 4.000e-03 4.000e-03 
4.220e+00 5.261e-01 1.961e-02 1.961e-02 4.000e-03 4.000e-03 
4.650e+00 5.254e-01 1.916e-02 1.916e-02 3.700e-03 3.700e-03 
5.119e+00 5.385e-01 1.944e-02 1.944e-02 3.600e-03 3.600e-03 
5.629e+00 5.558e-01 1.985e-02 1.985e-02 3.700e-03 3.700e-03 
6.178e+00 5.629e-01 2.004e-02 2.004e-02 3.700e-03 3.700e-03 
6.773e+00 5.784e-01 2.055e-02 2.055e-02 3.800e-03 3.800e-03 
7.417e+00 5.760e-01 2.046e-02 2.046e-02 3.800e-03 3.800e-03 
8.112e+00 5.933e-01 2.106e-02 2.106e-02 3.900e-03 3.900e-03 
8.861e+00 5.997e-01 2.128e-02 2.128e-02 4.000e-03 4.000e-03 
9.671e+00 6.119e-01 2.181e-02 2.181e-02 4.200e-03 4.200e-03 
1.054e+01 6.226e-01 2.226e-02 2.226e-02 4.500e-03 4.500e-03 
1.149e+01 6.409e-01 2.291e-02 2.291e-02 4.800e-03 4.800e-03 
1.249e+01 6.406e-01 2.312e-02 2.312e-02 5.300e-03 5.300e-03 
1.354e+01 6.607e-01 2.396e-02 2.396e-02 5.600e-03 5.600e-03 
1.469e+01 6.641e-01 2.413e-02 2.413e-02 5.900e-03 5.900e-03 
1.594e+01 6.753e-01 2.472e-02 2.472e-02 6.300e-03 6.300e-03 
1.729e+01 7.012e-01 2.581e-02 2.581e-02 6.800e-03 6.800e-03 
1.873e+01 7.019e-01 2.599e-02 2.599e-02 7.100e-03 7.100e-03 
2.028e+01 7.184e-01 2.668e-02 2.668e-02 7.500e-03 7.500e-03 
2.193e+01 7.356e-01 2.746e-02 2.746e-02 7.900e-03 7.900e-03 
2.373e+01 7.403e-01 2.765e-02 2.765e-02 7.900e-03 7.900e-03 
2.568e+01 7.573e-01 2.847e-02 2.847e-02 8.400e-03 8.400e-03 
2.773e+01 7.740e-01 2.925e-02 2.925e-02 8.800e-03 8.800e-03 
3.106e+01 7.901e-01 2.876e-02 2.876e-02 8.100e-03 8.100e-03 
3.610e+01 7.807e-01 2.871e-02 2.871e-02 8.900e-03 8.900e-03 
4.189e+01 8.075e-01 3.008e-02 3.008e-02 1.020e-02 1.020e-02 
4.852e+01 7.918e-01 3.014e-02 3.014e-02 1.140e-02 1.140e-02 
5.610e+01 8.536e-01 3.312e-02 3.312e-02 1.360e-02 1.360e-02 
6.483e+01 8.585e-01 3.408e-02 3.408e-02 1.520e-02 1.520e-02 
7.491e+01 8.701e-01 3.559e-02 3.559e-02 1.730e-02 1.730e-02 
8.652e+01 8.767e-01 3.702e-02 3.702e-02 1.960e-02 1.960e-02 
1.002e+02 8.918e-01 3.905e-02 3.905e-02 2.210e-02 2.210e-02 
1.162e+02 8.838e-01 4.079e-02 4.079e-02 2.530e-02 2.530e-02 
1.356e+02 9.049e-01 4.328e-02 4.328e-02 2.800e-02 2.800e-02 
1.604e+02 8.779e-01 4.422e-02 4.422e-02 3.020e-02 3.020e-02 
1.922e+02 9.579e-01 5.077e-02 5.077e-02 3.610e-02 3.610e-02 
2.338e+02 9.532e-01 5.411e-02 5.411e-02 4.040e-02 4.040e-02 
2.924e+02 1.027e+00 6.193e-02 6.193e-02 4.770e-02 4.770e-02 
3.815e+02 9.537e-01 6.377e-02 6.377e-02 5.150e-02 5.150e-02 
5.395e+02 1.012e+00 7.373e-02 7.373e-02 6.060e-02 6.060e-02 
8.899e+02 9.840e-01 8.704e-02 8.704e-02 7.370e-02 7.370e-02 
1.897e+03 8.840e-01 2.850e-01 2.850e-01 2.806e-01 2.806e-01 
