#Source: CRDB
#Ref: 10.1016/j.physrep.2020.09.003 (2021PhR...894....1A)
#Experiment: AMS-02
#Y Quantity: Be
#X Quantity: rigidity
#Url: https://lpsc.in2p3.fr/crdb
#Comments: 
#Colums: x, y, y statistical errors, y systematic errors
2.031e+00 1.572e-01 1.000e-03 1.000e-03 5.300e-03 5.300e-03 
2.271e+00 1.538e-01 9.000e-04 9.000e-04 4.900e-03 4.900e-03 
2.531e+00 1.437e-01 8.000e-04 8.000e-04 4.500e-03 4.500e-03 
2.815e+00 1.337e-01 7.000e-04 7.000e-04 4.000e-03 4.000e-03 
3.125e+00 1.241e-01 6.000e-04 6.000e-04 3.600e-03 3.600e-03 
3.460e+00 1.100e-01 5.000e-04 5.000e-04 3.200e-03 3.200e-03 
3.824e+00 9.659e-02 4.200e-04 4.200e-04 2.740e-03 2.740e-03 
4.219e+00 8.316e-02 3.500e-04 3.500e-04 2.330e-03 2.330e-03 
4.648e+00 7.078e-02 2.900e-04 2.900e-04 1.970e-03 1.970e-03 
5.118e+00 5.986e-02 2.300e-04 2.300e-04 1.650e-03 1.650e-03 
5.627e+00 4.945e-02 1.900e-04 1.900e-04 1.360e-03 1.360e-03 
6.177e+00 4.082e-02 1.600e-04 1.600e-04 1.120e-03 1.120e-03 
6.771e+00 3.336e-02 1.300e-04 1.300e-04 9.200e-04 9.200e-04 
7.416e+00 2.702e-02 1.100e-04 1.100e-04 7.400e-04 7.400e-04 
8.110e+00 2.169e-02 9.000e-05 9.000e-05 6.000e-04 6.000e-04 
8.859e+00 1.765e-02 7.000e-05 7.000e-05 4.800e-04 4.800e-04 
9.669e+00 1.422e-02 6.000e-05 6.000e-05 3.900e-04 3.900e-04 
1.054e+01 1.141e-02 5.000e-05 5.000e-05 3.100e-04 3.100e-04 
1.149e+01 9.017e-03 4.300e-05 4.300e-05 2.480e-04 2.480e-04 
1.249e+01 7.382e-03 3.800e-05 3.800e-05 2.030e-04 2.030e-04 
1.354e+01 5.935e-03 3.200e-05 3.200e-05 1.640e-04 1.640e-04 
1.468e+01 4.752e-03 2.700e-05 2.700e-05 1.310e-04 1.310e-04 
1.593e+01 3.812e-03 2.300e-05 2.300e-05 1.050e-04 1.050e-04 
1.728e+01 3.094e-03 1.900e-05 1.900e-05 8.500e-05 8.500e-05 
1.873e+01 2.425e-03 1.600e-05 1.600e-05 6.700e-05 6.700e-05 
2.028e+01 1.960e-03 1.300e-05 1.300e-05 5.400e-05 5.400e-05 
2.193e+01 1.563e-03 1.100e-05 1.100e-05 4.300e-05 4.300e-05 
2.373e+01 1.247e-03 9.000e-06 9.000e-06 3.500e-05 3.500e-05 
2.568e+01 9.884e-04 7.500e-06 7.500e-06 2.760e-05 2.760e-05 
2.773e+01 7.913e-04 6.300e-06 6.300e-06 2.220e-05 2.220e-05 
2.992e+01 6.324e-04 5.200e-06 5.200e-06 1.780e-05 1.780e-05 
3.227e+01 5.088e-04 4.500e-06 4.500e-06 1.430e-05 1.430e-05 
3.477e+01 4.066e-04 3.800e-06 3.800e-06 1.150e-05 1.150e-05 
3.747e+01 3.260e-04 3.300e-06 3.300e-06 9.300e-06 9.300e-06 
4.037e+01 2.643e-04 2.800e-06 2.800e-06 7.500e-06 7.500e-06 
4.346e+01 2.047e-04 2.400e-06 2.400e-06 5.900e-06 5.900e-06 
4.676e+01 1.674e-04 2.100e-06 2.100e-06 4.800e-06 4.800e-06 
5.031e+01 1.311e-04 1.800e-06 1.800e-06 3.800e-06 3.800e-06 
5.411e+01 1.074e-04 1.600e-06 1.600e-06 3.100e-06 3.100e-06 
5.815e+01 8.526e-05 1.360e-06 1.360e-06 2.510e-06 2.510e-06 
6.250e+01 6.956e-05 1.190e-06 1.190e-06 2.060e-06 2.060e-06 
6.719e+01 5.299e-05 9.900e-07 9.900e-07 1.590e-06 1.590e-06 
7.224e+01 4.453e-05 8.800e-07 8.800e-07 1.340e-06 1.340e-06 
7.764e+01 3.469e-05 7.500e-07 7.500e-07 1.070e-06 1.070e-06 
8.343e+01 2.865e-05 6.600e-07 6.600e-07 8.800e-07 8.800e-07 
8.968e+01 2.261e-05 5.600e-07 5.600e-07 7.000e-07 7.000e-07 
9.642e+01 1.833e-05 4.900e-07 4.900e-07 5.800e-07 5.800e-07 
1.039e+02 1.403e-05 4.000e-07 4.000e-07 4.500e-07 4.500e-07 
1.119e+02 1.169e-05 3.600e-07 3.600e-07 3.800e-07 3.800e-07 
1.204e+02 9.145e-06 3.020e-07 3.020e-07 3.020e-07 3.020e-07 
1.299e+02 6.700e-06 2.450e-07 2.450e-07 2.280e-07 2.280e-07 
1.408e+02 5.474e-06 2.020e-07 2.020e-07 1.860e-07 1.860e-07 
1.533e+02 4.021e-06 1.660e-07 1.660e-07 1.410e-07 1.410e-07 
1.673e+02 3.408e-06 1.420e-07 1.420e-07 1.200e-07 1.200e-07 
1.833e+02 2.300e-06 1.100e-07 1.100e-07 8.500e-08 8.500e-08 
2.012e+02 1.713e-06 8.900e-08 8.900e-08 6.500e-08 6.500e-08 
2.217e+02 1.442e-06 7.600e-08 7.600e-08 5.500e-08 5.500e-08 
2.456e+02 9.505e-07 5.660e-08 5.660e-08 3.800e-08 3.800e-08 
2.744e+02 7.445e-07 4.510e-08 4.510e-08 3.120e-08 3.120e-08 
3.097e+02 4.686e-07 3.240e-08 3.240e-08 2.090e-08 2.090e-08 
3.535e+02 3.337e-07 2.430e-08 2.430e-08 1.610e-08 1.610e-08 
4.086e+02 2.325e-07 1.800e-08 1.800e-08 1.200e-08 1.200e-08 
4.807e+02 1.391e-07 1.200e-08 1.200e-08 8.300e-09 8.300e-09 
5.877e+02 8.464e-08 7.370e-09 7.370e-09 5.960e-09 5.960e-09 
7.603e+02 4.000e-08 3.970e-09 3.970e-09 3.680e-09 3.680e-09 
1.065e+03 1.296e-08 1.640e-09 1.640e-09 1.730e-09 1.730e-09 
2.021e+03 1.530e-09 5.600e-10 5.600e-10 2.200e-10 2.200e-10 
