#Source: CRDB
#Ref: 10.1103/PhysRevLett.117.091103 (2016PhRvL.117i1103A)
#Experiment: AMS-02
#Y Quantity: pbar_e+
#X Quantity: rigidity
#Url: https://lpsc.in2p3.fr/crdb
#Comments: 
#Colums: x, y, y statistical errors, y systematic errors
1.054e+01 3.770e-01 5.000e-03 5.000e-03 2.980e-02 2.980e-02 
1.149e+01 3.970e-01 5.000e-03 5.000e-03 3.060e-02 3.060e-02 
1.249e+01 4.150e-01 6.000e-03 6.000e-03 2.970e-02 2.970e-02 
1.354e+01 4.500e-01 7.000e-03 7.000e-03 3.960e-02 3.960e-02 
1.468e+01 4.820e-01 8.000e-03 8.000e-03 3.470e-02 3.470e-02 
1.593e+01 4.780e-01 8.000e-03 8.000e-03 3.620e-02 3.620e-02 
1.728e+01 4.860e-01 8.000e-03 8.000e-03 3.700e-02 3.700e-02 
1.873e+01 4.920e-01 9.000e-03 9.000e-03 3.540e-02 3.540e-02 
2.028e+01 5.090e-01 1.000e-02 1.000e-02 4.180e-02 4.180e-02 
2.193e+01 5.350e-01 1.100e-02 1.100e-02 3.940e-02 3.940e-02 
2.373e+01 5.240e-01 1.100e-02 1.100e-02 3.480e-02 3.480e-02 
2.568e+01 5.520e-01 1.200e-02 1.200e-02 4.350e-02 4.350e-02 
2.773e+01 5.500e-01 1.300e-02 1.300e-02 3.390e-02 3.390e-02 
2.992e+01 5.460e-01 1.400e-02 1.400e-02 4.390e-02 4.390e-02 
3.227e+01 5.320e-01 1.500e-02 1.500e-02 3.660e-02 3.660e-02 
3.477e+01 5.650e-01 1.700e-02 1.700e-02 4.270e-02 4.270e-02 
3.747e+01 5.540e-01 1.700e-02 1.700e-02 3.040e-02 3.040e-02 
4.037e+01 5.190e-01 1.900e-02 1.900e-02 3.910e-02 3.910e-02 
4.346e+01 5.280e-01 2.100e-02 2.100e-02 2.830e-02 2.830e-02 
4.676e+01 5.180e-01 2.300e-02 2.300e-02 4.870e-02 4.870e-02 
5.031e+01 5.340e-01 2.500e-02 2.500e-02 3.180e-02 3.180e-02 
5.411e+01 5.200e-01 2.600e-02 2.600e-02 3.820e-02 3.820e-02 
5.815e+01 5.460e-01 3.000e-02 3.000e-02 3.540e-02 3.540e-02 
6.250e+01 5.070e-01 3.000e-02 3.000e-02 3.640e-02 3.640e-02 
6.719e+01 4.770e-01 3.000e-02 3.000e-02 2.840e-02 2.840e-02 
7.224e+01 4.810e-01 3.200e-02 3.200e-02 3.620e-02 3.620e-02 
7.764e+01 5.350e-01 3.900e-02 3.900e-02 5.110e-02 5.110e-02 
8.647e+01 4.410e-01 2.500e-02 2.500e-02 2.780e-02 2.780e-02 
1.002e+02 4.730e-01 3.200e-02 3.200e-02 4.280e-02 4.280e-02 
1.161e+02 4.810e-01 4.100e-02 4.100e-02 4.030e-02 4.030e-02 
1.355e+02 4.960e-01 4.900e-02 4.900e-02 4.250e-02 4.250e-02 
1.602e+02 4.080e-01 5.100e-02 5.100e-02 3.700e-02 3.700e-02 
1.920e+02 4.710e-01 8.000e-02 8.000e-02 5.100e-02 5.100e-02 
2.335e+02 5.430e-01 1.050e-01 1.050e-01 6.930e-02 6.930e-02 
3.384e+02 3.850e-01 1.050e-01 1.050e-01 6.480e-02 6.480e-02 
