#Source: SSDC
#Ref: 10.1016/j.physrep.2020.09.003 (2021PhR...894....1A)
#Experiment: AMS-02
#Y Quantity: B_C
#X Quantity: rigidity
#Url: https://tools.ssdc.asi.it/CosmicRays/
#Comments: 
#Colums: x, y, y total errors, y statistical errors
2.032e+00 2.867e-01 1.595e-02 1.595e-02 1.300e-03 1.300e-03 
2.272e+00 2.915e-01 1.404e-02 1.404e-02 1.100e-03 1.100e-03 
2.531e+00 2.995e-01 1.294e-02 1.294e-02 1.000e-03 1.000e-03 
2.816e+00 3.061e-01 1.194e-02 1.194e-02 1.000e-03 1.000e-03 
3.126e+00 3.142e-01 1.114e-02 1.114e-02 1.000e-03 1.000e-03 
3.461e+00 3.199e-01 1.044e-02 1.044e-02 9.000e-04 9.000e-04 
3.825e+00 3.250e-01 9.742e-03 9.742e-03 9.000e-04 9.000e-04 
4.220e+00 3.253e-01 9.144e-03 9.144e-03 9.000e-04 9.000e-04 
4.650e+00 3.213e-01 8.548e-03 8.548e-03 9.000e-04 9.000e-04 
5.119e+00 3.188e-01 8.040e-03 8.040e-03 8.000e-04 8.000e-04 
5.629e+00 3.149e-01 7.543e-03 7.543e-03 8.000e-04 8.000e-04 
6.178e+00 3.093e-01 7.244e-03 7.244e-03 8.000e-04 8.000e-04 
6.773e+00 3.056e-01 6.946e-03 6.946e-03 8.000e-04 8.000e-04 
7.417e+00 2.993e-01 6.648e-03 6.648e-03 8.000e-04 8.000e-04 
8.112e+00 2.943e-01 6.450e-03 6.450e-03 8.000e-04 8.000e-04 
8.861e+00 2.910e-01 6.251e-03 6.251e-03 8.000e-04 8.000e-04 
9.671e+00 2.857e-01 6.053e-03 6.053e-03 8.000e-04 8.000e-04 
1.054e+01 2.823e-01 5.954e-03 5.954e-03 8.000e-04 8.000e-04 
1.149e+01 2.765e-01 5.771e-03 5.771e-03 9.000e-04 9.000e-04 
1.249e+01 2.712e-01 5.672e-03 5.672e-03 9.000e-04 9.000e-04 
1.354e+01 2.639e-01 5.474e-03 5.474e-03 9.000e-04 9.000e-04 
1.469e+01 2.597e-01 5.394e-03 5.394e-03 1.000e-03 1.000e-03 
1.594e+01 2.543e-01 5.295e-03 5.295e-03 1.000e-03 1.000e-03 
1.729e+01 2.461e-01 5.197e-03 5.197e-03 1.000e-03 1.000e-03 
1.873e+01 2.425e-01 5.120e-03 5.120e-03 1.100e-03 1.100e-03 
2.028e+01 2.363e-01 5.022e-03 5.022e-03 1.100e-03 1.100e-03 
2.193e+01 2.298e-01 4.924e-03 4.924e-03 1.100e-03 1.100e-03 
2.373e+01 2.238e-01 4.827e-03 4.827e-03 1.100e-03 1.100e-03 
2.568e+01 2.190e-01 4.730e-03 4.730e-03 1.100e-03 1.100e-03 
2.773e+01 2.145e-01 4.632e-03 4.632e-03 1.100e-03 1.100e-03 
2.993e+01 2.086e-01 4.632e-03 4.632e-03 1.100e-03 1.100e-03 
3.228e+01 2.017e-01 4.561e-03 4.561e-03 1.200e-03 1.200e-03 
3.478e+01 1.988e-01 4.561e-03 4.561e-03 1.200e-03 1.200e-03 
3.747e+01 1.904e-01 4.397e-03 4.397e-03 1.300e-03 1.300e-03 
4.037e+01 1.834e-01 4.301e-03 4.301e-03 1.300e-03 1.300e-03 
4.347e+01 1.800e-01 4.332e-03 4.332e-03 1.400e-03 1.400e-03 
4.677e+01 1.780e-01 4.366e-03 4.366e-03 1.500e-03 1.500e-03 
5.032e+01 1.694e-01 4.272e-03 4.272e-03 1.500e-03 1.500e-03 
5.411e+01 1.668e-01 4.308e-03 4.308e-03 1.600e-03 1.600e-03 
5.816e+01 1.618e-01 4.254e-03 4.254e-03 1.700e-03 1.700e-03 
6.251e+01 1.589e-01 4.295e-03 4.295e-03 1.800e-03 1.800e-03 
6.721e+01 1.519e-01 4.205e-03 4.205e-03 1.800e-03 1.800e-03 
7.225e+01 1.489e-01 4.159e-03 4.159e-03 1.900e-03 1.900e-03 
7.765e+01 1.434e-01 4.118e-03 4.118e-03 2.000e-03 2.000e-03 
8.345e+01 1.420e-01 4.254e-03 4.254e-03 2.100e-03 2.100e-03 
8.969e+01 1.388e-01 4.219e-03 4.219e-03 2.200e-03 2.200e-03 
9.644e+01 1.340e-01 4.272e-03 4.272e-03 2.300e-03 2.300e-03 
1.039e+02 1.247e-01 4.105e-03 4.105e-03 2.300e-03 2.300e-03 
1.119e+02 1.256e-01 4.360e-03 4.360e-03 2.600e-03 2.600e-03 
1.204e+02 1.230e-01 4.280e-03 4.280e-03 2.600e-03 2.600e-03 
1.299e+02 1.157e-01 4.264e-03 4.264e-03 2.700e-03 2.700e-03 
1.409e+02 1.176e-01 4.405e-03 4.405e-03 2.800e-03 2.800e-03 
1.534e+02 1.148e-01 4.610e-03 4.610e-03 3.000e-03 3.000e-03 
1.673e+02 1.131e-01 4.601e-03 4.601e-03 3.100e-03 3.100e-03 
1.833e+02 1.096e-01 4.669e-03 4.669e-03 3.200e-03 3.200e-03 
2.013e+02 1.025e-01 4.597e-03 4.597e-03 3.300e-03 3.300e-03 
2.217e+02 1.040e-01 4.952e-03 4.952e-03 3.600e-03 3.600e-03 
2.457e+02 9.700e-02 4.884e-03 4.884e-03 3.600e-03 3.600e-03 
2.745e+02 9.290e-02 4.952e-03 4.952e-03 3.600e-03 3.600e-03 
3.099e+02 8.830e-02 4.968e-03 4.968e-03 3.800e-03 3.800e-03 
3.537e+02 8.290e-02 5.109e-03 5.109e-03 3.900e-03 3.900e-03 
4.088e+02 8.840e-02 5.749e-03 5.749e-03 4.400e-03 4.400e-03 
4.812e+02 7.820e-02 5.467e-03 5.467e-03 4.200e-03 4.200e-03 
5.886e+02 7.030e-02 5.391e-03 5.391e-03 4.100e-03 4.100e-03 
7.621e+02 7.170e-02 6.366e-03 6.366e-03 4.600e-03 4.600e-03 
1.070e+03 7.330e-02 7.931e-03 7.931e-03 5.300e-03 5.300e-03 
2.071e+03 4.650e-02 1.031e-02 1.031e-02 9.500e-03 9.500e-03 
