#Source: SSDC
#Ref: 10.1016/j.physrep.2020.09.003 (2021PhR...894....1A)
#Experiment: AMS-02
#Y Quantity: e+e-
#X Quantity: kineticEnergy
#Url: https://tools.ssdc.asi.it/CosmicRays/
#Comments: 
#Colums: x, y, y total errors, y statistical errors
5.685e-01 1.945e+01 1.230e+00 1.230e+00 3.800e-01 3.800e-01 
7.284e-01 1.918e+01 8.559e-01 8.559e-01 1.000e-01 1.000e-01 
9.084e-01 1.839e+01 6.030e-01 6.030e-01 6.000e-02 6.000e-02 
1.108e+00 1.712e+01 4.219e-01 4.219e-01 4.000e-02 4.000e-02 
1.333e+00 1.511e+01 2.915e-01 2.915e-01 3.000e-02 3.000e-02 
1.583e+00 1.297e+01 2.010e-01 2.010e-01 2.000e-02 2.000e-02 
1.853e+00 1.106e+01 1.503e-01 1.503e-01 1.000e-02 1.000e-02 
2.148e+00 9.019e+00 1.114e-01 1.114e-01 9.000e-03 9.000e-03 
2.472e+00 7.380e+00 8.529e-02 8.529e-02 7.000e-03 7.000e-03 
2.818e+00 5.884e+00 6.619e-02 6.619e-02 5.000e-03 5.000e-03 
3.173e+00 4.696e+00 5.215e-02 5.215e-02 4.000e-03 4.000e-03 
3.539e+00 3.771e+00 4.211e-02 4.211e-02 3.000e-03 3.000e-03 
3.919e+00 3.029e+00 3.314e-02 3.314e-02 3.000e-03 3.000e-03 
4.323e+00 2.411e+00 2.707e-02 2.707e-02 2.000e-03 2.000e-03 
4.763e+00 1.901e+00 2.110e-02 2.110e-02 2.000e-03 2.000e-03 
5.237e+00 1.488e+00 1.703e-02 1.703e-02 1.000e-03 1.000e-03 
5.737e+00 1.165e+00 1.304e-02 1.304e-02 1.000e-03 1.000e-03 
6.262e+00 9.216e-01 1.064e-02 1.064e-02 9.000e-04 9.000e-04 
6.812e+00 7.281e-01 8.438e-03 8.438e-03 8.000e-04 8.000e-04 
7.387e+00 5.755e-01 6.736e-03 6.736e-03 7.000e-04 7.000e-04 
7.987e+00 4.555e-01 5.433e-03 5.433e-03 6.000e-04 6.000e-04 
8.617e+00 3.609e-01 4.329e-03 4.329e-03 5.000e-04 5.000e-04 
9.277e+00 2.904e-01 3.523e-03 3.523e-03 4.000e-04 4.000e-04 
9.962e+00 2.334e-01 2.816e-03 2.816e-03 3.000e-04 3.000e-04 
1.067e+01 1.881e-01 2.319e-03 2.319e-03 3.000e-04 3.000e-04 
1.141e+01 1.524e-01 1.924e-03 1.924e-03 3.000e-04 3.000e-04 
1.219e+01 1.239e-01 1.513e-03 1.513e-03 2.000e-04 2.000e-04 
1.299e+01 1.012e-01 1.315e-03 1.315e-03 2.000e-04 2.000e-04 
1.382e+01 8.313e-02 1.042e-03 1.042e-03 1.600e-04 1.600e-04 
1.469e+01 6.827e-02 8.713e-04 8.713e-04 1.400e-04 1.400e-04 
1.559e+01 5.628e-02 7.201e-04 7.201e-04 1.200e-04 1.200e-04 
1.652e+01 4.640e-02 6.002e-04 6.002e-04 1.100e-04 1.100e-04 
1.748e+01 3.878e-02 4.982e-04 4.982e-04 9.000e-05 9.000e-05 
1.848e+01 3.246e-02 4.276e-04 4.276e-04 8.000e-05 8.000e-05 
1.951e+01 2.731e-02 3.569e-04 3.569e-04 7.000e-05 7.000e-05 
2.058e+01 2.283e-02 3.059e-04 3.059e-04 6.000e-05 6.000e-05 
2.168e+01 1.915e-02 2.571e-04 2.571e-04 6.000e-05 6.000e-05 
2.283e+01 1.620e-02 2.159e-04 2.159e-04 5.000e-05 5.000e-05 
2.401e+01 1.375e-02 1.844e-04 1.844e-04 4.000e-05 4.000e-05 
2.525e+01 1.170e-02 1.552e-04 1.552e-04 4.000e-05 4.000e-05 
2.656e+01 9.860e-03 1.346e-04 1.346e-04 3.500e-05 3.500e-05 
2.795e+01 8.380e-03 1.152e-04 1.152e-04 3.100e-05 3.100e-05 
2.943e+01 7.084e-03 9.808e-05 9.808e-05 2.800e-05 2.800e-05 
3.100e+01 5.910e-03 8.286e-05 8.286e-05 2.500e-05 2.500e-05 
3.266e+01 5.028e-03 7.052e-05 7.052e-05 2.200e-05 2.200e-05 
3.443e+01 4.232e-03 6.041e-05 6.041e-05 2.000e-05 2.000e-05 
3.632e+01 3.564e-03 5.092e-05 5.092e-05 1.700e-05 1.700e-05 
3.833e+01 3.016e-03 4.366e-05 4.366e-05 1.500e-05 1.500e-05 
4.048e+01 2.521e-03 3.677e-05 3.677e-05 1.400e-05 1.400e-05 
4.278e+01 2.105e-03 3.138e-05 3.138e-05 1.200e-05 1.200e-05 
4.526e+01 1.769e-03 2.640e-05 2.640e-05 1.100e-05 1.100e-05 
4.792e+01 1.491e-03 2.193e-05 2.193e-05 9.000e-06 9.000e-06 
5.080e+01 1.216e-03 1.879e-05 1.879e-05 8.000e-06 8.000e-06 
5.392e+01 1.008e-03 1.565e-05 1.565e-05 7.000e-06 7.000e-06 
5.732e+01 8.324e-04 1.294e-05 1.294e-05 6.300e-06 6.300e-06 
6.103e+01 6.752e-04 1.067e-05 1.067e-05 5.400e-06 5.400e-06 
6.511e+01 5.541e-04 8.936e-06 8.936e-06 4.700e-06 4.700e-06 
6.962e+01 4.524e-04 7.378e-06 7.378e-06 4.000e-06 4.000e-06 
7.465e+01 3.637e-04 6.046e-06 6.046e-06 3.400e-06 3.400e-06 
8.029e+01 2.883e-04 4.941e-06 4.941e-06 2.900e-06 2.900e-06 
8.669e+01 2.273e-04 3.920e-06 3.920e-06 2.400e-06 2.400e-06 
9.402e+01 1.765e-04 3.124e-06 3.124e-06 2.000e-06 2.000e-06 
1.026e+02 1.349e-04 2.484e-06 2.484e-06 1.600e-06 1.600e-06 
1.127e+02 9.853e-05 1.848e-06 1.848e-06 1.240e-06 1.240e-06 
1.250e+02 7.197e-05 1.386e-06 1.386e-06 9.600e-07 9.600e-07 
1.401e+02 5.220e-05 1.047e-06 1.047e-06 7.500e-07 7.500e-07 
1.589e+02 3.492e-05 7.433e-07 7.433e-07 5.500e-07 5.500e-07 
1.831e+02 2.166e-05 4.860e-07 4.860e-07 3.900e-07 3.900e-07 
2.163e+02 1.289e-05 3.406e-07 3.406e-07 2.600e-07 2.600e-07 
2.618e+02 7.285e-06 2.037e-07 2.037e-07 1.660e-07 1.660e-07 
3.268e+02 3.705e-06 1.240e-07 1.240e-07 9.800e-08 9.800e-08 
4.285e+02 1.539e-06 6.297e-08 6.297e-08 5.300e-08 5.300e-08 
5.888e+02 5.586e-07 3.292e-08 3.292e-08 2.730e-08 2.730e-08 
8.323e+02 1.877e-07 1.894e-08 1.894e-08 1.440e-08 1.440e-08 
1.178e+03 4.786e-08 8.603e-09 8.603e-09 7.410e-09 7.410e-09 
1.665e+03 1.216e-08 4.908e-09 4.908e-09 4.010e-09 4.010e-09 
