#Source: CRDB
#Ref: 10.1016/j.physrep.2020.09.003 (2021PhR...894....1A)
#Experiment: AMS-02
#Y Quantity: Li
#X Quantity: rigidity
#Url: https://lpsc.in2p3.fr/crdb
#Comments: 
#Colums: x, y, y statistical errors, y systematic errors
2.031e+00 2.827e-01 1.400e-03 1.400e-03 8.900e-03 8.900e-03 
2.271e+00 2.863e-01 1.200e-03 1.200e-03 8.200e-03 8.200e-03 
2.531e+00 2.835e-01 1.100e-03 1.100e-03 7.800e-03 7.800e-03 
2.815e+00 2.725e-01 9.000e-04 9.000e-04 7.300e-03 7.300e-03 
3.125e+00 2.524e-01 8.000e-04 8.000e-04 6.700e-03 6.700e-03 
3.460e+00 2.278e-01 7.000e-04 7.000e-04 6.000e-03 6.000e-03 
3.824e+00 1.996e-01 6.000e-04 6.000e-04 5.200e-03 5.200e-03 
4.219e+00 1.737e-01 5.000e-04 5.000e-04 4.500e-03 4.500e-03 
4.648e+00 1.484e-01 4.000e-04 4.000e-04 3.900e-03 3.900e-03 
5.118e+00 1.252e-01 3.000e-04 3.000e-04 3.300e-03 3.300e-03 
5.627e+00 1.049e-01 3.000e-04 3.000e-04 2.700e-03 2.700e-03 
6.177e+00 8.656e-02 2.300e-04 2.300e-04 2.260e-03 2.260e-03 
6.771e+00 7.115e-02 1.900e-04 1.900e-04 1.860e-03 1.860e-03 
7.416e+00 5.818e-02 1.600e-04 1.600e-04 1.520e-03 1.520e-03 
8.110e+00 4.703e-02 1.300e-04 1.300e-04 1.230e-03 1.230e-03 
8.859e+00 3.806e-02 1.100e-04 1.100e-04 1.000e-03 1.000e-03 
9.669e+00 3.070e-02 9.000e-05 9.000e-05 8.100e-04 8.100e-04 
1.054e+01 2.447e-02 8.000e-05 8.000e-05 6.400e-04 6.400e-04 
1.149e+01 1.953e-02 6.000e-05 6.000e-05 5.200e-04 5.200e-04 
1.249e+01 1.571e-02 6.000e-05 6.000e-05 4.100e-04 4.100e-04 
1.354e+01 1.263e-02 5.000e-05 5.000e-05 3.300e-04 3.300e-04 
1.468e+01 1.010e-02 4.000e-05 4.000e-05 2.700e-04 2.700e-04 
1.593e+01 8.063e-03 3.300e-05 3.300e-05 2.140e-04 2.140e-04 
1.728e+01 6.394e-03 2.800e-05 2.800e-05 1.700e-04 1.700e-04 
1.873e+01 5.101e-03 2.300e-05 2.300e-05 1.350e-04 1.350e-04 
2.028e+01 4.043e-03 1.900e-05 1.900e-05 1.070e-04 1.070e-04 
2.193e+01 3.220e-03 1.600e-05 1.600e-05 8.600e-05 8.600e-05 
2.373e+01 2.585e-03 1.300e-05 1.300e-05 6.900e-05 6.900e-05 
2.568e+01 2.046e-03 1.100e-05 1.100e-05 5.400e-05 5.400e-05 
2.773e+01 1.624e-03 9.000e-06 9.000e-06 4.300e-05 4.300e-05 
2.992e+01 1.299e-03 7.000e-06 7.000e-06 3.500e-05 3.500e-05 
3.227e+01 1.034e-03 6.000e-06 6.000e-06 2.800e-05 2.800e-05 
3.477e+01 8.206e-04 5.400e-06 5.400e-06 2.190e-05 2.190e-05 
3.747e+01 6.546e-04 4.600e-06 4.600e-06 1.750e-05 1.750e-05 
4.037e+01 5.249e-04 4.000e-06 4.000e-06 1.410e-05 1.410e-05 
4.346e+01 4.139e-04 3.400e-06 3.400e-06 1.110e-05 1.110e-05 
4.676e+01 3.421e-04 3.000e-06 3.000e-06 9.200e-06 9.200e-06 
5.031e+01 2.639e-04 2.500e-06 2.500e-06 7.100e-06 7.100e-06 
5.411e+01 2.122e-04 2.200e-06 2.200e-06 5.800e-06 5.800e-06 
5.815e+01 1.680e-04 1.900e-06 1.900e-06 4.600e-06 4.600e-06 
6.250e+01 1.355e-04 1.600e-06 1.600e-06 3.700e-06 3.700e-06 
6.719e+01 1.071e-04 1.400e-06 1.400e-06 2.900e-06 2.900e-06 
7.224e+01 8.747e-05 1.220e-06 1.220e-06 2.410e-06 2.410e-06 
7.764e+01 6.701e-05 1.030e-06 1.030e-06 1.860e-06 1.860e-06 
8.343e+01 5.409e-05 8.900e-07 8.900e-07 1.510e-06 1.510e-06 
8.968e+01 4.382e-05 7.700e-07 7.700e-07 1.230e-06 1.230e-06 
9.642e+01 3.441e-05 6.600e-07 6.600e-07 9.700e-07 9.700e-07 
1.039e+02 2.708e-05 5.400e-07 5.400e-07 7.700e-07 7.700e-07 
1.119e+02 2.066e-05 4.800e-07 4.800e-07 5.900e-07 5.900e-07 
1.204e+02 1.615e-05 4.000e-07 4.000e-07 4.700e-07 4.700e-07 
1.299e+02 1.329e-05 3.400e-07 3.400e-07 3.900e-07 3.900e-07 
1.408e+02 1.038e-05 2.700e-07 2.700e-07 3.100e-07 3.100e-07 
1.533e+02 8.249e-06 2.340e-07 2.340e-07 2.470e-07 2.470e-07 
1.673e+02 6.182e-06 1.880e-07 1.880e-07 1.880e-07 1.880e-07 
1.833e+02 4.659e-06 1.530e-07 1.530e-07 1.450e-07 1.450e-07 
2.012e+02 3.554e-06 1.260e-07 1.260e-07 1.130e-07 1.130e-07 
2.217e+02 2.571e-06 9.900e-08 9.900e-08 8.400e-08 8.400e-08 
2.456e+02 2.009e-06 8.100e-08 8.100e-08 6.800e-08 6.800e-08 
2.744e+02 1.298e-06 5.800e-08 5.800e-08 4.600e-08 4.600e-08 
3.097e+02 9.327e-07 4.460e-08 4.460e-08 3.430e-08 3.430e-08 
3.535e+02 6.826e-07 3.390e-08 3.390e-08 2.650e-08 2.650e-08 
4.086e+02 4.744e-07 2.510e-08 2.510e-08 1.990e-08 1.990e-08 
4.807e+02 2.563e-07 1.580e-08 1.580e-08 1.190e-08 1.190e-08 
5.877e+02 1.525e-07 9.600e-09 9.600e-09 8.100e-09 8.100e-09 
7.603e+02 7.418e-08 5.250e-09 5.250e-09 4.850e-09 4.850e-09 
1.065e+03 2.787e-08 2.330e-09 2.330e-09 2.460e-09 2.460e-09 
2.021e+03 5.750e-09 1.030e-09 1.030e-09 6.100e-10 6.100e-10 
