#Source: SSDC
#Ref: 10.1016/j.physrep.2020.09.003 (2021PhR...894....1A)
#Experiment: AMS-02
#Y Quantity: C_O
#X Quantity: rigidity
#Url: https://tools.ssdc.asi.it/CosmicRays/
#Comments: 
#Colums: x, y, y total errors, y statistical errors
2.272e+00 1.016e+00 2.617e-02 2.617e-02 3.000e-03 3.000e-03 
2.531e+00 1.048e+00 2.419e-02 2.419e-02 3.000e-03 3.000e-03 
2.816e+00 1.056e+00 2.309e-02 2.309e-02 2.000e-03 2.000e-03 
3.126e+00 1.058e+00 2.209e-02 2.209e-02 2.000e-03 2.000e-03 
3.461e+00 1.064e+00 2.110e-02 2.110e-02 2.000e-03 2.000e-03 
3.825e+00 1.065e+00 2.110e-02 2.110e-02 2.000e-03 2.000e-03 
4.220e+00 1.072e+00 2.010e-02 2.010e-02 2.000e-03 2.000e-03 
4.650e+00 1.075e+00 2.010e-02 2.010e-02 2.000e-03 2.000e-03 
5.119e+00 1.075e+00 2.010e-02 2.010e-02 2.000e-03 2.000e-03 
5.629e+00 1.073e+00 2.010e-02 2.010e-02 2.000e-03 2.000e-03 
6.178e+00 1.074e+00 2.010e-02 2.010e-02 2.000e-03 2.000e-03 
6.773e+00 1.068e+00 1.910e-02 1.910e-02 2.000e-03 2.000e-03 
7.417e+00 1.064e+00 1.910e-02 1.910e-02 2.000e-03 2.000e-03 
8.112e+00 1.058e+00 1.910e-02 1.910e-02 2.000e-03 2.000e-03 
8.861e+00 1.051e+00 1.910e-02 1.910e-02 2.000e-03 2.000e-03 
9.671e+00 1.042e+00 1.910e-02 1.910e-02 2.000e-03 2.000e-03 
1.054e+01 1.040e+00 1.910e-02 1.910e-02 2.000e-03 2.000e-03 
1.149e+01 1.029e+00 1.910e-02 1.910e-02 2.000e-03 2.000e-03 
1.249e+01 1.020e+00 1.910e-02 1.910e-02 2.000e-03 2.000e-03 
1.354e+01 1.020e+00 1.910e-02 1.910e-02 2.000e-03 2.000e-03 
1.469e+01 1.019e+00 1.924e-02 1.924e-02 3.000e-03 3.000e-03 
1.594e+01 1.010e+00 1.924e-02 1.924e-02 3.000e-03 3.000e-03 
1.729e+01 1.006e+00 1.924e-02 1.924e-02 3.000e-03 3.000e-03 
1.873e+01 9.990e-01 1.924e-02 1.924e-02 3.000e-03 3.000e-03 
2.028e+01 9.970e-01 1.924e-02 1.924e-02 3.000e-03 3.000e-03 
2.193e+01 9.900e-01 1.924e-02 1.924e-02 3.000e-03 3.000e-03 
2.373e+01 9.880e-01 1.924e-02 1.924e-02 3.000e-03 3.000e-03 
2.568e+01 9.840e-01 1.924e-02 1.924e-02 3.000e-03 3.000e-03 
2.773e+01 9.810e-01 1.924e-02 1.924e-02 3.000e-03 3.000e-03 
2.993e+01 9.660e-01 1.924e-02 1.924e-02 3.000e-03 3.000e-03 
3.228e+01 9.630e-01 1.924e-02 1.924e-02 3.000e-03 3.000e-03 
3.478e+01 9.630e-01 1.924e-02 1.924e-02 3.000e-03 3.000e-03 
3.747e+01 9.560e-01 1.942e-02 1.942e-02 4.000e-03 4.000e-03 
4.037e+01 9.600e-01 2.040e-02 2.040e-02 4.000e-03 4.000e-03 
4.347e+01 9.470e-01 2.040e-02 2.040e-02 4.000e-03 4.000e-03 
4.677e+01 9.430e-01 2.040e-02 2.040e-02 4.000e-03 4.000e-03 
5.032e+01 9.450e-01 2.062e-02 2.062e-02 5.000e-03 5.000e-03 
5.411e+01 9.420e-01 2.062e-02 2.062e-02 5.000e-03 5.000e-03 
5.816e+01 9.490e-01 2.062e-02 2.062e-02 5.000e-03 5.000e-03 
6.251e+01 9.310e-01 2.088e-02 2.088e-02 6.000e-03 6.000e-03 
6.721e+01 9.380e-01 2.184e-02 2.184e-02 6.000e-03 6.000e-03 
7.225e+01 9.420e-01 2.184e-02 2.184e-02 6.000e-03 6.000e-03 
7.765e+01 9.390e-01 2.214e-02 2.214e-02 7.000e-03 7.000e-03 
8.345e+01 9.250e-01 2.214e-02 2.214e-02 7.000e-03 7.000e-03 
8.969e+01 9.360e-01 2.341e-02 2.341e-02 8.000e-03 8.000e-03 
9.644e+01 9.230e-01 2.341e-02 2.341e-02 8.000e-03 8.000e-03 
1.039e+02 9.300e-01 2.341e-02 2.341e-02 8.000e-03 8.000e-03 
1.119e+02 9.190e-01 2.377e-02 2.377e-02 9.000e-03 9.000e-03 
1.204e+02 9.160e-01 2.377e-02 2.377e-02 9.000e-03 9.000e-03 
1.299e+02 9.170e-01 2.417e-02 2.417e-02 1.000e-02 1.000e-02 
1.409e+02 9.180e-01 2.508e-02 2.508e-02 1.000e-02 1.000e-02 
1.534e+02 9.080e-01 2.550e-02 2.550e-02 1.100e-02 1.100e-02 
1.673e+02 9.050e-01 2.550e-02 2.550e-02 1.100e-02 1.100e-02 
1.833e+02 8.950e-01 2.594e-02 2.594e-02 1.200e-02 1.200e-02 
2.013e+02 9.050e-01 2.729e-02 2.729e-02 1.300e-02 1.300e-02 
2.217e+02 8.920e-01 2.729e-02 2.729e-02 1.300e-02 1.300e-02 
2.457e+02 9.200e-01 2.865e-02 2.865e-02 1.400e-02 1.400e-02 
2.745e+02 9.120e-01 3.002e-02 3.002e-02 1.500e-02 1.500e-02 
3.099e+02 9.030e-01 3.053e-02 3.053e-02 1.600e-02 1.600e-02 
3.537e+02 9.120e-01 3.276e-02 3.276e-02 1.700e-02 1.700e-02 
4.088e+02 8.920e-01 3.329e-02 3.329e-02 1.800e-02 1.800e-02 
4.812e+02 9.680e-01 3.912e-02 3.912e-02 2.100e-02 2.100e-02 
5.810e+02 9.390e-01 4.050e-02 4.050e-02 2.200e-02 2.200e-02 
7.270e+02 9.390e-01 4.494e-02 4.494e-02 2.400e-02 2.400e-02 
9.638e+02 8.970e-01 4.974e-02 4.974e-02 2.500e-02 2.500e-02 
1.426e+03 9.350e-01 8.102e-02 8.102e-02 6.600e-02 6.600e-02 
2.324e+03 9.380e-01 1.096e-01 1.096e-01 9.300e-02 9.300e-02 
