#Source: SSDC
#Ref: 10.1016/j.physrep.2020.09.003 (2021PhR...894....1A)
#Experiment: AMS-02
#Y Quantity: C
#X Quantity: rigidity
#Url: https://tools.ssdc.asi.it/CosmicRays/
#Comments: 
#Colums: x, y, y total errors, y statistical errors
2.031e+00 1.626e+00 5.608e-02 5.608e-02 3.000e-03 3.000e-03 
2.271e+00 1.613e+00 4.710e-02 4.710e-02 3.000e-03 3.000e-03 
2.531e+00 1.540e+00 4.211e-02 4.211e-02 3.000e-03 3.000e-03 
2.815e+00 1.404e+00 3.705e-02 3.705e-02 2.000e-03 2.000e-03 
3.125e+00 1.238e+00 3.106e-02 3.106e-02 2.000e-03 2.000e-03 
3.460e+00 1.077e+00 2.608e-02 2.608e-02 2.000e-03 2.000e-03 
3.824e+00 9.241e-01 2.234e-02 2.234e-02 1.300e-03 1.300e-03 
4.219e+00 7.897e-01 1.883e-02 1.883e-02 1.100e-03 1.100e-03 
4.648e+00 6.703e-01 1.573e-02 1.573e-02 9.000e-04 9.000e-04 
5.118e+00 5.653e-01 1.322e-02 1.322e-02 7.000e-04 7.000e-04 
5.627e+00 4.716e-01 1.092e-02 1.092e-02 6.000e-04 6.000e-04 
6.177e+00 3.931e-01 9.114e-03 9.114e-03 5.000e-04 5.000e-04 
6.771e+00 3.249e-01 7.511e-03 7.511e-03 4.000e-04 4.000e-04 
7.416e+00 2.670e-01 6.107e-03 6.107e-03 3.000e-04 3.000e-04 
8.110e+00 2.195e-01 5.009e-03 5.009e-03 3.000e-04 3.000e-04 
8.859e+00 1.795e-01 4.105e-03 4.105e-03 2.000e-04 2.000e-04 
9.669e+00 1.462e-01 3.406e-03 3.406e-03 2.000e-04 2.000e-04 
1.054e+01 1.193e-01 2.707e-03 2.707e-03 2.000e-04 2.000e-04 
1.149e+01 9.699e-02 2.234e-03 2.234e-03 1.400e-04 1.400e-04 
1.249e+01 7.906e-02 1.825e-03 1.825e-03 1.300e-04 1.300e-04 
1.354e+01 6.496e-02 1.494e-03 1.494e-03 1.100e-04 1.100e-04 
1.468e+01 5.303e-02 1.223e-03 1.223e-03 9.000e-05 9.000e-05 
1.593e+01 4.321e-02 1.003e-03 1.003e-03 8.000e-05 8.000e-05 
1.728e+01 3.521e-02 8.130e-04 8.130e-04 7.000e-05 7.000e-05 
1.873e+01 2.873e-02 6.627e-04 6.627e-04 6.000e-05 6.000e-05 
2.028e+01 2.351e-02 5.523e-04 5.523e-04 5.000e-05 5.000e-05 
2.193e+01 1.920e-02 4.518e-04 4.518e-04 4.000e-05 4.000e-05 
2.373e+01 1.566e-02 3.712e-04 3.712e-04 3.000e-05 3.000e-05 
2.568e+01 1.276e-02 3.015e-04 3.015e-04 3.000e-05 3.000e-05 
2.773e+01 1.043e-02 2.408e-04 2.408e-04 2.000e-05 2.000e-05 
2.992e+01 8.499e-03 2.009e-04 2.009e-04 1.900e-05 1.900e-05 
3.227e+01 6.989e-03 1.659e-04 1.659e-04 1.700e-05 1.700e-05 
3.477e+01 5.741e-03 1.368e-04 1.368e-04 1.500e-05 1.500e-05 
3.747e+01 4.718e-03 1.128e-04 1.128e-04 1.300e-05 1.300e-05 
4.037e+01 3.865e-03 9.266e-05 9.266e-05 1.100e-05 1.100e-05 
4.346e+01 3.160e-03 7.666e-05 7.666e-05 1.000e-05 1.000e-05 
4.676e+01 2.603e-03 6.351e-05 6.351e-05 8.000e-06 8.000e-06 
5.031e+01 2.154e-03 5.247e-05 5.247e-05 7.000e-06 7.000e-06 
5.411e+01 1.768e-03 4.357e-05 4.357e-05 7.000e-06 7.000e-06 
5.815e+01 1.459e-03 3.551e-05 3.551e-05 6.000e-06 6.000e-06 
6.250e+01 1.186e-03 2.943e-05 2.943e-05 5.000e-06 5.000e-06 
6.719e+01 9.799e-04 2.438e-05 2.438e-05 4.300e-06 4.300e-06 
7.224e+01 8.036e-04 2.016e-05 2.016e-05 3.800e-06 3.800e-06 
7.764e+01 6.630e-04 1.673e-05 1.673e-05 3.300e-06 3.300e-06 
8.343e+01 5.392e-04 1.371e-05 1.371e-05 2.900e-06 2.900e-06 
8.968e+01 4.475e-04 1.138e-05 1.138e-05 2.500e-06 2.500e-06 
9.642e+01 3.611e-04 9.265e-06 9.265e-06 2.200e-06 2.200e-06 
1.039e+02 2.990e-04 7.737e-06 7.737e-06 1.900e-06 1.900e-06 
1.119e+02 2.429e-04 6.332e-06 6.332e-06 1.700e-06 1.700e-06 
1.204e+02 1.992e-04 5.192e-06 5.192e-06 1.400e-06 1.400e-06 
1.299e+02 1.616e-04 4.272e-06 4.272e-06 1.200e-06 1.200e-06 
1.408e+02 1.299e-04 3.448e-06 3.448e-06 1.000e-06 1.000e-06 
1.533e+02 1.009e-04 2.720e-06 2.720e-06 8.000e-07 8.000e-07 
1.673e+02 7.979e-05 2.166e-06 2.166e-06 7.000e-07 7.000e-07 
1.833e+02 6.208e-05 1.702e-06 1.702e-06 5.800e-07 5.800e-07 
2.012e+02 4.918e-05 1.371e-06 1.371e-06 4.900e-07 4.900e-07 
2.217e+02 3.707e-05 1.055e-06 1.055e-06 3.900e-07 3.900e-07 
2.456e+02 2.892e-05 8.338e-07 8.338e-07 3.200e-07 3.200e-07 
2.744e+02 2.159e-05 6.408e-07 6.408e-07 2.500e-07 2.500e-07 
3.097e+02 1.535e-05 4.701e-07 4.701e-07 1.900e-07 1.900e-07 
3.535e+02 1.094e-05 3.493e-07 3.493e-07 1.400e-07 1.400e-07 
4.086e+02 7.205e-06 2.475e-07 2.475e-07 1.030e-07 1.030e-07 
4.807e+02 4.959e-06 1.841e-07 1.841e-07 7.300e-08 7.300e-08 
5.803e+02 2.982e-06 1.246e-07 1.246e-07 4.800e-08 4.800e-08 
7.257e+02 1.630e-06 8.041e-08 8.041e-08 2.900e-08 2.900e-08 
9.609e+02 7.825e-07 4.778e-08 4.778e-08 1.520e-08 1.520e-08 
1.417e+03 3.014e-07 2.319e-08 2.319e-08 1.450e-08 1.450e-08 
2.306e+03 8.423e-08 9.516e-09 9.516e-09 5.740e-09 5.740e-09 
