#Source: SSDC
#Ref: 10.1103/PhysRevLett.124.211102 (2020PhRvL.124u1102A)
#Experiment: AMS-02
#Y Quantity: Mg_O
#X Quantity: rigidity
#Url: https://tools.ssdc.asi.it/CosmicRays/
#Comments: 
#Colums: x, y, y total errors, y statistical errors
2.272e+00 1.994e-01 6.675e-03 6.675e-03 1.000e-03 1.000e-03 
2.531e+00 1.971e-01 6.265e-03 6.265e-03 9.000e-04 9.000e-04 
2.816e+00 1.928e-01 5.855e-03 5.855e-03 8.000e-04 8.000e-04 
3.126e+00 1.912e-01 5.657e-03 5.657e-03 8.000e-04 8.000e-04 
3.461e+00 1.943e-01 5.657e-03 5.657e-03 8.000e-04 8.000e-04 
3.825e+00 1.945e-01 5.558e-03 5.558e-03 8.000e-04 8.000e-04 
4.220e+00 1.965e-01 5.558e-03 5.558e-03 8.000e-04 8.000e-04 
4.650e+00 1.981e-01 5.544e-03 5.544e-03 7.000e-04 7.000e-04 
5.119e+00 2.008e-01 5.544e-03 5.544e-03 7.000e-04 7.000e-04 
5.629e+00 2.023e-01 5.544e-03 5.544e-03 7.000e-04 7.000e-04 
6.178e+00 2.015e-01 5.544e-03 5.544e-03 7.000e-04 7.000e-04 
6.773e+00 2.027e-01 5.544e-03 5.544e-03 7.000e-04 7.000e-04 
7.417e+00 2.043e-01 5.644e-03 5.644e-03 7.000e-04 7.000e-04 
8.112e+00 2.049e-01 5.644e-03 5.644e-03 7.000e-04 7.000e-04 
8.861e+00 2.052e-01 5.644e-03 5.644e-03 7.000e-04 7.000e-04 
9.671e+00 2.054e-01 5.644e-03 5.644e-03 7.000e-04 7.000e-04 
1.054e+01 2.073e-01 5.756e-03 5.756e-03 8.000e-04 8.000e-04 
1.149e+01 2.054e-01 5.657e-03 5.657e-03 8.000e-04 8.000e-04 
1.249e+01 2.049e-01 5.672e-03 5.672e-03 9.000e-04 9.000e-04 
1.354e+01 2.054e-01 5.672e-03 5.672e-03 9.000e-04 9.000e-04 
1.469e+01 2.075e-01 5.771e-03 5.771e-03 9.000e-04 9.000e-04 
1.594e+01 2.062e-01 5.787e-03 5.787e-03 1.000e-03 1.000e-03 
1.729e+01 2.056e-01 5.689e-03 5.689e-03 1.000e-03 1.000e-03 
1.873e+01 2.057e-01 5.805e-03 5.805e-03 1.100e-03 1.100e-03 
2.028e+01 2.039e-01 5.707e-03 5.707e-03 1.100e-03 1.100e-03 
2.193e+01 2.030e-01 5.707e-03 5.707e-03 1.100e-03 1.100e-03 
2.373e+01 2.031e-01 5.707e-03 5.707e-03 1.100e-03 1.100e-03 
2.568e+01 2.033e-01 5.707e-03 5.707e-03 1.100e-03 1.100e-03 
2.773e+01 2.037e-01 5.825e-03 5.825e-03 1.200e-03 1.200e-03 
2.993e+01 2.036e-01 5.825e-03 5.825e-03 1.200e-03 1.200e-03 
3.228e+01 2.034e-01 5.846e-03 5.846e-03 1.300e-03 1.300e-03 
3.478e+01 2.038e-01 5.944e-03 5.944e-03 1.300e-03 1.300e-03 
3.747e+01 2.022e-01 5.869e-03 5.869e-03 1.400e-03 1.400e-03 
4.037e+01 2.002e-01 5.894e-03 5.894e-03 1.500e-03 1.500e-03 
4.347e+01 2.036e-01 6.017e-03 6.017e-03 1.600e-03 1.600e-03 
4.677e+01 1.995e-01 5.948e-03 5.948e-03 1.700e-03 1.700e-03 
5.032e+01 1.994e-01 6.073e-03 6.073e-03 1.800e-03 1.800e-03 
5.411e+01 1.989e-01 6.103e-03 6.103e-03 1.900e-03 1.900e-03 
5.816e+01 2.003e-01 6.263e-03 6.263e-03 2.100e-03 2.100e-03 
6.251e+01 1.976e-01 6.203e-03 6.203e-03 2.200e-03 2.200e-03 
6.721e+01 1.974e-01 6.332e-03 6.332e-03 2.300e-03 2.300e-03 
7.225e+01 1.994e-01 6.500e-03 6.500e-03 2.500e-03 2.500e-03 
7.765e+01 1.926e-01 6.356e-03 6.356e-03 2.600e-03 2.600e-03 
8.345e+01 1.971e-01 6.621e-03 6.621e-03 2.800e-03 2.800e-03 
8.969e+01 1.959e-01 6.664e-03 6.664e-03 2.900e-03 2.900e-03 
9.644e+01 1.978e-01 6.843e-03 6.843e-03 3.100e-03 3.100e-03 
1.039e+02 1.925e-01 6.800e-03 6.800e-03 3.200e-03 3.200e-03 
1.119e+02 1.958e-01 7.033e-03 7.033e-03 3.500e-03 3.500e-03 
1.204e+02 1.953e-01 7.134e-03 7.134e-03 3.700e-03 3.700e-03 
1.299e+02 1.959e-01 7.325e-03 7.325e-03 3.900e-03 3.900e-03 
1.409e+02 1.929e-01 7.240e-03 7.240e-03 3.900e-03 3.900e-03 
1.534e+02 1.935e-01 7.489e-03 7.489e-03 4.200e-03 4.200e-03 
1.673e+02 1.894e-01 7.603e-03 7.603e-03 4.400e-03 4.400e-03 
1.833e+02 1.863e-01 7.640e-03 7.640e-03 4.600e-03 4.600e-03 
2.013e+02 1.883e-01 7.981e-03 7.981e-03 4.900e-03 4.900e-03 
2.217e+02 1.887e-01 8.310e-03 8.310e-03 5.300e-03 5.300e-03 
2.457e+02 1.891e-01 8.580e-03 8.580e-03 5.600e-03 5.600e-03 
2.745e+02 1.813e-01 8.429e-03 8.429e-03 5.600e-03 5.600e-03 
3.099e+02 1.902e-01 9.129e-03 9.129e-03 6.200e-03 6.200e-03 
3.537e+02 1.808e-01 9.193e-03 9.193e-03 6.400e-03 6.400e-03 
4.088e+02 1.740e-01 9.407e-03 9.407e-03 6.800e-03 6.800e-03 
4.812e+02 1.815e-01 1.033e-02 1.033e-02 7.500e-03 7.500e-03 
5.886e+02 1.985e-01 1.160e-02 1.160e-02 8.100e-03 8.100e-03 
7.534e+02 1.732e-01 1.160e-02 1.160e-02 8.400e-03 8.400e-03 
1.016e+03 1.799e-01 1.365e-02 1.365e-02 9.700e-03 9.700e-03 
1.897e+03 1.629e-01 2.390e-02 2.390e-02 2.180e-02 2.180e-02 
