#Source: SSDC
#Ref: 10.1016/j.physrep.2020.09.003 (2021PhR...894....1A)
#Experiment: AMS-02
#Y Quantity: Be_C
#X Quantity: rigidity
#Url: https://tools.ssdc.asi.it/CosmicRays/
#Comments: 
#Colums: x, y, y total errors, y statistical errors
2.032e+00 9.380e-02 3.059e-03 3.059e-03 6.000e-04 6.000e-04 
2.272e+00 9.350e-02 2.668e-03 2.668e-03 6.000e-04 6.000e-04 
2.531e+00 9.240e-02 2.550e-03 2.550e-03 5.000e-04 5.000e-04 
2.816e+00 9.500e-02 2.550e-03 2.550e-03 5.000e-04 5.000e-04 
3.126e+00 1.005e-01 2.550e-03 2.550e-03 5.000e-04 5.000e-04 
3.461e+00 1.025e-01 2.550e-03 2.550e-03 5.000e-04 5.000e-04 
3.825e+00 1.048e-01 2.550e-03 2.550e-03 5.000e-04 5.000e-04 
4.220e+00 1.056e-01 2.550e-03 2.550e-03 5.000e-04 5.000e-04 
4.650e+00 1.059e-01 2.532e-03 2.532e-03 4.000e-04 4.000e-04 
5.119e+00 1.062e-01 2.532e-03 2.532e-03 4.000e-04 4.000e-04 
5.629e+00 1.053e-01 2.532e-03 2.532e-03 4.000e-04 4.000e-04 
6.178e+00 1.044e-01 2.433e-03 2.433e-03 4.000e-04 4.000e-04 
6.773e+00 1.033e-01 2.433e-03 2.433e-03 4.000e-04 4.000e-04 
7.417e+00 1.018e-01 2.433e-03 2.433e-03 4.000e-04 4.000e-04 
8.112e+00 9.940e-02 2.335e-03 2.335e-03 4.000e-04 4.000e-04 
8.861e+00 9.890e-02 2.335e-03 2.335e-03 4.000e-04 4.000e-04 
9.671e+00 9.780e-02 2.335e-03 2.335e-03 4.000e-04 4.000e-04 
1.054e+01 9.600e-02 2.256e-03 2.256e-03 5.000e-04 5.000e-04 
1.149e+01 9.320e-02 2.256e-03 2.256e-03 5.000e-04 5.000e-04 
1.249e+01 9.350e-02 2.256e-03 2.256e-03 5.000e-04 5.000e-04 
1.354e+01 9.140e-02 2.159e-03 2.159e-03 5.000e-04 5.000e-04 
1.469e+01 8.950e-02 2.159e-03 2.159e-03 5.000e-04 5.000e-04 
1.594e+01 8.800e-02 2.088e-03 2.088e-03 6.000e-04 6.000e-04 
1.729e+01 8.750e-02 2.088e-03 2.088e-03 6.000e-04 6.000e-04 
1.873e+01 8.390e-02 2.088e-03 2.088e-03 6.000e-04 6.000e-04 
2.028e+01 8.280e-02 1.992e-03 1.992e-03 6.000e-04 6.000e-04 
2.193e+01 8.090e-02 1.992e-03 1.992e-03 6.000e-04 6.000e-04 
2.373e+01 7.910e-02 1.992e-03 1.992e-03 6.000e-04 6.000e-04 
2.568e+01 7.690e-02 1.897e-03 1.897e-03 6.000e-04 6.000e-04 
2.773e+01 7.540e-02 1.897e-03 1.897e-03 6.000e-04 6.000e-04 
2.993e+01 7.390e-02 1.897e-03 1.897e-03 6.000e-04 6.000e-04 
3.228e+01 7.240e-02 1.838e-03 1.838e-03 7.000e-04 7.000e-04 
3.478e+01 7.040e-02 1.838e-03 1.838e-03 7.000e-04 7.000e-04 
3.747e+01 6.870e-02 1.838e-03 1.838e-03 7.000e-04 7.000e-04 
4.037e+01 6.800e-02 1.879e-03 1.879e-03 8.000e-04 8.000e-04 
4.347e+01 6.450e-02 1.789e-03 1.789e-03 8.000e-04 8.000e-04 
4.677e+01 6.400e-02 1.789e-03 1.789e-03 8.000e-04 8.000e-04 
5.032e+01 6.060e-02 1.749e-03 1.749e-03 9.000e-04 9.000e-04 
5.411e+01 6.050e-02 1.749e-03 1.749e-03 9.000e-04 9.000e-04 
5.816e+01 5.820e-02 1.803e-03 1.803e-03 1.000e-03 1.000e-03 
6.251e+01 5.840e-02 1.803e-03 1.803e-03 1.000e-03 1.000e-03 
6.721e+01 5.390e-02 1.720e-03 1.720e-03 1.000e-03 1.000e-03 
7.225e+01 5.530e-02 1.860e-03 1.860e-03 1.100e-03 1.100e-03 
7.765e+01 5.220e-02 1.844e-03 1.844e-03 1.200e-03 1.200e-03 
8.345e+01 5.310e-02 1.910e-03 1.910e-03 1.300e-03 1.300e-03 
8.969e+01 5.050e-02 1.910e-03 1.910e-03 1.300e-03 1.300e-03 
9.644e+01 5.080e-02 1.980e-03 1.980e-03 1.400e-03 1.400e-03 
1.039e+02 4.710e-02 1.910e-03 1.910e-03 1.400e-03 1.400e-03 
1.119e+02 4.830e-02 2.052e-03 2.052e-03 1.500e-03 1.500e-03 
1.204e+02 4.620e-02 2.126e-03 2.126e-03 1.600e-03 1.600e-03 
1.299e+02 4.180e-02 2.062e-03 2.062e-03 1.600e-03 1.600e-03 
1.409e+02 4.250e-02 2.062e-03 2.062e-03 1.600e-03 1.600e-03 
1.534e+02 4.030e-02 2.140e-03 2.140e-03 1.700e-03 1.700e-03 
1.673e+02 4.320e-02 2.280e-03 2.280e-03 1.800e-03 1.800e-03 
1.833e+02 3.750e-02 2.163e-03 2.163e-03 1.800e-03 1.800e-03 
2.013e+02 3.530e-02 2.247e-03 2.247e-03 1.900e-03 1.900e-03 
2.217e+02 3.940e-02 2.470e-03 2.470e-03 2.100e-03 2.100e-03 
2.457e+02 3.330e-02 2.332e-03 2.332e-03 2.000e-03 2.000e-03 
2.745e+02 3.490e-02 2.555e-03 2.555e-03 2.200e-03 2.200e-03 
3.099e+02 3.090e-02 2.506e-03 2.506e-03 2.200e-03 2.200e-03 
3.537e+02 3.090e-02 2.642e-03 2.642e-03 2.300e-03 2.300e-03 
4.088e+02 3.260e-02 2.953e-03 2.953e-03 2.600e-03 2.600e-03 
4.812e+02 2.830e-02 2.865e-03 2.865e-03 2.500e-03 2.500e-03 
5.886e+02 2.950e-02 3.106e-03 3.106e-03 2.600e-03 2.600e-03 
7.621e+02 2.780e-02 3.500e-03 3.500e-03 2.800e-03 2.800e-03 
1.070e+03 2.200e-02 3.754e-03 3.754e-03 2.800e-03 2.800e-03 
2.071e+03 1.310e-02 5.060e-03 5.060e-03 4.800e-03 4.800e-03 
