#Source: CRDB
#Ref: 10.1103/PhysRevLett.127.021101 (2021PhRvL.127b1101A)
#Experiment: AMS-02
#Y Quantity: Na
#X Quantity: rigidity
#Url: https://lpsc.in2p3.fr/crdb
#Comments: 
#Colums: x, y, y statistical errors, y systematic errors
2.271e+00 5.339e-02 5.800e-04 5.800e-04 3.060e-03 3.060e-03 
2.531e+00 5.047e-02 4.900e-04 4.900e-04 2.300e-03 2.300e-03 
2.815e+00 4.616e-02 4.100e-04 4.100e-04 1.950e-03 1.950e-03 
3.125e+00 4.058e-02 3.500e-04 3.500e-04 1.670e-03 1.670e-03 
3.460e+00 3.623e-02 2.900e-04 2.900e-04 1.470e-03 1.470e-03 
3.824e+00 3.077e-02 2.400e-04 2.400e-04 1.240e-03 1.240e-03 
4.219e+00 2.629e-02 2.000e-04 2.000e-04 1.050e-03 1.050e-03 
4.648e+00 2.214e-02 1.600e-04 1.600e-04 8.800e-04 8.800e-04 
5.118e+00 1.815e-02 1.300e-04 1.300e-04 7.200e-04 7.200e-04 
5.627e+00 1.503e-02 1.100e-04 1.100e-04 5.900e-04 5.900e-04 
6.177e+00 1.218e-02 9.000e-05 9.000e-05 4.800e-04 4.800e-04 
6.771e+00 9.911e-03 7.400e-05 7.400e-05 3.860e-04 3.860e-04 
7.416e+00 8.045e-03 6.000e-05 6.000e-05 3.130e-04 3.130e-04 
8.110e+00 6.757e-03 5.000e-05 5.000e-05 2.620e-04 2.620e-04 
8.859e+00 5.398e-03 4.100e-05 4.100e-05 2.090e-04 2.090e-04 
9.669e+00 4.308e-03 3.500e-05 3.500e-05 1.660e-04 1.660e-04 
1.054e+01 3.459e-03 3.000e-05 3.000e-05 1.330e-04 1.330e-04 
1.149e+01 2.794e-03 2.500e-05 2.500e-05 1.070e-04 1.070e-04 
1.249e+01 2.337e-03 2.200e-05 2.200e-05 9.000e-05 9.000e-05 
1.354e+01 1.847e-03 1.900e-05 1.900e-05 7.100e-05 7.100e-05 
1.468e+01 1.508e-03 1.600e-05 1.600e-05 5.800e-05 5.800e-05 
1.593e+01 1.195e-03 1.300e-05 1.300e-05 4.600e-05 4.600e-05 
1.728e+01 9.646e-04 1.120e-05 1.120e-05 3.690e-05 3.690e-05 
1.873e+01 7.933e-04 9.500e-06 9.500e-06 3.040e-05 3.040e-05 
2.028e+01 6.420e-04 8.000e-06 8.000e-06 2.460e-05 2.460e-05 
2.193e+01 5.100e-04 6.600e-06 6.600e-06 1.960e-05 1.960e-05 
2.373e+01 4.183e-04 5.400e-06 5.400e-06 1.610e-05 1.610e-05 
2.568e+01 3.348e-04 4.500e-06 4.500e-06 1.290e-05 1.290e-05 
2.773e+01 2.696e-04 3.800e-06 3.800e-06 1.040e-05 1.040e-05 
3.104e+01 1.967e-04 2.100e-06 2.100e-06 7.600e-06 7.600e-06 
3.608e+01 1.269e-04 1.500e-06 1.500e-06 4.900e-06 4.900e-06 
4.186e+01 8.666e-05 1.190e-06 1.190e-06 3.370e-06 3.370e-06 
4.849e+01 5.595e-05 8.900e-07 8.900e-07 2.190e-06 2.190e-06 
5.607e+01 3.740e-05 6.900e-07 6.900e-07 1.470e-06 1.470e-06 
6.479e+01 2.439e-05 5.100e-07 5.100e-07 9.600e-07 9.600e-07 
7.486e+01 1.581e-05 3.900e-07 3.900e-07 6.300e-07 6.300e-07 
8.647e+01 1.049e-05 2.900e-07 2.900e-07 4.200e-07 4.200e-07 
1.002e+02 6.984e-06 2.170e-07 2.170e-07 2.810e-07 2.810e-07 
1.161e+02 4.359e-06 1.610e-07 1.610e-07 1.770e-07 1.770e-07 
1.355e+02 2.837e-06 1.140e-07 1.140e-07 1.160e-07 1.160e-07 
1.602e+02 1.775e-06 8.000e-08 8.000e-08 7.300e-08 7.300e-08 
1.920e+02 9.972e-07 5.270e-08 5.270e-08 4.190e-08 4.190e-08 
2.335e+02 5.559e-07 3.400e-08 3.400e-08 2.400e-08 2.400e-08 
2.919e+02 2.974e-07 2.050e-08 2.050e-08 1.340e-08 1.340e-08 
3.806e+02 1.382e-07 1.120e-08 1.120e-08 6.800e-09 6.800e-09 
5.370e+02 4.716e-08 4.650e-09 4.650e-09 2.840e-09 2.840e-09 
8.808e+02 1.235e-08 1.520e-09 1.520e-09 1.140e-09 1.140e-09 
1.853e+03 1.130e-09 6.300e-10 6.300e-10 1.400e-10 1.400e-10 
