#Source: CRDB
#Ref:  (2023PhRvL.130u1002A)
#Experiment: AMS-02
#Y Quantity: S
#X Quantity: rigidity
#Url: https://lpsc.in2p3.fr/crdb
#Comments: 
#Colums: x, y, y statistical errors, y systematic errors
2.271e+00 4.047e-02 5.400e-04 5.400e-04 6.140e-03 6.140e-03 
2.531e+00 3.867e-02 4.400e-04 4.400e-04 3.770e-03 3.770e-03 
2.815e+00 3.826e-02 3.800e-04 3.800e-04 2.480e-03 2.480e-03 
3.125e+00 3.543e-02 3.300e-04 3.300e-04 1.790e-03 1.790e-03 
3.460e+00 3.176e-02 2.800e-04 2.800e-04 1.450e-03 1.450e-03 
3.824e+00 2.796e-02 2.400e-04 2.400e-04 1.240e-03 1.240e-03 
4.219e+00 2.328e-02 2.000e-04 2.000e-04 1.010e-03 1.010e-03 
4.648e+00 2.011e-02 1.600e-04 1.600e-04 8.700e-04 8.700e-04 
5.118e+00 1.677e-02 1.300e-04 1.300e-04 7.200e-04 7.200e-04 
5.627e+00 1.392e-02 1.100e-04 1.100e-04 5.900e-04 5.900e-04 
6.177e+00 1.187e-02 9.000e-05 9.000e-05 5.100e-04 5.100e-04 
6.771e+00 9.825e-03 7.400e-05 7.400e-05 4.180e-04 4.180e-04 
7.416e+00 8.096e-03 6.100e-05 6.100e-05 3.440e-04 3.440e-04 
8.110e+00 6.771e-03 5.100e-05 5.100e-05 2.880e-04 2.880e-04 
8.859e+00 5.583e-03 4.300e-05 4.300e-05 2.380e-04 2.380e-04 
9.669e+00 4.626e-03 3.600e-05 3.600e-05 1.970e-04 1.970e-04 
1.054e+01 3.828e-03 3.100e-05 3.100e-05 1.630e-04 1.630e-04 
1.149e+01 3.109e-03 2.700e-05 2.700e-05 1.320e-04 1.320e-04 
1.249e+01 2.555e-03 2.400e-05 2.400e-05 1.090e-04 1.090e-04 
1.354e+01 2.075e-03 2.000e-05 2.000e-05 8.800e-05 8.800e-05 
1.468e+01 1.723e-03 1.700e-05 1.700e-05 7.300e-05 7.300e-05 
1.593e+01 1.413e-03 1.500e-05 1.500e-05 6.000e-05 6.000e-05 
1.728e+01 1.121e-03 1.200e-05 1.200e-05 4.800e-05 4.800e-05 
1.873e+01 9.307e-04 1.060e-05 1.060e-05 3.960e-05 3.960e-05 
2.028e+01 7.687e-04 9.000e-06 9.000e-06 3.270e-05 3.270e-05 
2.193e+01 6.122e-04 7.400e-06 7.400e-06 2.610e-05 2.610e-05 
2.373e+01 5.086e-04 6.100e-06 6.100e-06 2.170e-05 2.170e-05 
2.568e+01 4.235e-04 5.200e-06 5.200e-06 1.810e-05 1.810e-05 
2.773e+01 3.462e-04 4.400e-06 4.400e-06 1.480e-05 1.480e-05 
3.104e+01 2.544e-04 2.500e-06 2.500e-06 1.090e-05 1.090e-05 
3.608e+01 1.741e-04 1.900e-06 1.900e-06 7.500e-06 7.500e-06 
4.186e+01 1.211e-04 1.400e-06 1.400e-06 5.200e-06 5.200e-06 
4.849e+01 8.037e-05 1.100e-06 1.100e-06 3.460e-06 3.460e-06 
5.607e+01 5.350e-05 8.400e-07 8.400e-07 2.310e-06 2.310e-06 
6.479e+01 3.673e-05 6.500e-07 6.500e-07 1.600e-06 1.600e-06 
7.486e+01 2.468e-05 5.000e-07 5.000e-07 1.080e-06 1.080e-06 
8.647e+01 1.635e-05 3.700e-07 3.700e-07 7.200e-07 7.200e-07 
1.002e+02 1.122e-05 2.800e-07 2.800e-07 4.900e-07 4.900e-07 
1.161e+02 7.496e-06 2.170e-07 2.170e-07 3.330e-07 3.330e-07 
1.355e+02 4.929e-06 1.550e-07 1.550e-07 2.200e-07 2.200e-07 
1.602e+02 3.071e-06 1.080e-07 1.080e-07 1.380e-07 1.380e-07 
1.920e+02 1.886e-06 7.400e-08 7.400e-08 8.600e-08 8.600e-08 
2.335e+02 1.140e-06 5.000e-08 5.000e-08 5.300e-08 5.300e-08 
2.919e+02 6.417e-07 3.050e-08 3.050e-08 3.050e-08 3.050e-08 
3.806e+02 2.649e-07 1.580e-08 1.580e-08 1.310e-08 1.310e-08 
5.370e+02 1.116e-07 7.400e-09 7.400e-09 6.000e-09 6.000e-09 
8.808e+02 2.944e-08 2.320e-09 2.320e-09 2.090e-09 2.090e-09 
1.853e+03 5.130e-09 1.407e-09 1.407e-09 4.550e-10 4.550e-10 
