#Source: mytables
#Ref: doi.org/10.1103/PhysRevD.91.112017 (2015PhRvD..91k2017B)
#Experiment: ARGO-YBJ
#Y Quantity: light
#X Quantity: totalEnergy
#Url: 
#Comments: 
#Colums: x, y, y total errors, y statistical errors
4.350e+03 2.940e-06 0.000e+00 0.000e+00 1.900e-07 1.900e-07 
6.110e+03 1.130e-06 0.000e+00 0.000e+00 7.000e-08 7.000e-08 
8.550e+03 4.730e-07 0.000e+00 0.000e+00 2.900e-08 2.900e-08 
1.210e+04 1.940e-07 0.000e+00 0.000e+00 1.200e-08 1.200e-08 
1.700e+04 7.950e-08 0.000e+00 0.000e+00 4.800e-09 4.800e-09 
2.390e+04 3.190e-08 0.000e+00 0.000e+00 1.900e-09 1.900e-09 
3.380e+04 1.280e-08 0.000e+00 0.000e+00 8.000e-10 8.000e-10 
4.770e+04 5.070e-09 0.000e+00 0.000e+00 3.100e-10 3.100e-10 
6.730e+04 2.050e-09 0.000e+00 0.000e+00 1.200e-10 1.200e-10 
9.480e+04 8.290e-10 0.000e+00 0.000e+00 5.000e-11 5.000e-11 
1.330e+05 3.400e-10 0.000e+00 0.000e+00 2.100e-11 2.100e-11 
1.850e+05 1.430e-10 0.000e+00 0.000e+00 1.100e-11 1.100e-11 
2.560e+05 6.240e-11 0.000e+00 0.000e+00 4.900e-12 4.900e-12 
