#Source: CRDB
#Ref: 10.3103/S1062873809050098 (2009BRASP..73..564P)
#Experiment: ATIC-02
#Y Quantity: H
#X Quantity: totalEnergy
#Url: https://lpsc.in2p3.fr/crdb
#Comments: 
#Colums: x, y, y total errors, y statistical errors
3.100e+04 9.160e-09 2.480e-09 2.480e-09 2.480e-09 2.480e-09 
1.960e+04 3.890e-08 7.000e-09 7.000e-09 7.000e-09 7.000e-09 
1.230e+04 1.370e-07 1.500e-08 1.500e-08 1.500e-08 1.500e-08 
7.790e+03 4.230e-07 3.900e-08 3.900e-08 3.900e-08 3.900e-08 
4.920e+03 1.400e-06 1.000e-07 1.000e-07 1.000e-07 1.000e-07 
3.100e+03 4.830e-06 2.300e-07 2.300e-07 2.300e-07 2.300e-07 
1.960e+03 1.580e-05 5.000e-07 5.000e-07 5.000e-07 5.000e-07 
1.230e+03 5.240e-05 1.400e-06 1.400e-06 1.400e-06 1.400e-06 
7.790e+02 1.780e-04 3.000e-06 3.000e-06 3.000e-06 3.000e-06 
4.920e+02 5.950e-04 7.000e-06 7.000e-06 7.000e-06 7.000e-06 
3.100e+02 2.010e-03 2.000e-05 2.000e-05 2.000e-05 2.000e-05 
1.960e+02 7.070e-03 5.000e-05 5.000e-05 5.000e-05 5.000e-05 
1.230e+02 2.500e-02 1.000e-04 1.000e-04 1.000e-04 1.000e-04 
7.790e+01 8.900e-02 5.000e-04 5.000e-04 5.000e-04 5.000e-04 
4.920e+01 3.210e-01 3.000e-03 3.000e-03 3.000e-03 3.000e-03 
