#Source: mytables
#Ref: 10.1140/epjc/s10052-021-09700-w (2021EPJC...81..966A)
#Experiment: Auger2021
#Y Quantity: allParticle
#X Quantity: totalEnergy
#Url: 
#Comments: 
#Colums: x, y, y statistical errors, y systematic errors
1.122e+08 2.045e-18 4.839e-21 4.839e-21 6.129e-19 6.774e-19 
1.413e+08 1.029e-18 3.226e-21 3.226e-21 2.903e-19 3.548e-19 
1.778e+08 5.087e-19 1.935e-21 1.935e-21 1.613e-19 1.613e-19 
2.239e+08 2.465e-19 1.258e-21 1.258e-21 7.419e-20 8.387e-20 
2.818e+08 1.177e-19 7.742e-22 7.742e-22 3.548e-20 4.194e-20 
3.548e+08 5.610e-20 4.839e-22 4.839e-22 1.613e-20 1.935e-20 
4.467e+08 2.684e-20 2.903e-22 2.903e-22 7.742e-21 9.677e-21 
5.623e+08 1.258e-20 1.613e-22 1.613e-22 3.548e-21 4.516e-21 
7.079e+08 5.968e-21 9.677e-23 9.677e-23 1.613e-21 2.258e-21 
8.913e+08 2.865e-21 6.452e-23 6.452e-23 8.065e-22 1.065e-21 
1.122e+09 1.335e-21 3.871e-23 3.871e-23 3.871e-22 5.161e-22 
1.413e+09 6.129e-22 2.258e-23 2.258e-23 1.613e-22 2.258e-22 
1.778e+09 2.732e-22 1.419e-23 1.387e-23 1.097e-22 1.065e-22 
2.239e+09 1.345e-22 8.710e-24 9.032e-24 3.871e-23 5.484e-23 
2.818e+09 6.223e-23 2.258e-25 2.258e-25 1.613e-23 2.258e-23 
3.548e+09 2.916e-23 1.355e-25 1.355e-25 6.452e-24 9.355e-24 
4.467e+09 1.385e-23 8.387e-26 8.387e-26 2.903e-24 4.194e-24 
5.623e+09 6.990e-24 5.161e-26 8.387e-26 1.290e-24 1.935e-24 
7.079e+09 3.955e-24 3.548e-26 3.548e-26 6.452e-25 9.677e-25 
8.913e+09 2.200e-24 2.581e-26 2.581e-26 9.677e-26 5.161e-25 
1.122e+10 1.223e-24 1.613e-26 1.613e-26 2.258e-25 2.903e-25 
1.413e+10 6.677e-25 9.677e-27 9.677e-27 1.290e-25 1.613e-25 
1.778e+10 3.355e-25 6.452e-27 6.452e-27 6.452e-26 6.452e-26 
2.239e+10 1.710e-25 3.226e-27 3.226e-27 4.194e-26 5.161e-26 
2.818e+10 8.032e-26 2.581e-27 2.581e-27 2.258e-26 2.903e-26 
3.548e+10 4.032e-26 1.613e-27 1.613e-27 9.677e-27 1.613e-26 
4.467e+10 1.932e-26 1.032e-27 1.032e-27 5.806e-27 7.742e-27 
5.623e+10 6.290e-27 5.484e-28 5.484e-28 2.258e-27 2.903e-27 
7.079e+10 2.613e-27 2.903e-28 3.226e-28 9.032e-28 1.290e-27 
8.913e+10 5.806e-28 1.290e-28 1.613e-28 2.258e-28 3.226e-28 
1.122e+11 1.774e-28 5.806e-29 8.065e-29 7.097e-29 1.065e-28 
1.413e+11 9.355e-29 3.871e-29 5.484e-29 3.871e-29 6.129e-29 
