#Source: CRDB
#Ref: 10.1140/epjc/s10052-021-09700-w (2021EPJC...81..966A)
#Experiment: Auger (SD)
#Y Quantity: allParticle
#X Quantity: totalEnergy
#Url: https://lpsc.in2p3.fr/crdb
#Comments: 
#Columns: x, y, y statistical errors, y systematic errors
1.122e+08 2.009e-18 4.753e-21 4.753e-21 6.021e-19 6.654e-19 
1.413e+08 1.011e-18 3.169e-21 3.169e-21 2.852e-19 3.486e-19 
1.778e+08 4.997e-19 1.901e-21 1.901e-21 1.584e-19 1.584e-19 
2.239e+08 2.422e-19 1.236e-21 1.236e-21 7.288e-20 8.239e-20 
2.818e+08 1.157e-19 7.605e-22 7.605e-22 3.486e-20 4.119e-20 
3.548e+08 5.511e-20 4.753e-22 4.753e-22 1.584e-20 1.901e-20 
4.467e+08 2.636e-20 2.852e-22 2.852e-22 7.605e-21 9.506e-21 
5.623e+08 1.236e-20 1.584e-22 1.584e-22 3.486e-21 4.436e-21 
7.079e+08 5.862e-21 9.506e-23 9.506e-23 1.584e-21 2.218e-21 
8.913e+08 2.811e-21 6.338e-23 6.338e-23 7.922e-22 1.046e-21 
1.122e+09 1.312e-21 3.803e-23 3.803e-23 3.803e-22 5.070e-22 
1.413e+09 6.021e-22 2.218e-23 2.218e-23 1.584e-22 2.218e-22 
1.778e+09 2.684e-22 1.394e-23 1.363e-23 7.605e-23 1.046e-22 
2.239e+09 1.321e-22 8.556e-24 8.873e-24 3.803e-23 5.387e-23 
2.818e+09 6.113e-23 2.218e-25 2.218e-25 1.584e-23 2.218e-23 
3.548e+09 2.865e-23 1.331e-25 1.331e-25 6.338e-24 9.190e-24 
4.467e+09 1.361e-23 8.239e-26 8.239e-26 2.852e-24 4.119e-24 
5.623e+09 6.867e-24 5.070e-26 5.070e-26 1.268e-24 1.901e-24 
7.079e+09 3.885e-24 3.486e-26 3.486e-26 6.338e-25 9.506e-25 
8.913e+09 2.161e-24 2.535e-26 2.535e-26 4.119e-25 5.070e-25 
1.122e+10 1.201e-24 1.584e-26 1.584e-26 2.218e-25 2.852e-25 
1.413e+10 6.559e-25 9.506e-27 9.506e-27 1.268e-25 1.584e-25 
1.778e+10 3.296e-25 6.338e-27 6.338e-27 6.338e-26 6.338e-26 
2.239e+10 1.679e-25 3.169e-27 3.169e-27 4.119e-26 5.070e-26 
2.818e+10 7.890e-26 2.535e-27 2.535e-27 2.218e-26 2.852e-26 
3.548e+10 3.961e-26 1.584e-27 1.584e-27 9.506e-27 1.584e-26 
4.467e+10 1.898e-26 1.014e-27 1.014e-27 5.704e-27 7.605e-27 
5.623e+10 6.179e-27 5.387e-28 5.387e-28 2.218e-27 2.852e-27 
7.079e+10 2.567e-27 2.852e-28 3.169e-28 8.873e-28 1.268e-27 
8.913e+10 5.704e-28 1.268e-28 1.584e-28 2.218e-28 3.169e-28 
1.122e+11 1.743e-28 5.704e-29 7.922e-29 6.971e-29 1.046e-28 
1.413e+11 9.190e-29 3.803e-29 5.387e-29 3.803e-29 6.021e-29 
