#Source: CRDB
#Ref: 10.22323/1.301.0486 (2017ICRC...35..486F)
#Experiment: Auger (hybrid)
#Y Quantity: allParticle
#X Quantity: totalEnergy
#Url: https://lpsc.in2p3.fr/crdb
#Comments: 
#Columns: x, y, y statistical errors, y systematic errors
3.548e+08 5.665e-20 3.044e-22 3.044e-22 0.000e+00 0.000e+00 
4.467e+08 2.664e-20 1.863e-22 1.863e-22 0.000e+00 0.000e+00 
5.623e+08 1.238e-20 1.131e-22 1.131e-22 0.000e+00 0.000e+00 
7.079e+08 5.820e-21 6.921e-23 6.921e-23 0.000e+00 0.000e+00 
8.913e+08 2.704e-21 4.219e-23 4.219e-23 0.000e+00 0.000e+00 
1.122e+09 1.203e-21 2.121e-23 2.121e-23 0.000e+00 0.000e+00 
1.413e+09 5.656e-22 1.154e-23 1.154e-23 0.000e+00 0.000e+00 
1.778e+09 2.829e-22 6.467e-24 6.467e-24 0.000e+00 0.000e+00 
2.239e+09 1.228e-22 3.216e-24 3.216e-24 0.000e+00 0.000e+00 
2.818e+09 6.209e-23 2.313e-25 2.313e-25 0.000e+00 0.000e+00 
3.548e+09 2.847e-23 1.387e-25 1.387e-25 0.000e+00 0.000e+00 
4.467e+09 1.354e-23 7.612e-26 7.612e-26 0.000e+00 0.000e+00 
5.623e+09 6.793e-24 4.819e-26 4.819e-26 0.000e+00 0.000e+00 
7.079e+09 3.771e-24 3.235e-26 3.235e-26 0.000e+00 0.000e+00 
8.913e+09 2.109e-24 2.166e-26 2.166e-26 0.000e+00 0.000e+00 
1.122e+10 1.168e-24 1.444e-26 1.444e-26 0.000e+00 0.000e+00 
1.413e+10 6.308e-25 9.416e-27 9.416e-27 0.000e+00 0.000e+00 
1.778e+10 3.138e-25 5.905e-27 5.905e-27 0.000e+00 0.000e+00 
2.239e+10 1.639e-25 3.788e-27 3.788e-27 0.000e+00 0.000e+00 
2.818e+10 7.770e-26 2.328e-27 2.328e-27 0.000e+00 0.000e+00 
3.548e+10 4.002e-26 1.494e-27 1.494e-27 0.000e+00 0.000e+00 
4.467e+10 1.701e-26 8.865e-28 8.865e-28 0.000e+00 0.000e+00 
5.623e+10 5.868e-27 4.446e-28 4.446e-28 0.000e+00 0.000e+00 
7.079e+10 2.105e-27 2.415e-28 2.415e-28 0.000e+00 0.000e+00 
8.913e+10 4.993e-28 1.189e-28 1.189e-28 0.000e+00 0.000e+00 
1.122e+11 2.077e-28 6.248e-29 6.248e-29 0.000e+00 0.000e+00 
1.413e+11 6.839e-29 2.860e-29 4.793e-29 0.000e+00 0.000e+00 
