#Source: SSDC
#Ref: 10.1016/j.physrep.2020.09.003 (2021PhR...894....1A)
#Experiment: AMS-02
#Quantity: B
#Units: rigidity(original)
#Url: https://tools.ssdc.asi.it/CosmicRays/
#Comments: 
2.03099e+00 4.85200e-01 2.76653e-02 2.76653e-02 1.90000e-03 1.90000e-03 
2.27076e+00 4.84500e-01 2.45522e-02 2.45522e-02 1.60000e-03 1.60000e-03 
2.53056e+00 4.70300e-01 2.14457e-02 2.14457e-02 1.40000e-03 1.40000e-03 
2.81508e+00 4.35200e-01 1.79402e-02 1.79402e-02 1.20000e-03 1.20000e-03 
3.12495e+00 3.92100e-01 1.48337e-02 1.48337e-02 1.00000e-03 1.00000e-03 
3.45955e+00 3.46800e-01 1.21334e-02 1.21334e-02 9.00000e-04 9.00000e-04 
3.82418e+00 3.02400e-01 9.82497e-03 9.82497e-03 7.00000e-04 7.00000e-04 
4.21886e+00 2.58800e-01 7.92275e-03 7.92275e-03 6.00000e-04 6.00000e-04 
4.64829e+00 2.17000e-01 6.31981e-03 6.31981e-03 5.00000e-04 5.00000e-04 
5.11777e+00 1.81400e-01 5.01597e-03 5.01597e-03 4.00000e-04 4.00000e-04 
5.62731e+00 1.49400e-01 4.01123e-03 4.01123e-03 3.00000e-04 3.00000e-04 
6.17690e+00 1.22200e-01 3.21403e-03 3.21403e-03 3.00000e-04 3.00000e-04 
6.77126e+00 9.97300e-02 2.56035e-03 2.56035e-03 2.30000e-04 2.30000e-04 
7.41568e+00 8.02400e-02 2.02800e-03 2.02800e-03 1.80000e-04 1.80000e-04 
8.11015e+00 6.48800e-02 1.61697e-03 1.61697e-03 1.50000e-04 1.50000e-04 
8.85942e+00 5.24800e-02 1.29653e-03 1.29653e-03 1.30000e-04 1.30000e-04 
9.66876e+00 4.19900e-02 1.03586e-03 1.03586e-03 1.10000e-04 1.10000e-04 
1.05382e+01 3.38900e-02 8.24924e-04 8.24924e-04 9.00000e-05 9.00000e-05 
1.14866e+01 2.70100e-02 6.53758e-04 6.53758e-04 7.00000e-05 7.00000e-05 
1.24877e+01 2.16200e-02 5.24690e-04 5.24690e-04 7.00000e-05 7.00000e-05 
1.35362e+01 1.73100e-02 4.24264e-04 4.24264e-04 6.00000e-05 6.00000e-05 
1.46849e+01 1.39300e-02 3.33766e-04 3.33766e-04 5.00000e-05 5.00000e-05 
1.59337e+01 1.11300e-02 2.72947e-04 2.72947e-04 4.00000e-05 4.00000e-05 
1.72825e+01 8.78800e-03 2.14553e-04 2.14553e-04 3.30000e-05 3.30000e-05 
1.87315e+01 7.07500e-03 1.72290e-04 1.72290e-04 2.80000e-05 2.80000e-05 
2.02806e+01 5.64600e-03 1.37931e-04 1.37931e-04 2.30000e-05 2.30000e-05 
2.19297e+01 4.48600e-03 1.10644e-04 1.10644e-04 1.90000e-05 1.90000e-05 
2.37266e+01 3.56300e-03 8.82836e-05 8.82836e-05 1.50000e-05 1.50000e-05 
2.56760e+01 2.84100e-03 7.02140e-05 7.02140e-05 1.30000e-05 1.30000e-05 
2.77255e+01 2.27500e-03 5.70701e-05 5.70701e-05 1.10000e-05 1.10000e-05 
2.99228e+01 1.80200e-03 4.49110e-05 4.49110e-05 9.00000e-06 9.00000e-06 
3.22725e+01 1.43200e-03 3.68782e-05 3.68782e-05 8.00000e-06 8.00000e-06 
3.47700e+01 1.15900e-03 2.96142e-05 2.96142e-05 6.00000e-06 6.00000e-06 
3.74678e+01 9.12000e-04 2.35512e-05 2.35512e-05 5.50000e-06 5.50000e-06 
4.03656e+01 7.19400e-04 1.88939e-05 1.88939e-05 4.70000e-06 4.70000e-06 
4.34637e+01 5.77300e-04 1.52611e-05 1.52611e-05 4.10000e-06 4.10000e-06 
4.67619e+01 4.70100e-04 1.26242e-05 1.26242e-05 3.60000e-06 3.60000e-06 
5.03081e+01 3.70200e-04 1.01533e-05 1.01533e-05 3.00000e-06 3.00000e-06 
5.41067e+01 2.99000e-04 8.34865e-06 8.34865e-06 2.70000e-06 2.70000e-06 
5.81533e+01 2.39400e-04 6.80074e-06 6.80074e-06 2.30000e-06 2.30000e-06 
6.25001e+01 1.91000e-04 5.47814e-06 5.47814e-06 2.00000e-06 2.00000e-06 
6.71949e+01 1.50900e-04 4.43847e-06 4.43847e-06 1.70000e-06 1.70000e-06 
7.22423e+01 1.21200e-04 3.62491e-06 3.62491e-06 1.50000e-06 1.50000e-06 
7.76378e+01 9.62300e-05 2.96142e-06 2.96142e-06 1.26000e-06 1.26000e-06 
8.34335e+01 7.73900e-05 2.43731e-06 2.43731e-06 1.09000e-06 1.09000e-06 
8.96774e+01 6.27300e-05 2.02181e-06 2.02181e-06 9.40000e-07 9.40000e-07 
9.64217e+01 4.87900e-05 1.62985e-06 1.62985e-06 8.00000e-07 8.00000e-07 
1.03905e+02 3.75700e-05 1.29495e-06 1.29495e-06 6.50000e-07 6.50000e-07 
1.11912e+02 3.06800e-05 1.10136e-06 1.10136e-06 5.90000e-07 5.90000e-07 
1.20396e+02 2.46000e-05 9.01388e-07 9.01388e-07 5.00000e-07 5.00000e-07 
1.29881e+02 1.87400e-05 7.18471e-07 7.18471e-07 4.10000e-07 4.10000e-07 
1.40842e+02 1.52800e-05 5.96406e-07 5.96406e-07 3.40000e-07 3.40000e-07 
1.53330e+02 1.15800e-05 4.72017e-07 4.72017e-07 2.80000e-07 2.80000e-07 
1.67293e+02 9.01000e-06 3.80644e-07 3.80644e-07 2.33000e-07 2.33000e-07 
1.83257e+02 6.78800e-06 2.96921e-07 2.96921e-07 1.89000e-07 1.89000e-07 
2.01224e+02 5.02600e-06 2.33863e-07 2.33863e-07 1.54000e-07 1.54000e-07 
2.21664e+02 3.84500e-06 1.87683e-07 1.87683e-07 1.25000e-07 1.25000e-07 
2.45576e+02 2.79900e-06 1.44361e-07 1.44361e-07 9.80000e-08 9.80000e-08 
2.74426e+02 2.00100e-06 1.11126e-07 1.11126e-07 7.50000e-08 7.50000e-08 
3.09744e+02 1.35200e-06 7.92086e-08 7.92086e-08 5.50000e-08 5.50000e-08 
3.53455e+02 9.05300e-07 5.79890e-08 5.79890e-08 4.04000e-08 4.04000e-08 
4.08553e+02 6.36500e-07 4.33526e-08 4.33526e-08 3.01000e-08 3.01000e-08 
4.80744e+02 3.87900e-07 2.92828e-08 2.92828e-08 2.02000e-08 2.02000e-08 
5.87746e+02 2.03600e-07 1.72073e-08 1.72073e-08 1.15000e-08 1.15000e-08 
7.60270e+02 1.04300e-07 1.04637e-08 1.04637e-08 6.50000e-09 6.50000e-09 
1.06486e+03 4.36100e-08 5.48323e-09 5.48323e-09 3.03000e-09 3.03000e-09 
2.02084e+03 5.50000e-09 1.27264e-09 1.27264e-09 1.10000e-09 1.10000e-09 
