#Source: SSDC
#Ref: 10.1103/PhysRevLett.120.021101 (2018PhRvL.120b1101A)
#Experiment: AMS-02
#Quantity: B/C
#Units: rigidity(original)
#Url: https://tools.ssdc.asi.it/CosmicRays/
#Comments: 
2.27156e+00 2.94700e-01 1.40543e-02 1.40543e-02 1.44300e-03 1.44300e-03 
2.53140e+00 3.03300e-01 1.29094e-02 1.29094e-02 1.33700e-03 1.33700e-03 
2.81601e+00 3.08600e-01 1.18172e-02 1.18172e-02 1.25800e-03 1.25800e-03 
3.12591e+00 3.17300e-01 1.10000e-02 1.10000e-02 1.23900e-03 1.23900e-03 
3.46058e+00 3.24100e-01 1.02493e-02 1.02493e-02 1.19000e-03 1.19000e-03 
3.82528e+00 3.29600e-01 9.58764e-03 9.58764e-03 1.18600e-03 1.18600e-03 
4.22002e+00 3.28500e-01 8.87018e-03 8.87018e-03 1.16000e-03 1.16000e-03 
4.64956e+00 3.22100e-01 8.13774e-03 8.13774e-03 1.09300e-03 1.09300e-03 
5.11914e+00 3.20000e-01 7.62836e-03 7.62836e-03 1.04100e-03 1.04100e-03 
5.62877e+00 3.14500e-01 7.14152e-03 7.14152e-03 1.02900e-03 1.02900e-03 
6.17843e+00 3.08700e-01 6.73203e-03 6.73203e-03 1.02200e-03 1.02200e-03 
6.77291e+00 3.03200e-01 6.39546e-03 6.39546e-03 1.00500e-03 1.00500e-03 
7.41744e+00 2.97700e-01 6.11165e-03 6.11165e-03 9.95700e-04 9.95700e-04 
8.11202e+00 2.91700e-01 5.85812e-03 5.85812e-03 9.89200e-04 9.89200e-04 
8.86142e+00 2.88000e-01 5.68563e-03 5.68563e-03 1.00000e-03 1.00000e-03 
9.67088e+00 2.83400e-01 5.51995e-03 5.51995e-03 1.03000e-03 1.03000e-03 
1.05404e+01 2.81100e-01 5.42126e-03 5.42126e-03 1.07800e-03 1.07800e-03 
1.14891e+01 2.74800e-01 5.25625e-03 5.25625e-03 1.10400e-03 1.10400e-03 
1.24900e+01 2.70900e-01 5.16639e-03 5.16639e-03 1.19200e-03 1.19200e-03 
1.35388e+01 2.64700e-01 5.03431e-03 5.03431e-03 1.22100e-03 1.22100e-03 
1.46877e+01 2.60200e-01 4.94328e-03 4.94328e-03 1.26000e-03 1.26000e-03 
1.59367e+01 2.55500e-01 4.85736e-03 4.85736e-03 1.29700e-03 1.29700e-03 
1.72858e+01 2.47100e-01 4.71269e-03 4.71269e-03 1.32700e-03 1.32700e-03 
1.87350e+01 2.44900e-01 4.68825e-03 4.68825e-03 1.37200e-03 1.37200e-03 
2.02842e+01 2.36200e-01 4.54615e-03 4.54615e-03 1.38200e-03 1.38200e-03 
2.19335e+01 2.30200e-01 4.45473e-03 4.45473e-03 1.39400e-03 1.39400e-03 
2.37310e+01 2.24700e-01 4.36584e-03 4.36584e-03 1.37700e-03 1.37700e-03 
2.56805e+01 2.20800e-01 4.32691e-03 4.32691e-03 1.41500e-03 1.41500e-03 
2.77301e+01 2.18200e-01 4.31420e-03 4.31420e-03 1.45900e-03 1.45900e-03 
2.99279e+01 2.07100e-01 4.13928e-03 4.13928e-03 1.45800e-03 1.45800e-03 
3.22777e+01 2.01200e-01 4.08178e-03 4.08178e-03 1.52300e-03 1.52300e-03 
3.47757e+01 1.98500e-01 4.07887e-03 4.07887e-03 1.58100e-03 1.58100e-03 
3.74739e+01 1.91500e-01 4.00170e-03 4.00170e-03 1.63600e-03 1.63600e-03 
4.03721e+01 1.81800e-01 3.87768e-03 3.87768e-03 1.68800e-03 1.68800e-03 
4.34706e+01 1.81100e-01 3.94075e-03 3.94075e-03 1.80900e-03 1.80900e-03 
4.67691e+01 1.80200e-01 4.00299e-03 4.00299e-03 1.93000e-03 1.93000e-03 
5.03160e+01 1.67300e-01 3.80616e-03 3.80616e-03 1.93600e-03 1.93600e-03 
5.41149e+01 1.66400e-01 3.88583e-03 3.88583e-03 2.08200e-03 2.08200e-03 
5.81621e+01 1.60600e-01 3.85196e-03 3.85196e-03 2.16200e-03 2.16200e-03 
6.25095e+01 1.55500e-01 3.84216e-03 3.84216e-03 2.26300e-03 2.26300e-03 
6.72054e+01 1.52100e-01 3.87072e-03 3.87072e-03 2.37300e-03 2.37300e-03 
7.22532e+01 1.47700e-01 3.89488e-03 3.89488e-03 2.49600e-03 2.49600e-03 
7.76495e+01 1.45600e-01 3.95756e-03 3.95756e-03 2.61900e-03 2.61900e-03 
8.34461e+01 1.42800e-01 4.03485e-03 4.03485e-03 2.77400e-03 2.77400e-03 
8.96911e+01 1.40700e-01 4.10405e-03 4.10405e-03 2.89800e-03 2.89800e-03 
9.64365e+01 1.33700e-01 4.10230e-03 4.10230e-03 3.01300e-03 3.01300e-03 
1.03923e+02 1.26700e-01 4.01701e-03 4.01701e-03 3.01100e-03 3.01100e-03 
1.11929e+02 1.22900e-01 4.19834e-03 4.19834e-03 3.29400e-03 3.29400e-03 
1.20416e+02 1.26100e-01 4.38127e-03 4.38127e-03 3.45200e-03 3.45200e-03 
1.29904e+02 1.17500e-01 4.34448e-03 4.34448e-03 3.52100e-03 3.52100e-03 
1.40872e+02 1.15000e-01 4.34964e-03 4.34964e-03 3.54100e-03 3.54100e-03 
1.53362e+02 1.07900e-01 4.43046e-03 4.43046e-03 3.71700e-03 3.71700e-03 
1.67332e+02 1.09700e-01 4.64759e-03 4.64759e-03 3.91600e-03 3.91600e-03 
1.83303e+02 1.11900e-01 4.94341e-03 4.94341e-03 4.19200e-03 4.19200e-03 
2.01276e+02 1.06600e-01 5.11595e-03 5.11595e-03 4.42300e-03 4.42300e-03 
2.21727e+02 1.01500e-01 5.16926e-03 5.16926e-03 4.50500e-03 4.50500e-03 
2.45656e+02 9.97300e-02 5.36063e-03 5.36063e-03 4.68900e-03 4.68900e-03 
2.74534e+02 8.52000e-02 5.02233e-03 5.02233e-03 4.44600e-03 4.44600e-03 
3.09887e+02 9.26600e-02 5.69577e-03 5.69577e-03 5.01300e-03 5.01300e-03 
3.53652e+02 7.99900e-02 5.46909e-03 5.46909e-03 4.85600e-03 4.85600e-03 
4.08826e+02 8.41700e-02 6.23896e-03 6.23896e-03 5.52400e-03 5.52400e-03 
4.81170e+02 7.91100e-02 6.33438e-03 6.33438e-03 5.54900e-03 5.54900e-03 
5.88643e+02 8.09600e-02 6.85740e-03 6.85740e-03 5.79900e-03 5.79900e-03 
7.62102e+02 7.11500e-02 7.24882e-03 7.24882e-03 6.02800e-03 6.02800e-03 
1.06958e+03 7.32600e-02 8.84522e-03 8.84522e-03 6.81300e-03 6.81300e-03 
2.07123e+03 4.46100e-02 1.29716e-02 1.29716e-02 1.24300e-02 1.24300e-02 
