# credit: SSDC Cosmic Ray Database tools.asdc.asi.it/CosmicRays 
# rigidity [GV] - flux [] - flux_error_low [] - flux_error_high [] 
2.27500e+00   2.94700e-01   1.40567e-02   1.40567e-02   
2.53500e+00   3.03300e-01   1.29111e-02   1.29111e-02   
2.82000e+00   3.08600e-01   1.18185e-02   1.18185e-02   
3.13000e+00   3.17300e-01   1.10017e-02   1.10017e-02   
3.46500e+00   3.24100e-01   1.02480e-02   1.02480e-02   
3.83000e+00   3.29600e-01   9.58801e-03   9.58801e-03   
4.22500e+00   3.28500e-01   8.86934e-03   8.86934e-03   
4.65500e+00   3.22100e-01   8.13761e-03   8.13761e-03   
5.12500e+00   3.20000e-01   7.62900e-03   7.62900e-03   
5.63500e+00   3.14500e-01   7.14104e-03   7.14104e-03   
6.18500e+00   3.08700e-01   6.73232e-03   6.73232e-03   
6.78000e+00   3.03200e-01   6.39574e-03   6.39574e-03   
7.42500e+00   2.97700e-01   6.11141e-03   6.11141e-03   
8.12000e+00   2.91700e-01   5.85812e-03   5.85812e-03   
8.87000e+00   2.88000e-01   5.68564e-03   5.68564e-03   
9.68000e+00   2.83400e-01   5.51966e-03   5.51966e-03   
1.05500e+01   2.81100e-01   5.42059e-03   5.42059e-03   
1.15000e+01   2.74800e-01   5.25680e-03   5.25680e-03   
1.25000e+01   2.70900e-01   5.16728e-03   5.16728e-03   
1.35500e+01   2.64700e-01   5.03402e-03   5.03402e-03   
1.47000e+01   2.60200e-01   4.94315e-03   4.94315e-03   
1.59500e+01   2.55500e-01   4.85760e-03   4.85760e-03   
1.73000e+01   2.47100e-01   4.71296e-03   4.71296e-03   
1.87500e+01   2.44900e-01   4.68828e-03   4.68828e-03   
2.03000e+01   2.36200e-01   4.54613e-03   4.54613e-03   
2.19500e+01   2.30200e-01   4.45470e-03   4.45470e-03   
2.37500e+01   2.24700e-01   4.36553e-03   4.36553e-03   
2.57000e+01   2.20800e-01   4.32624e-03   4.32624e-03   
2.77500e+01   2.18200e-01   4.31390e-03   4.31390e-03   
2.99500e+01   2.07100e-01   4.13938e-03   4.13938e-03   
3.23000e+01   2.01200e-01   4.08183e-03   4.08183e-03   
3.48000e+01   1.98500e-01   4.07904e-03   4.07904e-03   
3.75000e+01   1.91500e-01   4.00174e-03   4.00174e-03   
4.04000e+01   1.81800e-01   3.87753e-03   3.87753e-03   
4.35000e+01   1.81100e-01   3.94077e-03   3.94077e-03   
4.68000e+01   1.80200e-01   4.00328e-03   4.00328e-03   
5.03500e+01   1.67300e-01   3.80615e-03   3.80615e-03   
5.41500e+01   1.66400e-01   3.88608e-03   3.88608e-03   
5.82000e+01   1.60600e-01   3.85203e-03   3.85203e-03   
6.25500e+01   1.55500e-01   3.84228e-03   3.84228e-03   
6.72500e+01   1.52100e-01   3.87029e-03   3.87029e-03   
7.23000e+01   1.47700e-01   3.89441e-03   3.89441e-03   
7.77000e+01   1.45600e-01   3.95700e-03   3.95700e-03   
8.35000e+01   1.42800e-01   4.03507e-03   4.03507e-03   
8.97500e+01   1.40700e-01   4.10396e-03   4.10396e-03   
9.65000e+01   1.33700e-01   4.10252e-03   4.10252e-03   
1.04000e+02   1.26700e-01   4.01692e-03   4.01692e-03   
1.12000e+02   1.22900e-01   4.19843e-03   4.19843e-03   
1.20500e+02   1.26100e-01   4.38129e-03   4.38129e-03   
1.30000e+02   1.17500e-01   4.34425e-03   4.34425e-03   
1.41000e+02   1.15000e-01   4.34983e-03   4.34983e-03   
1.53500e+02   1.07900e-01   4.43073e-03   4.43073e-03   
1.67500e+02   1.09700e-01   4.64784e-03   4.64784e-03   
1.83500e+02   1.11900e-01   4.94338e-03   4.94338e-03   
2.01500e+02   1.06600e-01   5.11602e-03   5.11602e-03   
2.22000e+02   1.01500e-01   5.16895e-03   5.16895e-03   
2.46000e+02   9.97300e-02   5.36044e-03   5.36044e-03   
2.75000e+02   8.52000e-02   5.02267e-03   5.02267e-03   
3.10500e+02   9.26600e-02   5.69570e-03   5.69570e-03   
3.54500e+02   7.99900e-02   5.46904e-03   5.46904e-03   
4.10000e+02   8.41700e-02   6.23921e-03   6.23921e-03   
4.83000e+02   7.91100e-02   6.33421e-03   6.33421e-03   
5.92500e+02   8.09600e-02   6.85729e-03   6.85729e-03   
7.70000e+02   7.11500e-02   7.24875e-03   7.24875e-03   
1.09000e+03   7.32600e-02   8.84534e-03   8.84534e-03   
2.30000e+03   4.46100e-02   1.29717e-02   1.29717e-02   
