#Source: SSDC
#Ref: 10.1016/j.physrep.2020.09.003 (2021PhR...894....1A)
#Experiment: AMS-02
#Quantity: Be
#Units: rigidity(original)
#Url: https://tools.ssdc.asi.it/CosmicRays/
#Comments: 
2.03099e+00 1.57200e-01 5.39351e-03 5.39351e-03 1.00000e-03 1.00000e-03 
2.27076e+00 1.53800e-01 4.98197e-03 4.98197e-03 9.00000e-04 9.00000e-04 
2.53056e+00 1.43700e-01 4.57056e-03 4.57056e-03 8.00000e-04 8.00000e-04 
2.81508e+00 1.33700e-01 4.06079e-03 4.06079e-03 7.00000e-04 7.00000e-04 
3.12495e+00 1.24100e-01 3.64966e-03 3.64966e-03 6.00000e-04 6.00000e-04 
3.45955e+00 1.10000e-01 3.23883e-03 3.23883e-03 5.00000e-04 5.00000e-04 
3.82418e+00 9.65900e-02 2.77200e-03 2.77200e-03 4.20000e-04 4.20000e-04 
4.21886e+00 8.31600e-02 2.35614e-03 2.35614e-03 3.50000e-04 3.50000e-04 
4.64829e+00 7.07800e-02 1.99123e-03 1.99123e-03 2.90000e-04 2.90000e-04 
5.11777e+00 5.98600e-02 1.66595e-03 1.66595e-03 2.30000e-04 2.30000e-04 
5.62731e+00 4.94500e-02 1.37321e-03 1.37321e-03 1.90000e-04 1.90000e-04 
6.17690e+00 4.08200e-02 1.13137e-03 1.13137e-03 1.60000e-04 1.60000e-04 
6.77126e+00 3.33600e-02 9.29139e-04 9.29139e-04 1.30000e-04 1.30000e-04 
7.41568e+00 2.70200e-02 7.48131e-04 7.48131e-04 1.10000e-04 1.10000e-04 
8.11015e+00 2.16900e-02 6.06712e-04 6.06712e-04 9.00000e-05 9.00000e-05 
8.85942e+00 1.76500e-02 4.85077e-04 4.85077e-04 7.00000e-05 7.00000e-05 
9.66876e+00 1.42200e-02 3.94588e-04 3.94588e-04 6.00000e-05 6.00000e-05 
1.05382e+01 1.14100e-02 3.14006e-04 3.14006e-04 5.00000e-05 5.00000e-05 
1.14866e+01 9.01700e-03 2.51700e-04 2.51700e-04 4.30000e-05 4.30000e-05 
1.24877e+01 7.38200e-03 2.06526e-04 2.06526e-04 3.80000e-05 3.80000e-05 
1.35362e+01 5.93500e-03 1.67093e-04 1.67093e-04 3.20000e-05 3.20000e-05 
1.46849e+01 4.75200e-03 1.33754e-04 1.33754e-04 2.70000e-05 2.70000e-05 
1.59337e+01 3.81200e-03 1.07490e-04 1.07490e-04 2.30000e-05 2.30000e-05 
1.72825e+01 3.09400e-03 8.70976e-05 8.70976e-05 1.90000e-05 1.90000e-05 
1.87315e+01 2.42500e-03 6.88840e-05 6.88840e-05 1.60000e-05 1.60000e-05 
2.02806e+01 1.96000e-03 5.55428e-05 5.55428e-05 1.30000e-05 1.30000e-05 
2.19297e+01 1.56300e-03 4.43847e-05 4.43847e-05 1.10000e-05 1.10000e-05 
2.37266e+01 1.24700e-03 3.61386e-05 3.61386e-05 9.00000e-06 9.00000e-06 
2.56760e+01 9.88400e-04 2.86009e-05 2.86009e-05 7.50000e-06 7.50000e-06 
2.77255e+01 7.91300e-04 2.30766e-05 2.30766e-05 6.30000e-06 6.30000e-06 
2.99228e+01 6.32400e-04 1.85440e-05 1.85440e-05 5.20000e-06 5.20000e-06 
3.22725e+01 5.08800e-04 1.49913e-05 1.49913e-05 4.50000e-06 4.50000e-06 
3.47700e+01 4.06600e-04 1.21116e-05 1.21116e-05 3.80000e-06 3.80000e-06 
3.74678e+01 3.26000e-04 9.86813e-06 9.86813e-06 3.30000e-06 3.30000e-06 
4.03656e+01 2.64300e-04 8.00562e-06 8.00562e-06 2.80000e-06 2.80000e-06 
4.34637e+01 2.04700e-04 6.36946e-06 6.36946e-06 2.40000e-06 2.40000e-06 
4.67619e+01 1.67400e-04 5.23927e-06 5.23927e-06 2.10000e-06 2.10000e-06 
5.03081e+01 1.31100e-04 4.20476e-06 4.20476e-06 1.80000e-06 1.80000e-06 
5.41067e+01 1.07400e-04 3.48855e-06 3.48855e-06 1.60000e-06 1.60000e-06 
5.81533e+01 8.52600e-05 2.85477e-06 2.85477e-06 1.36000e-06 1.36000e-06 
6.25001e+01 6.95600e-05 2.37901e-06 2.37901e-06 1.19000e-06 1.19000e-06 
6.71949e+01 5.29900e-05 1.87302e-06 1.87302e-06 9.90000e-07 9.90000e-07 
7.22423e+01 4.45300e-05 1.60312e-06 1.60312e-06 8.80000e-07 8.80000e-07 
7.76378e+01 3.46900e-05 1.30668e-06 1.30668e-06 7.50000e-07 7.50000e-07 
8.34335e+01 2.86500e-05 1.10000e-06 1.10000e-06 6.60000e-07 6.60000e-07 
8.96774e+01 2.26100e-05 8.96437e-07 8.96437e-07 5.60000e-07 5.60000e-07 
9.64217e+01 1.83300e-05 7.59276e-07 7.59276e-07 4.90000e-07 4.90000e-07 
1.03905e+02 1.40300e-05 6.02080e-07 6.02080e-07 4.00000e-07 4.00000e-07 
1.11912e+02 1.16900e-05 5.23450e-07 5.23450e-07 3.60000e-07 3.60000e-07 
1.20396e+02 9.14500e-06 4.27092e-07 4.27092e-07 3.02000e-07 3.02000e-07 
1.29881e+02 6.70000e-06 3.34677e-07 3.34677e-07 2.45000e-07 2.45000e-07 
1.40842e+02 5.47400e-06 2.74591e-07 2.74591e-07 2.02000e-07 2.02000e-07 
1.53330e+02 4.02100e-06 2.17800e-07 2.17800e-07 1.66000e-07 1.66000e-07 
1.67293e+02 3.40800e-06 1.85914e-07 1.85914e-07 1.42000e-07 1.42000e-07 
1.83257e+02 2.30000e-06 1.39014e-07 1.39014e-07 1.10000e-07 1.10000e-07 
2.01224e+02 1.71300e-06 1.10209e-07 1.10209e-07 8.90000e-08 8.90000e-08 
2.21664e+02 1.44200e-06 9.38136e-08 9.38136e-08 7.60000e-08 7.60000e-08 
2.45576e+02 9.50500e-07 6.81730e-08 6.81730e-08 5.66000e-08 5.66000e-08 
2.74426e+02 7.44500e-07 5.48402e-08 5.48402e-08 4.51000e-08 4.51000e-08 
3.09744e+02 4.68600e-07 3.85561e-08 3.85561e-08 3.24000e-08 3.24000e-08 
3.53455e+02 3.33700e-07 2.91496e-08 2.91496e-08 2.43000e-08 2.43000e-08 
4.08553e+02 2.32500e-07 2.16333e-08 2.16333e-08 1.80000e-08 1.80000e-08 
4.80744e+02 1.39100e-07 1.45908e-08 1.45908e-08 1.20000e-08 1.20000e-08 
5.87746e+02 8.46400e-08 9.47832e-09 9.47832e-09 7.37000e-09 7.37000e-09 
7.60270e+02 4.00000e-08 5.41325e-09 5.41325e-09 3.97000e-09 3.97000e-09 
1.06486e+03 1.29600e-08 2.38380e-09 2.38380e-09 1.64000e-09 1.64000e-09 
2.02084e+03 1.53000e-09 6.01664e-10 6.01664e-10 5.60000e-10 5.60000e-10 
