#Source: SSDC
#Ref: 10.1103/PhysRevLett.120.021101 (2018PhRvL.120b1101A)
#Experiment: AMS-02
#Quantity: Be/B
#Units: rigidity(original)
#Url: https://tools.ssdc.asi.it/CosmicRays/
#Comments: 
2.27156e+00 3.15700e-01 1.57103e-02 1.57103e-02 2.73700e-03 2.73700e-03 
2.53140e+00 3.00200e-01 1.34923e-02 1.34923e-02 2.38400e-03 2.38400e-03 
2.81601e+00 3.06200e-01 1.25202e-02 1.25202e-02 2.23000e-03 2.23000e-03 
3.12591e+00 3.16100e-01 1.18808e-02 1.18808e-02 2.17500e-03 2.17500e-03 
3.46058e+00 3.15000e-01 1.09904e-02 1.09904e-02 2.03700e-03 2.03700e-03 
3.82528e+00 3.17700e-01 1.04044e-02 1.04044e-02 2.00200e-03 2.00200e-03 
4.22002e+00 3.17800e-01 9.85509e-03 9.85509e-03 1.96600e-03 1.96600e-03 
4.64956e+00 3.24800e-01 9.61544e-03 9.61544e-03 1.91900e-03 1.91900e-03 
5.11914e+00 3.27200e-01 9.31770e-03 9.31770e-03 1.85100e-03 1.85100e-03 
5.62877e+00 3.29000e-01 9.09356e-03 9.09356e-03 1.87100e-03 1.87100e-03 
6.17843e+00 3.33000e-01 8.99338e-03 8.99338e-03 1.91100e-03 1.91100e-03 
6.77291e+00 3.34800e-01 8.87582e-03 8.87582e-03 1.92300e-03 1.92300e-03 
7.41744e+00 3.36800e-01 8.80705e-03 8.80705e-03 1.95200e-03 1.95200e-03 
8.11202e+00 3.33400e-01 8.63009e-03 8.63009e-03 1.97100e-03 1.97100e-03 
8.86142e+00 3.37500e-01 8.67433e-03 8.67433e-03 2.03600e-03 2.03600e-03 
9.67088e+00 3.40500e-01 8.71631e-03 8.71631e-03 2.14600e-03 2.14600e-03 
1.05404e+01 3.37700e-01 8.63343e-03 8.63343e-03 2.25400e-03 2.25400e-03 
1.14891e+01 3.36000e-01 8.58833e-03 8.58833e-03 2.35900e-03 2.35900e-03 
1.24900e+01 3.42400e-01 8.79213e-03 8.79213e-03 2.61900e-03 2.61900e-03 
1.35388e+01 3.42300e-01 8.81463e-03 8.81463e-03 2.74900e-03 2.74900e-03 
1.46877e+01 3.41200e-01 8.82584e-03 8.82584e-03 2.88500e-03 2.88500e-03 
1.59367e+01 3.40600e-01 8.85824e-03 8.85824e-03 3.02700e-03 3.02700e-03 
1.72858e+01 3.52500e-01 9.22589e-03 9.22589e-03 3.28300e-03 3.28300e-03 
1.87350e+01 3.41900e-01 9.02350e-03 9.02350e-03 3.35900e-03 3.35900e-03 
2.02842e+01 3.49000e-01 9.27639e-03 9.27639e-03 3.56500e-03 3.56500e-03 
2.19335e+01 3.53900e-01 9.47310e-03 9.47310e-03 3.73200e-03 3.73200e-03 
2.37310e+01 3.50100e-01 9.42046e-03 9.42046e-03 3.75900e-03 3.75900e-03 
2.56805e+01 3.43800e-01 9.35867e-03 9.35867e-03 3.89200e-03 3.89200e-03 
2.77301e+01 3.42400e-01 9.42582e-03 9.42582e-03 4.05500e-03 4.05500e-03 
2.99279e+01 3.56500e-01 9.92510e-03 9.92510e-03 4.40100e-03 4.40100e-03 
3.22777e+01 3.64100e-01 1.03137e-02 1.03137e-02 4.80500e-03 4.80500e-03 
3.47757e+01 3.54800e-01 1.02296e-02 1.02296e-02 4.98100e-03 4.98100e-03 
3.74739e+01 3.60900e-01 1.06217e-02 1.06217e-02 5.41800e-03 5.41800e-03 
4.03721e+01 3.69200e-01 1.11449e-02 1.11449e-02 6.00000e-03 6.00000e-03 
4.34706e+01 3.56000e-01 1.10775e-02 1.10775e-02 6.30800e-03 6.30800e-03 
4.67691e+01 3.57500e-01 1.14259e-02 1.14259e-02 6.78400e-03 6.78400e-03 
5.03160e+01 3.64200e-01 1.20185e-02 1.20185e-02 7.46500e-03 7.46500e-03 
5.41149e+01 3.60000e-01 1.23250e-02 1.23250e-02 8.01500e-03 8.01500e-03 
5.81621e+01 3.63200e-01 1.28771e-02 1.28771e-02 8.69200e-03 8.69200e-03 
6.25095e+01 3.72900e-01 1.37189e-02 1.37189e-02 9.58400e-03 9.58400e-03 
6.72054e+01 3.56400e-01 1.37481e-02 1.37481e-02 9.99300e-03 9.99300e-03 
7.22532e+01 3.74100e-01 1.49844e-02 1.49844e-02 1.11800e-02 1.11800e-02 
7.76495e+01 3.46900e-01 1.46920e-02 1.46920e-02 1.13600e-02 1.13600e-02 
8.34461e+01 3.65400e-01 1.60778e-02 1.60778e-02 1.26800e-02 1.26800e-02 
8.96911e+01 3.75400e-01 1.70900e-02 1.70900e-02 1.36900e-02 1.36900e-02 
9.64365e+01 3.76100e-01 1.82433e-02 1.82433e-02 1.50300e-02 1.50300e-02 
1.03923e+02 3.70300e-01 1.87942e-02 1.87942e-02 1.57400e-02 1.57400e-02 
1.11929e+02 3.81200e-01 2.10023e-02 2.10023e-02 1.80900e-02 1.80900e-02 
1.20416e+02 3.50100e-01 2.00811e-02 2.00811e-02 1.74700e-02 1.74700e-02 
1.29904e+02 3.34900e-01 2.09684e-02 2.09684e-02 1.86500e-02 1.86500e-02 
1.40872e+02 3.78700e-01 2.34542e-02 2.34542e-02 2.07200e-02 2.07200e-02 
1.53362e+02 3.58200e-01 2.48005e-02 2.48005e-02 2.24400e-02 2.24400e-02 
1.67332e+02 3.78800e-01 2.66065e-02 2.66065e-02 2.40500e-02 2.40500e-02 
1.83303e+02 3.07200e-01 2.39857e-02 2.39857e-02 2.20500e-02 2.20500e-02 
2.01276e+02 3.14200e-01 2.67156e-02 2.67156e-02 2.48100e-02 2.48100e-02 
2.21727e+02 3.79200e-01 3.23795e-02 3.23795e-02 2.99400e-02 2.99400e-02 
2.45656e+02 3.55300e-01 3.27163e-02 3.27163e-02 3.04400e-02 3.04400e-02 
2.74534e+02 4.02300e-01 3.94820e-02 3.94820e-02 3.68400e-02 3.68400e-02 
3.09887e+02 3.36000e-01 3.61450e-02 3.61450e-02 3.39000e-02 3.39000e-02 
3.53652e+02 3.46900e-01 4.14434e-02 4.14434e-02 3.90500e-02 3.90500e-02 
4.08826e+02 3.98000e-01 4.91938e-02 4.91938e-02 4.60100e-02 4.60100e-02 
4.81170e+02 3.18400e-01 4.55408e-02 4.55408e-02 4.27600e-02 4.27600e-02 
5.88643e+02 3.34700e-01 4.90912e-02 4.90912e-02 4.50000e-02 4.50000e-02 
7.62102e+02 3.57400e-01 6.20310e-02 6.20310e-02 5.57300e-02 5.57300e-02 
1.06958e+03 2.82900e-01 6.13184e-02 6.13184e-02 5.27400e-02 5.27400e-02 
2.07123e+03 2.65400e-01 1.55973e-01 1.55973e-01 1.53000e-01 1.53000e-01 
