#Source: SSDC
#Ref: 10.1016/j.physrep.2020.09.003 (2021PhR...894....1A)
#Experiment: AMS-02
#Quantity: Be/C
#Units: rigidity(original)
#Url: https://tools.ssdc.asi.it/CosmicRays/
#Comments: 
2.03175e+00 9.38000e-02 3.05941e-03 3.05941e-03 6.00000e-04 6.00000e-04 
2.27156e+00 9.35000e-02 2.66833e-03 2.66833e-03 6.00000e-04 6.00000e-04 
2.53140e+00 9.24000e-02 2.54951e-03 2.54951e-03 5.00000e-04 5.00000e-04 
2.81601e+00 9.50000e-02 2.54951e-03 2.54951e-03 5.00000e-04 5.00000e-04 
3.12591e+00 1.00500e-01 2.54951e-03 2.54951e-03 5.00000e-04 5.00000e-04 
3.46058e+00 1.02500e-01 2.54951e-03 2.54951e-03 5.00000e-04 5.00000e-04 
3.82528e+00 1.04800e-01 2.54951e-03 2.54951e-03 5.00000e-04 5.00000e-04 
4.22002e+00 1.05600e-01 2.54951e-03 2.54951e-03 5.00000e-04 5.00000e-04 
4.64956e+00 1.05900e-01 2.53180e-03 2.53180e-03 4.00000e-04 4.00000e-04 
5.11914e+00 1.06200e-01 2.53180e-03 2.53180e-03 4.00000e-04 4.00000e-04 
5.62877e+00 1.05300e-01 2.53180e-03 2.53180e-03 4.00000e-04 4.00000e-04 
6.17843e+00 1.04400e-01 2.43311e-03 2.43311e-03 4.00000e-04 4.00000e-04 
6.77291e+00 1.03300e-01 2.43311e-03 2.43311e-03 4.00000e-04 4.00000e-04 
7.41744e+00 1.01800e-01 2.43311e-03 2.43311e-03 4.00000e-04 4.00000e-04 
8.11202e+00 9.94000e-02 2.33452e-03 2.33452e-03 4.00000e-04 4.00000e-04 
8.86142e+00 9.89000e-02 2.33452e-03 2.33452e-03 4.00000e-04 4.00000e-04 
9.67088e+00 9.78000e-02 2.33452e-03 2.33452e-03 4.00000e-04 4.00000e-04 
1.05404e+01 9.60000e-02 2.25610e-03 2.25610e-03 5.00000e-04 5.00000e-04 
1.14891e+01 9.32000e-02 2.25610e-03 2.25610e-03 5.00000e-04 5.00000e-04 
1.24900e+01 9.35000e-02 2.25610e-03 2.25610e-03 5.00000e-04 5.00000e-04 
1.35388e+01 9.14000e-02 2.15870e-03 2.15870e-03 5.00000e-04 5.00000e-04 
1.46877e+01 8.95000e-02 2.15870e-03 2.15870e-03 5.00000e-04 5.00000e-04 
1.59367e+01 8.80000e-02 2.08806e-03 2.08806e-03 6.00000e-04 6.00000e-04 
1.72858e+01 8.75000e-02 2.08806e-03 2.08806e-03 6.00000e-04 6.00000e-04 
1.87350e+01 8.39000e-02 2.08806e-03 2.08806e-03 6.00000e-04 6.00000e-04 
2.02842e+01 8.28000e-02 1.99249e-03 1.99249e-03 6.00000e-04 6.00000e-04 
2.19335e+01 8.09000e-02 1.99249e-03 1.99249e-03 6.00000e-04 6.00000e-04 
2.37310e+01 7.91000e-02 1.99249e-03 1.99249e-03 6.00000e-04 6.00000e-04 
2.56805e+01 7.69000e-02 1.89737e-03 1.89737e-03 6.00000e-04 6.00000e-04 
2.77301e+01 7.54000e-02 1.89737e-03 1.89737e-03 6.00000e-04 6.00000e-04 
2.99279e+01 7.39000e-02 1.89737e-03 1.89737e-03 6.00000e-04 6.00000e-04 
3.22777e+01 7.24000e-02 1.83848e-03 1.83848e-03 7.00000e-04 7.00000e-04 
3.47757e+01 7.04000e-02 1.83848e-03 1.83848e-03 7.00000e-04 7.00000e-04 
3.74739e+01 6.87000e-02 1.83848e-03 1.83848e-03 7.00000e-04 7.00000e-04 
4.03721e+01 6.80000e-02 1.87883e-03 1.87883e-03 8.00000e-04 8.00000e-04 
4.34706e+01 6.45000e-02 1.78885e-03 1.78885e-03 8.00000e-04 8.00000e-04 
4.67691e+01 6.40000e-02 1.78885e-03 1.78885e-03 8.00000e-04 8.00000e-04 
5.03160e+01 6.06000e-02 1.74929e-03 1.74929e-03 9.00000e-04 9.00000e-04 
5.41149e+01 6.05000e-02 1.74929e-03 1.74929e-03 9.00000e-04 9.00000e-04 
5.81621e+01 5.82000e-02 1.80278e-03 1.80278e-03 1.00000e-03 1.00000e-03 
6.25095e+01 5.84000e-02 1.80278e-03 1.80278e-03 1.00000e-03 1.00000e-03 
6.72054e+01 5.39000e-02 1.72047e-03 1.72047e-03 1.00000e-03 1.00000e-03 
7.22532e+01 5.53000e-02 1.86011e-03 1.86011e-03 1.10000e-03 1.10000e-03 
7.76495e+01 5.22000e-02 1.84391e-03 1.84391e-03 1.20000e-03 1.20000e-03 
8.34461e+01 5.31000e-02 1.91050e-03 1.91050e-03 1.30000e-03 1.30000e-03 
8.96911e+01 5.05000e-02 1.91050e-03 1.91050e-03 1.30000e-03 1.30000e-03 
9.64365e+01 5.08000e-02 1.97990e-03 1.97990e-03 1.40000e-03 1.40000e-03 
1.03923e+02 4.71000e-02 1.91050e-03 1.91050e-03 1.40000e-03 1.40000e-03 
1.11929e+02 4.83000e-02 2.05183e-03 2.05183e-03 1.50000e-03 1.50000e-03 
1.20416e+02 4.62000e-02 2.12603e-03 2.12603e-03 1.60000e-03 1.60000e-03 
1.29904e+02 4.18000e-02 2.06155e-03 2.06155e-03 1.60000e-03 1.60000e-03 
1.40872e+02 4.25000e-02 2.06155e-03 2.06155e-03 1.60000e-03 1.60000e-03 
1.53362e+02 4.03000e-02 2.14009e-03 2.14009e-03 1.70000e-03 1.70000e-03 
1.67332e+02 4.32000e-02 2.28035e-03 2.28035e-03 1.80000e-03 1.80000e-03 
1.83303e+02 3.75000e-02 2.16333e-03 2.16333e-03 1.80000e-03 1.80000e-03 
2.01276e+02 3.53000e-02 2.24722e-03 2.24722e-03 1.90000e-03 1.90000e-03 
2.21727e+02 3.94000e-02 2.46982e-03 2.46982e-03 2.10000e-03 2.10000e-03 
2.45656e+02 3.33000e-02 2.33238e-03 2.33238e-03 2.00000e-03 2.00000e-03 
2.74534e+02 3.49000e-02 2.55539e-03 2.55539e-03 2.20000e-03 2.20000e-03 
3.09887e+02 3.09000e-02 2.50599e-03 2.50599e-03 2.20000e-03 2.20000e-03 
3.53652e+02 3.09000e-02 2.64197e-03 2.64197e-03 2.30000e-03 2.30000e-03 
4.08826e+02 3.26000e-02 2.95296e-03 2.95296e-03 2.60000e-03 2.60000e-03 
4.81170e+02 2.83000e-02 2.86531e-03 2.86531e-03 2.50000e-03 2.50000e-03 
5.88643e+02 2.95000e-02 3.10644e-03 3.10644e-03 2.60000e-03 2.60000e-03 
7.62102e+02 2.78000e-02 3.50000e-03 3.50000e-03 2.80000e-03 2.80000e-03 
1.06958e+03 2.20000e-02 3.75366e-03 3.75366e-03 2.80000e-03 2.80000e-03 
2.07123e+03 1.31000e-02 5.05964e-03 5.05964e-03 4.80000e-03 4.80000e-03 
