#Source: SSDC
#Ref: 10.1016/j.physrep.2020.09.003 (2021PhR...894....1A)
#Experiment: AMS-02
#Quantity: Be/O
#Units: rigidity(original)
#Url: https://tools.ssdc.asi.it/CosmicRays/
#Comments: 
2.27156e+00 9.96000e-02 2.96142e-03 2.96142e-03 6.00000e-04 6.00000e-04 
2.53140e+00 1.00900e-01 2.76586e-03 2.76586e-03 6.00000e-04 6.00000e-04 
2.81601e+00 1.03400e-01 2.64764e-03 2.64764e-03 5.00000e-04 5.00000e-04 
3.12591e+00 1.08200e-01 2.74591e-03 2.74591e-03 5.00000e-04 5.00000e-04 
3.46058e+00 1.09500e-01 2.74591e-03 2.74591e-03 5.00000e-04 5.00000e-04 
3.82528e+00 1.11000e-01 2.74591e-03 2.74591e-03 5.00000e-04 5.00000e-04 
4.22002e+00 1.11700e-01 2.74591e-03 2.74591e-03 5.00000e-04 5.00000e-04 
4.64956e+00 1.12100e-01 2.74591e-03 2.74591e-03 5.00000e-04 5.00000e-04 
5.11914e+00 1.12300e-01 2.74591e-03 2.74591e-03 5.00000e-04 5.00000e-04 
5.62877e+00 1.10800e-01 2.64764e-03 2.64764e-03 5.00000e-04 5.00000e-04 
6.17843e+00 1.09600e-01 2.64764e-03 2.64764e-03 5.00000e-04 5.00000e-04 
6.77291e+00 1.07900e-01 2.63059e-03 2.63059e-03 4.00000e-04 4.00000e-04 
7.41744e+00 1.06100e-01 2.53180e-03 2.53180e-03 4.00000e-04 4.00000e-04 
8.11202e+00 1.03200e-01 2.53180e-03 2.53180e-03 4.00000e-04 4.00000e-04 
8.86142e+00 1.02200e-01 2.43311e-03 2.43311e-03 4.00000e-04 4.00000e-04 
9.67088e+00 1.00300e-01 2.45153e-03 2.45153e-03 5.00000e-04 5.00000e-04 
1.05404e+01 9.85000e-02 2.45153e-03 2.45153e-03 5.00000e-04 5.00000e-04 
1.14891e+01 9.48000e-02 2.35372e-03 2.35372e-03 5.00000e-04 5.00000e-04 
1.24900e+01 9.44000e-02 2.35372e-03 2.35372e-03 5.00000e-04 5.00000e-04 
1.35388e+01 9.24000e-02 2.25610e-03 2.25610e-03 5.00000e-04 5.00000e-04 
1.46877e+01 9.04000e-02 2.25610e-03 2.25610e-03 5.00000e-04 5.00000e-04 
1.59367e+01 8.81000e-02 2.18403e-03 2.18403e-03 6.00000e-04 6.00000e-04 
1.72858e+01 8.74000e-02 2.18403e-03 2.18403e-03 6.00000e-04 6.00000e-04 
1.87350e+01 8.33000e-02 2.08806e-03 2.08806e-03 6.00000e-04 6.00000e-04 
2.02842e+01 8.21000e-02 2.08806e-03 2.08806e-03 6.00000e-04 6.00000e-04 
2.19335e+01 7.96000e-02 1.99249e-03 1.99249e-03 6.00000e-04 6.00000e-04 
2.37310e+01 7.77000e-02 1.99249e-03 1.99249e-03 6.00000e-04 6.00000e-04 
2.56805e+01 7.54000e-02 1.99249e-03 1.99249e-03 6.00000e-04 6.00000e-04 
2.77301e+01 7.36000e-02 1.89737e-03 1.89737e-03 6.00000e-04 6.00000e-04 
2.99279e+01 7.12000e-02 1.89737e-03 1.89737e-03 6.00000e-04 6.00000e-04 
3.22777e+01 6.95000e-02 1.89737e-03 1.89737e-03 6.00000e-04 6.00000e-04 
3.47757e+01 6.77000e-02 1.83848e-03 1.83848e-03 7.00000e-04 7.00000e-04 
3.74739e+01 6.56000e-02 1.83848e-03 1.83848e-03 7.00000e-04 7.00000e-04 
4.03721e+01 6.52000e-02 1.83848e-03 1.83848e-03 7.00000e-04 7.00000e-04 
4.34706e+01 6.10000e-02 1.74642e-03 1.74642e-03 7.00000e-04 7.00000e-04 
4.67691e+01 6.04000e-02 1.78885e-03 1.78885e-03 8.00000e-04 8.00000e-04 
5.03160e+01 5.73000e-02 1.70000e-03 1.70000e-03 8.00000e-04 8.00000e-04 
5.41149e+01 5.69000e-02 1.74929e-03 1.74929e-03 9.00000e-04 9.00000e-04 
5.81621e+01 5.52000e-02 1.74929e-03 1.74929e-03 9.00000e-04 9.00000e-04 
6.25095e+01 5.43000e-02 1.80278e-03 1.80278e-03 1.00000e-03 1.00000e-03 
6.72054e+01 5.04000e-02 1.72047e-03 1.72047e-03 1.00000e-03 1.00000e-03 
7.22532e+01 5.18000e-02 1.86011e-03 1.86011e-03 1.10000e-03 1.10000e-03 
7.76495e+01 4.88000e-02 1.78045e-03 1.78045e-03 1.10000e-03 1.10000e-03 
8.34461e+01 4.88000e-02 1.84391e-03 1.84391e-03 1.20000e-03 1.20000e-03 
8.96911e+01 4.70000e-02 1.84391e-03 1.84391e-03 1.20000e-03 1.20000e-03 
9.64365e+01 4.66000e-02 1.91050e-03 1.91050e-03 1.30000e-03 1.30000e-03 
1.03923e+02 4.34000e-02 1.83848e-03 1.83848e-03 1.30000e-03 1.30000e-03 
1.11929e+02 4.40000e-02 1.97990e-03 1.97990e-03 1.40000e-03 1.40000e-03 
1.20416e+02 4.19000e-02 1.91050e-03 1.91050e-03 1.40000e-03 1.40000e-03 
1.29904e+02 3.79000e-02 1.84391e-03 1.84391e-03 1.40000e-03 1.40000e-03 
1.40872e+02 3.86000e-02 1.98494e-03 1.98494e-03 1.50000e-03 1.50000e-03 
1.53362e+02 3.61000e-02 1.92094e-03 1.92094e-03 1.50000e-03 1.50000e-03 
1.67332e+02 3.86000e-02 2.06155e-03 2.06155e-03 1.60000e-03 1.60000e-03 
1.83303e+02 3.31000e-02 2.00000e-03 2.00000e-03 1.60000e-03 1.60000e-03 
2.01276e+02 3.15000e-02 2.08087e-03 2.08087e-03 1.70000e-03 1.70000e-03 
2.21727e+02 3.46000e-02 2.30217e-03 2.30217e-03 1.90000e-03 1.90000e-03 
2.45656e+02 3.02000e-02 2.16333e-03 2.16333e-03 1.80000e-03 1.80000e-03 
2.74534e+02 3.13000e-02 2.30217e-03 2.30217e-03 1.90000e-03 1.90000e-03 
3.09887e+02 2.75000e-02 2.24722e-03 2.24722e-03 1.90000e-03 1.90000e-03 
3.53652e+02 2.77000e-02 2.46982e-03 2.46982e-03 2.10000e-03 2.10000e-03 
4.08826e+02 2.86000e-02 2.69258e-03 2.69258e-03 2.30000e-03 2.30000e-03 
4.81170e+02 2.69000e-02 2.77849e-03 2.77849e-03 2.40000e-03 2.40000e-03 
5.88643e+02 2.76000e-02 2.94109e-03 2.94109e-03 2.40000e-03 2.40000e-03 
7.62102e+02 2.53000e-02 3.20156e-03 3.20156e-03 2.50000e-03 2.50000e-03 
1.06958e+03 1.90000e-02 3.25576e-03 3.25576e-03 2.40000e-03 2.40000e-03 
2.07123e+03 1.24000e-02 4.83839e-03 4.83839e-03 4.60000e-03 4.60000e-03 
