#Source: CRDB
#Ref: 10.1016/j.astropartphys.2007.05.001 (2007APh....28..154S)
#Experiment: BESS-TeV
#Y Quantity: H
#X Quantity: totalEnergy
#Url: https://lpsc.in2p3.fr/crdb
#Comments: converted from original table in kinetic energy
#Colums: x, y, y total errors, y statistical errors
1.020e+01 2.220e+01 6.708e-01 6.708e-01 3.000e-01 3.000e-01 
1.175e+01 1.550e+01 5.099e-01 5.099e-01 1.000e-01 1.000e-01 
1.355e+01 1.090e+01 4.123e-01 4.123e-01 1.000e-01 1.000e-01 
1.559e+01 7.490e+00 2.729e-01 2.729e-01 4.000e-02 4.000e-02 
1.803e+01 5.210e+00 1.924e-01 1.924e-01 3.000e-02 3.000e-02 
2.087e+01 3.530e+00 1.432e-01 1.432e-01 3.000e-02 3.000e-02 
2.416e+01 2.480e+00 1.020e-01 1.020e-01 2.000e-02 2.000e-02 
2.804e+01 1.620e+00 6.083e-02 6.083e-02 1.000e-02 1.000e-02 
3.253e+01 1.090e+00 4.123e-02 4.123e-02 1.000e-02 1.000e-02 
3.776e+01 7.170e-01 3.105e-02 3.105e-02 8.000e-03 8.000e-03 
4.389e+01 4.840e-01 2.184e-02 2.184e-02 6.000e-03 6.000e-03 
5.101e+01 3.150e-01 1.487e-02 1.487e-02 5.000e-03 5.000e-03 
5.933e+01 2.070e-01 9.487e-03 9.487e-03 3.000e-03 3.000e-03 
6.904e+01 1.340e-01 6.708e-03 6.708e-03 3.000e-03 3.000e-03 
8.035e+01 9.090e-02 4.701e-03 4.701e-03 1.900e-03 1.900e-03 
9.351e+01 5.750e-02 3.130e-03 3.130e-03 1.400e-03 1.400e-03 
1.130e+02 3.430e-02 2.110e-03 2.110e-03 1.100e-03 1.100e-03 
1.418e+02 1.980e-02 1.304e-03 1.304e-03 7.000e-04 7.000e-04 
1.784e+02 1.000e-02 7.810e-04 7.810e-04 5.000e-04 5.000e-04 
2.247e+02 5.420e-03 4.601e-04 4.601e-04 3.100e-04 3.100e-04 
2.821e+02 2.460e-03 2.550e-04 2.550e-04 1.900e-04 1.900e-04 
3.550e+02 1.620e-03 1.980e-04 1.980e-04 1.400e-04 1.400e-04 
4.637e+02 7.470e-04 1.041e-04 1.041e-04 6.900e-05 6.900e-05 
1.171e+00 2.220e+02 1.803e+01 1.803e+01 6.000e+00 6.000e+00 
1.210e+00 2.550e+02 1.772e+01 1.772e+01 5.000e+00 5.000e+00 
1.255e+00 2.810e+02 1.772e+01 1.772e+01 5.000e+00 5.000e+00 
1.308e+00 3.040e+02 1.676e+01 1.676e+01 5.000e+00 5.000e+00 
1.369e+00 3.210e+02 1.676e+01 1.676e+01 5.000e+00 5.000e+00 
1.440e+00 3.280e+02 1.552e+01 1.552e+01 4.000e+00 4.000e+00 
1.523e+00 3.510e+02 1.456e+01 1.456e+01 4.000e+00 4.000e+00 
1.620e+00 3.520e+02 1.360e+01 1.360e+01 4.000e+00 4.000e+00 
1.734e+00 3.460e+02 1.265e+01 1.265e+01 4.000e+00 4.000e+00 
1.865e+00 3.370e+02 1.140e+01 1.140e+01 3.000e+00 3.000e+00 
2.021e+00 3.280e+02 1.140e+01 1.140e+01 3.000e+00 3.000e+00 
2.200e+00 3.050e+02 1.044e+01 1.044e+01 3.000e+00 3.000e+00 
8.882e+00 3.110e+01 9.849e-01 9.849e-01 4.000e-01 4.000e-01 
7.751e+00 4.300e+01 1.300e+00 1.300e+00 5.000e-01 5.000e-01 
6.780e+00 5.590e+01 1.709e+00 1.709e+00 6.000e-01 6.000e-01 
5.948e+00 7.300e+01 2.214e+00 2.214e+00 7.000e-01 7.000e-01 
5.235e+00 9.340e+01 2.846e+00 2.846e+00 9.000e-01 9.000e-01 
4.628e+00 1.170e+02 3.162e+00 3.162e+00 1.000e+00 1.000e+00 
4.104e+00 1.430e+02 4.123e+00 4.123e+00 1.000e+00 1.000e+00 
3.651e+00 1.720e+02 5.099e+00 5.099e+00 1.000e+00 1.000e+00 
3.262e+00 2.050e+02 6.325e+00 6.325e+00 2.000e+00 2.000e+00 
2.933e+00 2.360e+02 7.280e+00 7.280e+00 2.000e+00 2.000e+00 
2.649e+00 2.640e+02 8.246e+00 8.246e+00 2.000e+00 2.000e+00 
2.405e+00 2.870e+02 9.487e+00 9.487e+00 3.000e+00 3.000e+00 
