#Source: CRDB
#Ref: 10.1016/j.astropartphys.2007.05.001 (2007APh....28..154S)
#Experiment: BESS-TeV
#Y Quantity: He
#X Quantity: kineticEnergyPerNucleon
#Url: https://lpsc.in2p3.fr/crdb
#Comments: 
#Colums: x, y, y statistical errors, y systematic errors
2.321e-01 7.660e+01 3.700e+00 3.700e+00 5.500e+00 5.500e+00 
2.710e-01 8.310e+01 3.500e+00 3.500e+00 5.900e+00 5.900e+00 
3.163e-01 8.540e+01 3.300e+00 3.300e+00 6.100e+00 6.100e+00 
3.687e-01 7.550e+01 2.900e+00 2.900e+00 5.400e+00 5.400e+00 
4.294e-01 8.310e+01 2.800e+00 2.800e+00 5.900e+00 5.900e+00 
5.007e-01 8.440e+01 2.600e+00 2.600e+00 6.000e+00 6.000e+00 
5.839e-01 8.010e+01 2.400e+00 2.400e+00 5.700e+00 5.700e+00 
6.810e-01 7.230e+01 2.100e+00 2.100e+00 5.100e+00 5.100e+00 
7.941e-01 6.560e+01 1.900e+00 1.900e+00 4.700e+00 4.700e+00 
9.256e-01 6.160e+01 1.700e+00 1.700e+00 4.400e+00 4.400e+00 
1.081e+00 5.320e+01 1.500e+00 1.500e+00 3.800e+00 3.800e+00 
1.261e+00 4.860e+01 1.300e+00 1.300e+00 3.400e+00 3.400e+00 
1.465e+00 4.090e+01 1.100e+00 1.100e+00 2.900e+00 2.900e+00 
1.708e+00 3.250e+01 9.000e-01 9.000e-01 2.300e+00 2.300e+00 
1.993e+00 2.650e+01 8.000e-01 8.000e-01 1.900e+00 1.900e+00 
2.321e+00 2.190e+01 7.000e-01 7.000e-01 1.600e+00 1.600e+00 
2.710e+00 1.830e+01 6.000e-01 6.000e-01 1.300e+00 1.300e+00 
3.163e+00 1.380e+01 4.000e-01 4.000e-01 1.000e+00 1.000e+00 
3.687e+00 9.810e+00 3.500e-01 3.500e-01 7.000e-01 7.000e-01 
4.294e+00 7.690e+00 2.900e-01 2.900e-01 5.400e-01 5.400e-01 
5.007e+00 5.720e+00 2.300e-01 2.300e-01 4.100e-01 4.100e-01 
5.839e+00 3.980e+00 6.000e-02 6.000e-02 3.200e-01 3.200e-01 
6.810e+00 2.830e+00 4.000e-02 4.000e-02 2.300e-01 2.300e-01 
7.941e+00 2.070e+00 4.000e-02 4.000e-02 1.700e-01 1.700e-01 
9.256e+00 1.480e+00 3.000e-02 3.000e-02 1.200e-01 1.200e-01 
1.081e+01 1.030e+00 2.000e-02 2.000e-02 8.000e-02 8.000e-02 
1.261e+01 6.790e-01 1.600e-02 1.600e-02 5.600e-02 5.600e-02 
1.465e+01 4.730e-01 1.200e-02 1.200e-02 3.900e-02 3.900e-02 
1.708e+01 3.280e-01 1.000e-02 1.000e-02 2.700e-02 2.700e-02 
1.993e+01 2.140e-01 7.000e-03 7.000e-03 1.800e-02 1.800e-02 
2.321e+01 1.460e-01 5.000e-03 5.000e-03 1.200e-02 1.200e-02 
2.710e+01 9.670e-02 4.100e-03 4.100e-03 7.900e-03 7.900e-03 
3.159e+01 5.890e-02 3.000e-03 3.000e-03 4.800e-03 4.800e-03 
3.681e+01 4.230e-02 2.400e-03 2.400e-03 3.500e-03 3.500e-03 
4.294e+01 2.850e-02 1.800e-03 1.800e-03 2.400e-03 2.400e-03 
5.007e+01 1.840e-02 1.300e-03 1.300e-03 1.500e-03 1.500e-03 
6.293e+01 9.400e-03 9.200e-04 9.200e-04 9.000e-04 9.000e-04 
8.556e+01 4.140e-03 5.300e-04 5.300e-04 4.100e-04 4.100e-04 
1.163e+02 2.160e-03 3.300e-04 3.300e-04 2.200e-04 2.200e-04 
1.828e+02 5.530e-04 9.200e-05 9.200e-05 6.400e-05 6.400e-05 
