#Source: CRDB
#Ref: 10.1016/j.astropartphys.2007.05.001 (2007APh....28..154S)
#Experiment: BESS-TeV
#Y Quantity: H
#X Quantity: kineticEnergy
#Url: https://lpsc.in2p3.fr/crdb
#Comments: 
#Colums: x, y, y total errors, y statistical errors
9.256e+00 2.220e+01 6.708e-01 6.708e-01 3.000e-01 3.000e-01 
1.081e+01 1.550e+01 5.099e-01 5.099e-01 1.000e-01 1.000e-01 
1.261e+01 1.090e+01 4.123e-01 4.123e-01 1.000e-01 1.000e-01 
1.465e+01 7.490e+00 2.729e-01 2.729e-01 4.000e-02 4.000e-02 
1.708e+01 5.210e+00 1.924e-01 1.924e-01 3.000e-02 3.000e-02 
1.993e+01 3.530e+00 1.432e-01 1.432e-01 3.000e-02 3.000e-02 
2.321e+01 2.480e+00 1.020e-01 1.020e-01 2.000e-02 2.000e-02 
2.710e+01 1.620e+00 6.083e-02 6.083e-02 1.000e-02 1.000e-02 
3.159e+01 1.090e+00 4.123e-02 4.123e-02 1.000e-02 1.000e-02 
3.681e+01 7.170e-01 3.105e-02 3.105e-02 8.000e-03 8.000e-03 
4.294e+01 4.840e-01 2.184e-02 2.184e-02 6.000e-03 6.000e-03 
5.007e+01 3.150e-01 1.487e-02 1.487e-02 5.000e-03 5.000e-03 
5.839e+01 2.070e-01 9.487e-03 9.487e-03 3.000e-03 3.000e-03 
6.810e+01 1.340e-01 6.708e-03 6.708e-03 3.000e-03 3.000e-03 
7.941e+01 9.090e-02 4.701e-03 4.701e-03 1.900e-03 1.900e-03 
9.256e+01 5.750e-02 3.130e-03 3.130e-03 1.400e-03 1.400e-03 
1.121e+02 3.430e-02 2.110e-03 2.110e-03 1.100e-03 1.100e-03 
1.409e+02 1.980e-02 1.304e-03 1.304e-03 7.000e-04 7.000e-04 
1.775e+02 1.000e-02 7.810e-04 7.810e-04 5.000e-04 5.000e-04 
2.237e+02 5.420e-03 4.601e-04 4.601e-04 3.100e-04 3.100e-04 
2.812e+02 2.460e-03 2.550e-04 2.550e-04 1.900e-04 1.900e-04 
3.541e+02 1.620e-03 1.980e-04 1.980e-04 1.400e-04 1.400e-04 
4.628e+02 7.470e-04 1.041e-04 1.041e-04 6.900e-05 6.900e-05 
2.321e-01 2.220e+02 1.803e+01 1.803e+01 6.000e+00 6.000e+00 
2.710e-01 2.550e+02 1.772e+01 1.772e+01 5.000e+00 5.000e+00 
3.163e-01 2.810e+02 1.772e+01 1.772e+01 5.000e+00 5.000e+00 
3.687e-01 3.040e+02 1.676e+01 1.676e+01 5.000e+00 5.000e+00 
4.294e-01 3.210e+02 1.676e+01 1.676e+01 5.000e+00 5.000e+00 
5.007e-01 3.280e+02 1.552e+01 1.552e+01 4.000e+00 4.000e+00 
5.839e-01 3.510e+02 1.456e+01 1.456e+01 4.000e+00 4.000e+00 
6.810e-01 3.520e+02 1.360e+01 1.360e+01 4.000e+00 4.000e+00 
7.941e-01 3.460e+02 1.265e+01 1.265e+01 4.000e+00 4.000e+00 
9.256e-01 3.370e+02 1.140e+01 1.140e+01 3.000e+00 3.000e+00 
1.081e+00 3.280e+02 1.140e+01 1.140e+01 3.000e+00 3.000e+00 
1.261e+00 3.050e+02 1.044e+01 1.044e+01 3.000e+00 3.000e+00 
7.941e+00 3.110e+01 9.849e-01 9.849e-01 4.000e-01 4.000e-01 
6.810e+00 4.300e+01 1.300e+00 1.300e+00 5.000e-01 5.000e-01 
5.839e+00 5.590e+01 1.709e+00 1.709e+00 6.000e-01 6.000e-01 
5.007e+00 7.300e+01 2.214e+00 2.214e+00 7.000e-01 7.000e-01 
4.294e+00 9.340e+01 2.846e+00 2.846e+00 9.000e-01 9.000e-01 
3.687e+00 1.170e+02 3.162e+00 3.162e+00 1.000e+00 1.000e+00 
3.163e+00 1.430e+02 4.123e+00 4.123e+00 1.000e+00 1.000e+00 
2.710e+00 1.720e+02 5.099e+00 5.099e+00 1.000e+00 1.000e+00 
2.321e+00 2.050e+02 6.325e+00 6.325e+00 2.000e+00 2.000e+00 
1.993e+00 2.360e+02 7.280e+00 7.280e+00 2.000e+00 2.000e+00 
1.708e+00 2.640e+02 8.246e+00 8.246e+00 2.000e+00 2.000e+00 
1.465e+00 2.870e+02 9.487e+00 9.487e+00 3.000e+00 3.000e+00 
