#Source: CRDB
#Ref: 10.1016/j.astropartphys.2007.05.001 (2007APh....28..154S)
#Experiment: BESS-TeV
#Y Quantity: He
#X Quantity: totalEnergy
#Url: https://lpsc.in2p3.fr/crdb
#Comments: converted from original table in kinetic energy
#Colums: x, y, y total errors, y statistical errors
8.346e+01 5.350e-02 4.828e-03 4.828e-03 1.750e-03 1.750e-03 
7.208e+01 8.200e-02 7.198e-03 7.198e-03 2.500e-03 2.500e-03 
6.234e+01 1.182e-01 1.020e-02 1.020e-02 3.000e-03 3.000e-03 
5.416e+01 1.698e-01 1.456e-02 1.456e-02 4.000e-03 4.000e-03 
4.698e+01 2.575e-01 2.062e-02 2.062e-02 5.000e-03 5.000e-03 
4.077e+01 3.700e-01 3.092e-02 3.092e-02 7.500e-03 7.500e-03 
3.551e+01 5.175e-01 4.366e-02 4.366e-02 1.000e-02 1.000e-02 
3.098e+01 7.075e-01 5.836e-02 5.836e-02 1.000e-02 1.000e-02 
2.709e+01 9.950e-01 8.139e-02 8.139e-02 1.500e-02 1.500e-02 
2.377e+01 1.430e+00 1.175e-01 1.175e-01 5.750e-02 5.750e-02 
9.660e+01 3.650e-02 3.250e-03 3.250e-03 1.250e-03 1.250e-03 
1.121e+02 2.417e-02 2.225e-03 2.225e-03 1.025e-03 1.025e-03 
1.301e+02 1.473e-02 1.415e-03 1.415e-03 7.500e-04 7.500e-04 
1.510e+02 1.057e-02 1.061e-03 1.061e-03 6.000e-04 6.000e-04 
1.755e+02 7.125e-03 7.500e-04 7.500e-04 4.500e-04 4.500e-04 
2.040e+02 4.600e-03 4.962e-04 4.962e-04 3.250e-04 3.250e-04 
2.555e+02 2.350e-03 3.218e-04 3.218e-04 2.300e-04 2.300e-04 
3.460e+02 1.035e-03 1.675e-04 1.675e-04 1.325e-04 1.325e-04 
4.690e+02 5.400e-04 9.915e-05 9.915e-05 8.250e-05 8.250e-05 
7.350e+02 1.382e-04 2.802e-05 2.802e-05 2.300e-05 2.300e-05 
4.660e+00 1.915e+01 1.657e+00 1.657e+00 9.250e-01 9.250e-01 
4.815e+00 2.077e+01 1.715e+00 1.715e+00 8.750e-01 8.750e-01 
4.997e+00 2.135e+01 1.734e+00 1.734e+00 8.250e-01 8.250e-01 
5.207e+00 1.888e+01 1.532e+00 1.532e+00 7.250e-01 7.250e-01 
5.450e+00 2.077e+01 1.633e+00 1.633e+00 7.000e-01 7.000e-01 
5.736e+00 2.110e+01 1.635e+00 1.635e+00 6.500e-01 6.500e-01 
6.069e+00 2.002e+01 1.546e+00 1.546e+00 6.000e-01 6.000e-01 
6.458e+00 1.807e+01 1.379e+00 1.379e+00 5.250e-01 5.250e-01 
6.911e+00 1.640e+01 1.267e+00 1.267e+00 4.750e-01 4.750e-01 
7.438e+00 1.540e+01 1.179e+00 1.179e+00 4.250e-01 4.250e-01 
2.092e+01 1.923e+00 1.532e-01 1.532e-01 7.250e-02 7.250e-02 
1.849e+01 2.453e+00 1.957e-01 1.957e-01 8.750e-02 8.750e-02 
1.639e+01 3.450e+00 2.693e-01 2.693e-01 1.000e-01 1.000e-01 
1.458e+01 4.575e+00 3.579e-01 3.579e-01 1.500e-01 1.500e-01 
1.302e+01 5.475e+00 4.366e-01 4.366e-01 1.750e-01 1.750e-01 
1.171e+01 6.625e+00 5.154e-01 5.154e-01 2.000e-01 2.000e-01 
1.057e+01 8.125e+00 6.175e-01 6.175e-01 2.250e-01 2.250e-01 
9.596e+00 1.022e+01 7.754e-01 7.754e-01 2.750e-01 2.750e-01 
8.778e+00 1.215e+01 9.100e-01 9.100e-01 3.250e-01 3.250e-01 
8.060e+00 1.330e+01 1.021e+00 1.021e+00 3.750e-01 3.750e-01 
