#Source: SSDC
#Ref: 10.1016/j.physrep.2020.09.003 (2021PhR...894....1A)
#Experiment: AMS-02
#Quantity: B/O
#Units: rigidity(original)
#Url: https://tools.ssdc.asi.it/CosmicRays/
#Comments: 
2.27156e+00 3.10600e-01 1.48486e-02 1.48486e-02 1.20000e-03 1.20000e-03 
2.53140e+00 3.27000e-01 1.40513e-02 1.40513e-02 1.20000e-03 1.20000e-03 
2.81601e+00 3.33300e-01 1.30465e-02 1.30465e-02 1.10000e-03 1.10000e-03 
3.12591e+00 3.38400e-01 1.20503e-02 1.20503e-02 1.10000e-03 1.10000e-03 
3.46058e+00 3.42000e-01 1.12446e-02 1.12446e-02 1.00000e-03 1.00000e-03 
3.82528e+00 3.44200e-01 1.04480e-02 1.04480e-02 1.00000e-03 1.00000e-03 
4.22002e+00 3.44200e-01 9.85089e-03 9.85089e-03 1.00000e-03 1.00000e-03 
4.64956e+00 3.40100e-01 9.24392e-03 9.24392e-03 9.00000e-04 9.00000e-04 
5.11914e+00 3.37100e-01 8.74643e-03 8.74643e-03 9.00000e-04 9.00000e-04 
5.62877e+00 3.31400e-01 8.24924e-03 8.24924e-03 9.00000e-04 9.00000e-04 
6.17843e+00 3.24800e-01 7.85175e-03 7.85175e-03 9.00000e-04 9.00000e-04 
6.77291e+00 3.19400e-01 7.54255e-03 7.54255e-03 8.00000e-04 8.00000e-04 
7.41744e+00 3.11900e-01 7.24431e-03 7.24431e-03 8.00000e-04 8.00000e-04 
8.11202e+00 3.05600e-01 7.04557e-03 7.04557e-03 8.00000e-04 8.00000e-04 
8.86142e+00 3.00700e-01 6.84690e-03 6.84690e-03 8.00000e-04 8.00000e-04 
9.67088e+00 2.93100e-01 6.64831e-03 6.64831e-03 8.00000e-04 8.00000e-04 
1.05404e+01 2.89600e-01 6.56201e-03 6.56201e-03 9.00000e-04 9.00000e-04 
1.14891e+01 2.81200e-01 6.36396e-03 6.36396e-03 9.00000e-04 9.00000e-04 
1.24900e+01 2.73800e-01 6.18142e-03 6.18142e-03 1.00000e-03 1.00000e-03 
1.35388e+01 2.66800e-01 5.98415e-03 5.98415e-03 1.00000e-03 1.00000e-03 
1.46877e+01 2.62300e-01 5.88558e-03 5.88558e-03 1.00000e-03 1.00000e-03 
1.59367e+01 2.54700e-01 5.78705e-03 5.78705e-03 1.00000e-03 1.00000e-03 
1.72858e+01 2.45800e-01 5.59017e-03 5.59017e-03 1.00000e-03 1.00000e-03 
1.87350e+01 2.40500e-01 5.51090e-03 5.51090e-03 1.10000e-03 1.10000e-03 
2.02842e+01 2.34000e-01 5.41295e-03 5.41295e-03 1.10000e-03 1.10000e-03 
2.19335e+01 2.26200e-01 5.21728e-03 5.21728e-03 1.10000e-03 1.10000e-03 
2.37310e+01 2.19900e-01 5.11957e-03 5.11957e-03 1.10000e-03 1.10000e-03 
2.56805e+01 2.14500e-01 5.02195e-03 5.02195e-03 1.10000e-03 1.10000e-03 
2.77301e+01 2.09500e-01 4.92443e-03 4.92443e-03 1.10000e-03 1.10000e-03 
2.99279e+01 2.00900e-01 4.82701e-03 4.82701e-03 1.10000e-03 1.10000e-03 
3.22777e+01 1.93800e-01 4.72969e-03 4.72969e-03 1.10000e-03 1.10000e-03 
3.47757e+01 1.91100e-01 4.65725e-03 4.65725e-03 1.20000e-03 1.20000e-03 
3.74739e+01 1.81800e-01 4.56070e-03 4.56070e-03 1.20000e-03 1.20000e-03 
4.03721e+01 1.75800e-01 4.49222e-03 4.49222e-03 1.30000e-03 1.30000e-03 
4.34706e+01 1.70400e-01 4.39659e-03 4.39659e-03 1.30000e-03 1.30000e-03 
4.67691e+01 1.67800e-01 4.42719e-03 4.42719e-03 1.40000e-03 1.40000e-03 
5.03160e+01 1.60000e-01 4.33244e-03 4.33244e-03 1.40000e-03 1.40000e-03 
5.41149e+01 1.57000e-01 4.27200e-03 4.27200e-03 1.50000e-03 1.50000e-03 
5.81621e+01 1.53400e-01 4.30813e-03 4.30813e-03 1.60000e-03 1.60000e-03 
6.25095e+01 1.47600e-01 4.25441e-03 4.25441e-03 1.70000e-03 1.70000e-03 
6.72054e+01 1.42000e-01 4.16293e-03 4.16293e-03 1.70000e-03 1.70000e-03 
7.22532e+01 1.39700e-01 4.20476e-03 4.20476e-03 1.80000e-03 1.80000e-03 
7.76495e+01 1.34000e-01 4.15933e-03 4.15933e-03 1.90000e-03 1.90000e-03 
8.34461e+01 1.30500e-01 4.20595e-03 4.20595e-03 2.00000e-03 2.00000e-03 
8.96911e+01 1.29100e-01 4.25441e-03 4.25441e-03 2.10000e-03 2.10000e-03 
9.64365e+01 1.22800e-01 4.16773e-03 4.16773e-03 2.10000e-03 2.10000e-03 
1.03923e+02 1.15100e-01 4.08167e-03 4.08167e-03 2.10000e-03 2.10000e-03 
1.11929e+02 1.14400e-01 4.18808e-03 4.18808e-03 2.30000e-03 2.30000e-03 
1.20416e+02 1.11600e-01 4.16173e-03 4.16173e-03 2.40000e-03 2.40000e-03 
1.29904e+02 1.05000e-01 4.08044e-03 4.08044e-03 2.40000e-03 2.40000e-03 
1.40872e+02 1.06600e-01 4.30116e-03 4.30116e-03 2.50000e-03 2.50000e-03 
1.53362e+02 1.03000e-01 4.42041e-03 4.42041e-03 2.70000e-03 2.70000e-03 
1.67332e+02 1.01000e-01 4.40454e-03 4.40454e-03 2.80000e-03 2.80000e-03 
1.83303e+02 9.67000e-02 4.32782e-03 4.32782e-03 2.80000e-03 2.80000e-03 
2.01276e+02 9.14000e-02 4.31856e-03 4.31856e-03 2.90000e-03 2.90000e-03 
2.21727e+02 9.14000e-02 4.52769e-03 4.52769e-03 3.10000e-03 3.10000e-03 
2.45656e+02 8.80000e-02 4.59674e-03 4.59674e-03 3.20000e-03 3.20000e-03 
2.74534e+02 8.34000e-02 4.73814e-03 4.73814e-03 3.30000e-03 3.30000e-03 
3.09887e+02 7.84000e-02 4.66905e-03 4.66905e-03 3.40000e-03 3.40000e-03 
3.53652e+02 7.44000e-02 4.81041e-03 4.81041e-03 3.50000e-03 3.50000e-03 
4.08826e+02 7.75000e-02 5.23450e-03 5.23450e-03 3.80000e-03 3.80000e-03 
4.81170e+02 7.43000e-02 5.44885e-03 5.44885e-03 4.00000e-03 4.00000e-03 
5.88643e+02 6.58000e-02 5.30754e-03 5.30754e-03 3.90000e-03 3.90000e-03 
7.62102e+02 6.53000e-02 6.01082e-03 6.01082e-03 4.20000e-03 4.20000e-03 
1.06958e+03 6.34000e-02 7.01783e-03 7.01783e-03 4.60000e-03 4.60000e-03 
2.07123e+03 4.39000e-02 9.88989e-03 9.88989e-03 9.00000e-03 9.00000e-03 
