#Source: CRDB
#Ref:  ()
#Experiment: AMS-02
#Quantity: C
#Units: total energy
#Url: https://lpsc.in2p3.fr/crdb
#Comments: converted from original table
7.79503e+02 2.67028e-05 7.33598e-07 7.33598e-07 2.66694e-07 2.66694e-07 
7.22582e+02 3.34207e-05 9.07180e-07 9.07180e-07 3.16705e-07 3.16705e-07 
6.71665e+02 4.02056e-05 1.08092e-06 1.08092e-06 3.66717e-07 3.66717e-07 
6.23639e+02 4.98247e-05 1.31265e-06 1.31265e-06 4.00064e-07 4.00064e-07 
5.78727e+02 6.04946e-05 1.59212e-06 1.59212e-06 4.83424e-07 4.83424e-07 
5.38263e+02 7.46494e-05 1.93044e-06 1.93044e-06 5.50119e-07 5.50119e-07 
5.00802e+02 8.98724e-05 2.30594e-06 2.30594e-06 6.33491e-07 6.33491e-07 
4.66032e+02 1.10548e-04 2.82654e-06 2.82654e-06 7.16873e-07 7.16873e-07 
4.33664e+02 1.33428e-04 3.38856e-06 3.38856e-06 8.33610e-07 8.33610e-07 
4.03387e+02 1.62162e-04 4.07656e-06 4.07656e-06 9.33692e-07 9.33692e-07 
3.75224e+02 1.99255e-04 4.97435e-06 4.97435e-06 1.16719e-06 1.16719e-06 
3.49152e+02 2.43125e-04 5.95191e-06 5.95191e-06 1.16726e-06 1.16726e-06 
3.24882e+02 2.94341e-04 7.32630e-06 7.32630e-06 1.50089e-06 1.50089e-06 
3.02103e+02 3.61414e-04 8.83152e-06 8.83152e-06 1.66781e-06 1.66781e-06 
2.80838e+02 4.32176e-04 1.05030e-05 1.05030e-05 1.83479e-06 1.83479e-06 
2.61063e+02 5.26483e-04 1.28624e-05 1.28624e-05 2.16865e-06 2.16865e-06 
2.42491e+02 6.48356e-04 1.56913e-05 1.56913e-05 2.33582e-06 2.33582e-06 
1.39427e+04 1.44333e-08 1.84675e-09 1.84675e-09 1.31167e-09 1.31167e-09 
8.55711e+03 4.63834e-08 4.19103e-09 4.19103e-09 3.13334e-09 3.13334e-09 
5.78265e+03 1.25967e-07 7.98237e-09 7.98237e-09 3.26667e-09 3.26667e-09 
4.36208e+03 2.70501e-07 1.40129e-08 1.40129e-08 6.33335e-09 6.33335e-09 
3.48609e+03 4.91836e-07 2.16283e-08 2.16283e-08 1.03334e-08 1.03334e-08 
2.88704e+03 8.14340e-07 3.18772e-08 3.18772e-08 1.58335e-08 1.58335e-08 
2.45298e+03 1.19101e-06 4.33610e-08 4.33610e-08 2.23336e-08 2.23336e-08 
2.12194e+03 1.84836e-06 6.34657e-08 6.34657e-08 3.16671e-08 3.16671e-08 
1.85936e+03 2.56005e-06 8.29004e-08 8.29004e-08 4.16674e-08 4.16674e-08 
1.64724e+03 3.62842e-06 1.14130e-07 1.14130e-07 5.50013e-08 5.50013e-08 
1.47398e+03 4.77680e-06 1.45396e-07 1.45396e-07 6.83353e-08 6.83353e-08 
1.33041e+03 6.24855e-06 1.86383e-07 1.86383e-07 8.66697e-08 8.66697e-08 
1.20771e+03 7.93867e-06 2.31820e-07 2.31820e-07 1.05005e-07 1.05005e-07 
1.09987e+03 1.04339e-05 2.98251e-07 2.98251e-07 1.26673e-07 1.26673e-07 
1.00405e+03 1.32742e-05 3.72317e-07 3.72317e-07 1.51676e-07 1.51676e-07 
9.20242e+02 1.67179e-05 4.70555e-07 4.70555e-07 1.83347e-07 1.83347e-07 
8.45308e+02 2.14519e-05 5.91190e-07 5.91190e-07 2.16686e-07 2.16686e-07 
5.90960e+01 2.42885e-02 5.61140e-04 5.61140e-04 3.39462e-05 3.39462e-05 
5.43351e+01 2.98383e-02 6.83154e-04 6.83154e-04 5.10930e-05 5.10930e-05 
4.99438e+01 3.65781e-02 8.39496e-04 8.39496e-04 5.13016e-05 5.13016e-05 
4.58921e+01 4.45074e-02 1.01620e-03 1.01620e-03 6.87373e-05 6.87373e-05 
4.21525e+01 5.43116e-02 1.24757e-03 1.24757e-03 8.64284e-05 8.64284e-05 
3.87255e+01 6.56973e-02 1.51808e-03 1.51808e-03 1.04447e-04 1.04447e-04 
3.55814e+01 7.90890e-02 1.82994e-03 1.82994e-03 1.22891e-04 1.22891e-04 
3.26933e+01 9.50652e-02 2.22274e-03 2.22274e-03 1.59624e-04 1.59624e-04 
3.00618e+01 1.12864e-01 2.66463e-03 2.66463e-03 1.97502e-04 1.97502e-04 
2.76866e+01 1.33687e-01 3.17886e-03 3.17886e-03 2.36841e-04 2.36841e-04 
2.55387e+01 1.57204e-01 3.79199e-03 3.79199e-03 2.78072e-04 2.78072e-04 
2.35916e+01 1.85990e-01 4.57444e-03 4.57444e-03 3.40710e-04 3.40710e-04 
2.18448e+01 2.18274e-01 5.44644e-03 5.44644e-03 3.88043e-04 3.88043e-04 
2.02710e+01 2.54794e-01 6.62187e-03 6.62187e-03 5.99516e-04 5.99516e-04 
1.88705e+01 2.88056e-01 7.88807e-03 7.88807e-03 6.20811e-04 6.20811e-04 
1.76397e+01 3.11038e-01 9.07616e-03 9.07616e-03 6.46649e-04 6.46649e-04 
1.65526e+01 3.24264e-01 1.13424e-02 1.13424e-02 9.04501e-04 9.04501e-04 
2.25122e+02 7.86971e-04 1.88795e-05 1.88795e-05 2.66996e-06 2.66996e-06 
2.08954e+02 9.58706e-04 2.29196e-05 2.29196e-05 3.17121e-06 3.17121e-06 
1.93989e+02 1.16544e-03 2.77895e-05 2.77895e-05 3.67277e-06 3.67277e-06 
1.79916e+02 1.42108e-03 3.36578e-05 3.36578e-05 4.17473e-06 4.17473e-06 
1.66757e+02 1.73891e-03 4.04022e-05 4.04022e-05 5.01127e-06 5.01127e-06 
1.54489e+02 2.12724e-03 5.05750e-05 5.05750e-05 6.68419e-06 6.68419e-06 
1.42825e+02 2.61469e-03 6.05550e-05 6.05550e-05 6.68718e-06 6.68718e-06 
1.32076e+02 3.20316e-03 7.57333e-05 7.57333e-05 8.36334e-06 8.36334e-06 
1.22219e+02 3.92311e-03 9.09350e-05 9.09350e-05 1.00421e-05 1.00421e-05 
1.12966e+02 4.77008e-03 1.11163e-04 1.11163e-04 1.17242e-05 1.17242e-05 
1.04318e+02 5.83191e-03 1.34774e-04 1.34774e-04 1.34105e-05 1.34105e-05 
9.62738e+01 7.17016e-03 1.65300e-04 1.65300e-04 1.67802e-05 1.67802e-05 
8.88349e+01 8.75459e-03 2.02608e-04 2.02608e-04 2.01602e-05 2.01602e-05 
8.20009e+01 1.07285e-02 2.48428e-04 2.48428e-04 2.35532e-05 2.35532e-05 
7.57716e+01 1.30933e-02 3.01158e-04 3.01158e-04 2.69617e-05 2.69617e-05 
6.98384e+01 1.60131e-02 3.69332e-04 3.69332e-04 3.03918e-05 3.03918e-05 
6.42261e+01 1.97684e-02 4.58227e-04 4.58227e-04 3.38500e-05 3.38500e-05 
