credit: SSDC Cosmic Ray Database tools.asdc.asi.it/CosmicRays 
# rigidity [GV] - flux [] - flux_error_low [] - flux_error_high [] 
2.02915e+00   1.43400e+00   8.52722e-02   8.52722e-02   
2.26882e+00   1.44300e+00   7.15696e-02   7.15696e-02   
2.52853e+00   1.39200e+00   6.48145e-02   6.48145e-02   
2.81282e+00   1.27500e+00   5.69375e-02   5.69375e-02   
3.12264e+00   1.12500e+00   4.86043e-02   4.86043e-02   
3.45704e+00   9.82600e-01   4.13643e-02   4.13643e-02   
3.82152e+00   8.48000e-01   3.49922e-02   3.49922e-02   
4.21605e+00   7.33800e-01   2.98245e-02   2.98245e-02   
4.64521e+00   6.28600e-01   2.52516e-02   2.52516e-02   
5.11446e+00   5.36000e-01   2.13557e-02   2.13557e-02   
5.62378e+00   4.50500e-01   1.78401e-02   1.78401e-02   
6.17318e+00   3.77400e-01   1.48854e-02   1.48854e-02   
6.76724e+00   3.14200e-01   1.23636e-02   1.23636e-02   
7.41139e+00   2.59000e-01   1.01758e-02   1.01758e-02   
8.10563e+00   2.13900e-01   8.40190e-03   8.40190e-03   
8.85456e+00   1.75200e-01   6.88299e-03   6.88299e-03   
9.66360e+00   1.43100e-01   5.62431e-03   5.62431e-03   
1.05327e+01   1.16800e-01   4.59170e-03   4.59170e-03   
1.14804e+01   9.48400e-02   3.73263e-03   3.73263e-03   
1.24820e+01   7.77000e-02   3.06226e-03   3.06226e-03   
1.35299e+01   6.37700e-02   2.51633e-03   2.51633e-03   
1.46780e+01   5.21100e-02   2.05897e-03   2.05897e-03   
1.59262e+01   4.27300e-02   1.69087e-03   1.69087e-03   
1.72745e+01   3.47900e-02   1.37975e-03   1.37975e-03   
1.87230e+01   2.84800e-02   1.13204e-03   1.13204e-03   
2.02716e+01   2.34400e-02   9.33763e-04   9.33763e-04   
2.19204e+01   1.91500e-02   7.64908e-04   7.64908e-04   
2.37158e+01   1.56400e-02   6.26315e-04   6.26315e-04   
2.56650e+01   1.27300e-02   5.11661e-04   5.11661e-04   
2.77142e+01   1.04100e-02   4.19507e-04   4.19507e-04   
2.99103e+01   8.51000e-03   3.44171e-04   3.44171e-04   
3.22599e+01   6.98100e-03   2.83336e-04   2.83336e-04   
3.47563e+01   5.74400e-03   2.33986e-04   2.33986e-04   
3.74530e+01   4.71600e-03   1.92756e-04   1.92756e-04   
4.03499e+01   3.88600e-03   1.59383e-04   1.59383e-04   
4.34470e+01   3.15600e-03   1.29903e-04   1.29903e-04   
4.67444e+01   2.59100e-03   1.07058e-04   1.07058e-04   
5.02888e+01   2.16700e-03   8.98588e-05   8.98588e-05   
5.40868e+01   1.76500e-03   7.34535e-05   7.34535e-05   
5.81318e+01   1.45800e-03   6.08978e-05   6.08978e-05   
6.24772e+01   1.19500e-03   5.00785e-05   5.00785e-05   
6.71697e+01   9.72600e-04   4.09163e-05   4.09163e-05   
7.22158e+01   8.00300e-04   3.37892e-05   3.37892e-05   
7.76092e+01   6.63100e-04   2.80959e-05   2.80959e-05   
8.34030e+01   5.39100e-04   2.29179e-05   2.29179e-05   
8.96441e+01   4.47800e-04   1.91021e-05   1.91021e-05   
9.63857e+01   3.62900e-04   1.55315e-05   1.55315e-05   
1.03862e+02   2.98900e-04   1.28308e-05   1.28308e-05   
1.11871e+02   2.41200e-04   1.03851e-05   1.03851e-05   
1.20349e+02   2.00500e-04   8.66192e-06   8.66192e-06   
1.29827e+02   1.60200e-04   6.94329e-06   6.94329e-06   
1.40770e+02   1.28700e-04   5.59934e-06   5.59934e-06   
1.53252e+02   1.00300e-04   4.38211e-06   4.38211e-06   
1.67198e+02   7.96400e-05   3.49895e-06   3.49895e-06   
1.83146e+02   6.26000e-05   2.76967e-06   2.76967e-06   
2.01097e+02   4.76300e-05   2.12554e-06   2.12554e-06   
2.21509e+02   3.74900e-05   1.69186e-06   1.69186e-06   
2.45382e+02   2.86600e-05   1.31292e-06   1.31292e-06   
2.74162e+02   2.17700e-05   1.01809e-06   1.01809e-06   
3.09398e+02   1.53600e-05   7.39413e-07   7.39413e-07   
3.52976e+02   1.10900e-05   5.56865e-07   5.56865e-07   
4.07890e+02   7.14600e-06   3.81363e-07   3.81363e-07   
4.79711e+02   4.88600e-06   2.85062e-07   2.85062e-07   
5.78631e+02   2.95100e-06   1.95532e-07   1.95532e-07   
7.22647e+02   1.62300e-06   1.28155e-07   1.28155e-07   
9.54090e+02   7.55800e-07   7.53126e-08   7.53126e-08   
1.39579e+03   2.78300e-07   2.89087e-08   2.89087e-08   
2.26437e+03   8.66000e-08   1.35133e-08   1.35133e-08   
