#Source: SSDC
#Ref: 10.1016/j.physrep.2020.09.003 (2021PhR...894....1A)
#Experiment: AMS-02
#Quantity: C
#Units: rigidity(original)
#Url: https://tools.ssdc.asi.it/CosmicRays/
#Comments: 
2.03099e+00 1.62600e+00 5.60803e-02 5.60803e-02 3.00000e-03 3.00000e-03 
2.27076e+00 1.61300e+00 4.70956e-02 4.70956e-02 3.00000e-03 3.00000e-03 
2.53056e+00 1.54000e+00 4.21070e-02 4.21070e-02 3.00000e-03 3.00000e-03 
2.81508e+00 1.40400e+00 3.70540e-02 3.70540e-02 2.00000e-03 2.00000e-03 
3.12495e+00 1.23800e+00 3.10644e-02 3.10644e-02 2.00000e-03 2.00000e-03 
3.45955e+00 1.07700e+00 2.60768e-02 2.60768e-02 2.00000e-03 2.00000e-03 
3.82418e+00 9.24100e-01 2.23379e-02 2.23379e-02 1.30000e-03 1.30000e-03 
4.21886e+00 7.89700e-01 1.88322e-02 1.88322e-02 1.10000e-03 1.10000e-03 
4.64829e+00 6.70300e-01 1.57258e-02 1.57258e-02 9.00000e-04 9.00000e-04 
5.11777e+00 5.65300e-01 1.32185e-02 1.32185e-02 7.00000e-04 7.00000e-04 
5.62731e+00 4.71600e-01 1.09165e-02 1.09165e-02 6.00000e-04 6.00000e-04 
6.17690e+00 3.93100e-01 9.11373e-03 9.11373e-03 5.00000e-04 5.00000e-04 
6.77126e+00 3.24900e-01 7.51066e-03 7.51066e-03 4.00000e-04 4.00000e-04 
7.41568e+00 2.67000e-01 6.10737e-03 6.10737e-03 3.00000e-04 3.00000e-04 
8.11015e+00 2.19500e-01 5.00899e-03 5.00899e-03 3.00000e-04 3.00000e-04 
8.85942e+00 1.79500e-01 4.10488e-03 4.10488e-03 2.00000e-04 2.00000e-04 
9.66876e+00 1.46200e-01 3.40588e-03 3.40588e-03 2.00000e-04 2.00000e-04 
1.05382e+01 1.19300e-01 2.70740e-03 2.70740e-03 2.00000e-04 2.00000e-04 
1.14866e+01 9.69900e-02 2.23439e-03 2.23439e-03 1.40000e-04 1.40000e-04 
1.24877e+01 7.90600e-02 1.82464e-03 1.82464e-03 1.30000e-04 1.30000e-04 
1.35362e+01 6.49600e-02 1.49405e-03 1.49405e-03 1.10000e-04 1.10000e-04 
1.46849e+01 5.30300e-02 1.22332e-03 1.22332e-03 9.00000e-05 9.00000e-05 
1.59337e+01 4.32100e-02 1.00319e-03 1.00319e-03 8.00000e-05 8.00000e-05 
1.72825e+01 3.52100e-02 8.13019e-04 8.13019e-04 7.00000e-05 7.00000e-05 
1.87315e+01 2.87300e-02 6.62722e-04 6.62722e-04 6.00000e-05 6.00000e-05 
2.02806e+01 2.35100e-02 5.52268e-04 5.52268e-04 5.00000e-05 5.00000e-05 
2.19297e+01 1.92000e-02 4.51774e-04 4.51774e-04 4.00000e-05 4.00000e-05 
2.37266e+01 1.56600e-02 3.71214e-04 3.71214e-04 3.00000e-05 3.00000e-05 
2.56760e+01 1.27600e-02 3.01496e-04 3.01496e-04 3.00000e-05 3.00000e-05 
2.77255e+01 1.04300e-02 2.40832e-04 2.40832e-04 2.00000e-05 2.00000e-05 
2.99228e+01 8.49900e-03 2.00900e-04 2.00900e-04 1.90000e-05 1.90000e-05 
3.22725e+01 6.98900e-03 1.65873e-04 1.65873e-04 1.70000e-05 1.70000e-05 
3.47700e+01 5.74100e-03 1.36825e-04 1.36825e-04 1.50000e-05 1.50000e-05 
3.74678e+01 4.71800e-03 1.12752e-04 1.12752e-04 1.30000e-05 1.30000e-05 
4.03656e+01 3.86500e-03 9.26553e-05 9.26553e-05 1.10000e-05 1.10000e-05 
4.34637e+01 3.16000e-03 7.66551e-05 7.66551e-05 1.00000e-05 1.00000e-05 
4.67619e+01 2.60300e-03 6.35059e-05 6.35059e-05 8.00000e-06 8.00000e-06 
5.03081e+01 2.15400e-03 5.24690e-05 5.24690e-05 7.00000e-06 7.00000e-06 
5.41067e+01 1.76800e-03 4.35660e-05 4.35660e-05 7.00000e-06 7.00000e-06 
5.81533e+01 1.45900e-03 3.55106e-05 3.55106e-05 6.00000e-06 6.00000e-06 
6.25001e+01 1.18600e-03 2.94279e-05 2.94279e-05 5.00000e-06 5.00000e-06 
6.71949e+01 9.79900e-04 2.43822e-05 2.43822e-05 4.30000e-06 4.30000e-06 
7.22423e+01 8.03600e-04 2.01613e-05 2.01613e-05 3.80000e-06 3.80000e-06 
7.76378e+01 6.63000e-04 1.67287e-05 1.67287e-05 3.30000e-06 3.30000e-06 
8.34335e+01 5.39200e-04 1.37102e-05 1.37102e-05 2.90000e-06 2.90000e-06 
8.96774e+01 4.47500e-04 1.13780e-05 1.13780e-05 2.50000e-06 2.50000e-06 
9.64217e+01 3.61100e-04 9.26499e-06 9.26499e-06 2.20000e-06 2.20000e-06 
1.03905e+02 2.99000e-04 7.73692e-06 7.73692e-06 1.90000e-06 1.90000e-06 
1.11912e+02 2.42900e-04 6.33246e-06 6.33246e-06 1.70000e-06 1.70000e-06 
1.20396e+02 1.99200e-04 5.19230e-06 5.19230e-06 1.40000e-06 1.40000e-06 
1.29881e+02 1.61600e-04 4.27200e-06 4.27200e-06 1.20000e-06 1.20000e-06 
1.40842e+02 1.29900e-04 3.44819e-06 3.44819e-06 1.00000e-06 1.00000e-06 
1.53330e+02 1.00900e-04 2.72029e-06 2.72029e-06 8.00000e-07 8.00000e-07 
1.67293e+02 7.97900e-05 2.16622e-06 2.16622e-06 7.00000e-07 7.00000e-07 
1.83257e+02 6.20800e-05 1.70188e-06 1.70188e-06 5.80000e-07 5.80000e-07 
2.01224e+02 4.91800e-05 1.37058e-06 1.37058e-06 4.90000e-07 4.90000e-07 
2.21664e+02 3.70700e-05 1.05475e-06 1.05475e-06 3.90000e-07 3.90000e-07 
2.45576e+02 2.89200e-05 8.33847e-07 8.33847e-07 3.20000e-07 3.20000e-07 
2.74426e+02 2.15900e-05 6.40781e-07 6.40781e-07 2.50000e-07 2.50000e-07 
3.09744e+02 1.53500e-05 4.70106e-07 4.70106e-07 1.90000e-07 1.90000e-07 
3.53455e+02 1.09400e-05 3.49285e-07 3.49285e-07 1.40000e-07 1.40000e-07 
4.08553e+02 7.20500e-06 2.47455e-07 2.47455e-07 1.03000e-07 1.03000e-07 
4.80744e+02 4.95900e-06 1.84092e-07 1.84092e-07 7.30000e-08 7.30000e-08 
5.80317e+02 2.98200e-06 1.24615e-07 1.24615e-07 4.80000e-08 4.80000e-08 
7.25736e+02 1.63000e-06 8.04114e-08 8.04114e-08 2.90000e-08 2.90000e-08 
9.60941e+02 7.82500e-07 4.77821e-08 4.77821e-08 1.52000e-08 1.52000e-08 
1.41726e+03 3.01400e-07 2.31918e-08 2.31918e-08 1.45000e-08 1.45000e-08 
2.30632e+03 8.42300e-08 9.51608e-09 9.51608e-09 5.74000e-09 5.74000e-09 
