#Source: 
#Ref: 110.1103/PhysRevLett.125.251102 (2020PhRvL.125y1102A)
#Experiment: CALET
#Quantity: C
#Units: total Energy
#Url: 
#Comments: 
1.34700e+02 2.05917e-03 2.80079e-04 1.36829e-04 6.66667e-06 6.66667e-06 
1.69315e+02 1.14000e-03 1.27568e-04 5.68196e-05 4.16667e-06 4.16667e-06 
2.13317e+02 6.24333e-04 6.61371e-05 3.07824e-05 2.66667e-06 2.66667e-06 
2.68864e+02 3.41000e-04 2.95470e-05 1.89069e-05 1.66667e-06 1.66667e-06 
3.37957e+02 1.84000e-04 1.05557e-05 1.22148e-05 1.08333e-06 1.08333e-06 
4.25565e+02 9.90833e-05 6.03692e-06 7.44657e-06 6.66667e-07 6.66667e-07 
5.35848e+02 5.28417e-05 2.85436e-06 4.24469e-06 4.08333e-07 4.08333e-07 
6.74706e+02 2.90583e-05 1.71128e-06 2.27306e-06 2.58333e-07 2.58333e-07 
8.49388e+02 1.55917e-05 8.90732e-07 1.32717e-06 1.66667e-07 1.66667e-07 
1.06928e+03 8.70000e-06 4.95325e-07 6.42532e-07 1.08333e-07 1.08333e-07 
1.34646e+03 4.62083e-06 2.73284e-07 3.22684e-07 7.00000e-08 7.00000e-08 
1.69515e+03 2.44333e-06 1.55568e-07 2.15410e-07 4.41667e-08 4.41667e-08 
2.13387e+03 1.32500e-06 9.27661e-08 1.28171e-07 2.83333e-08 2.83333e-08 
2.68635e+03 7.40833e-07 5.80318e-08 6.60421e-08 1.90000e-08 1.90000e-08 
3.38199e+03 4.19583e-07 3.69658e-08 3.33974e-08 1.28333e-08 1.28333e-08 
4.25754e+03 2.34333e-07 2.18206e-08 2.22063e-08 8.33333e-09 8.33333e-09 
5.36022e+03 1.28667e-07 1.24861e-08 1.30141e-08 5.41667e-09 5.41667e-09 
6.74841e+03 7.30500e-08 7.05439e-09 7.89371e-09 3.60000e-09 3.60000e-09 
8.49549e+03 4.21083e-08 4.31766e-09 4.68200e-09 2.43333e-09 2.43333e-09 
1.06948e+04 2.31667e-08 2.51834e-09 3.20217e-09 1.58333e-09 1.58333e-09 
1.34641e+04 1.29583e-08 1.40287e-09 1.70335e-09 1.01667e-09 1.01667e-09 
1.98187e+04 5.07833e-09 5.79200e-10 8.73197e-10 4.81667e-10 4.81667e-10 
