#Source: CRDB
#Ref: Ahn et al., ApJ 707, 593 (2009) ()
#Experiment: CREAM-II
#Quantity: C
#Units: kinetic Energy per nucleon
#Url: https://lpsc.in2p3.fr/crdb
#Comments: 
8.78749e+01 1.67000e-04 2.14280e-05 2.14280e-05 1.30000e-05 1.30000e-05 
1.43091e+02 3.37000e-05 4.49730e-06 4.49730e-06 2.90000e-06 2.90000e-06 
2.30651e+02 9.42000e-06 1.15448e-06 1.15448e-06 6.40000e-07 6.40000e-07 
4.01019e+02 2.28000e-06 3.06731e-07 3.06731e-07 2.00000e-07 2.00000e-07 
6.97245e+02 5.17000e-07 8.21576e-08 8.21576e-08 6.30000e-08 6.30000e-08 
1.21146e+03 1.31000e-07 2.74689e-08 2.74689e-08 2.40000e-08 2.40000e-08 
2.10553e+03 3.60000e-08 1.06529e-08 1.35086e-08 1.00000e-08 1.30000e-08 
3.65943e+03 1.04000e-08 4.03923e-09 5.82713e-09 4.00000e-09 5.80000e-09 
7.86837e+03 1.49000e-09 6.35117e-10 9.83297e-10 6.30000e-10 9.80000e-10 
