#Source: CRDB
#Ref: 10.1088/0004-637X/707/1/593 (2009ApJ...707..593A)
#Experiment: CREAM-II
#Quantity: C
#Units: total Energy
#Url: https://lpsc.in2p3.fr/crdb
#Comments: 
1.06613e+03 1.39167e-05 1.78566e-06 1.78566e-06 1.08333e-06 1.08333e-06 
1.72849e+03 2.80833e-06 3.74775e-07 3.74775e-07 2.41667e-07 2.41667e-07 
2.77942e+03 7.85000e-07 9.62063e-08 9.62063e-08 5.33333e-08 5.33333e-08 
4.82383e+03 1.90000e-07 2.55610e-08 2.55610e-08 1.66667e-08 1.66667e-08 
8.37855e+03 4.30833e-08 6.84647e-09 6.84647e-09 5.25000e-09 5.25000e-09 
1.45492e+04 1.09167e-08 2.28908e-09 2.28908e-09 2.00000e-09 2.00000e-09 
2.52780e+04 3.00000e-09 8.87739e-10 1.12572e-09 8.33333e-10 1.08333e-09 
4.39248e+04 8.66667e-10 3.36603e-10 4.85594e-10 3.33333e-10 4.83333e-10 
9.44330e+04 1.24167e-10 5.29264e-11 8.19414e-11 5.25000e-11 8.16667e-11 
