#Source: CRDB
#Ref: 10.1088/0004-637X/791/2/93 (2014ApJ...791...93A)
#Experiment: PAMELA
#Quantity: C
#Units: total energy
#Url: https://lpsc.in2p3.fr/crdb
#Comments: converted from original table
5.15275e+01 3.33010e-02 1.78294e-03 1.78294e-03 5.12323e-04 5.12323e-04 
1.29908e+02 3.04167e-03 1.71796e-04 1.71796e-04 6.66667e-05 6.66667e-05 
6.40651e+01 1.93532e-02 1.02826e-03 1.02826e-03 3.04775e-04 3.04775e-04 
1.66987e+02 1.50833e-03 9.31695e-05 9.31695e-05 4.16667e-05 4.16667e-05 
8.06256e+01 1.09239e-02 5.85497e-04 5.85497e-04 1.85150e-04 1.85150e-04 
1.02189e+02 6.10385e-03 3.39543e-04 3.39543e-04 1.17382e-04 1.17382e-04 
2.15820e+02 7.50000e-04 4.85913e-05 4.85913e-05 2.50000e-05 2.50000e-05 
1.30288e+02 3.04481e-03 1.80184e-04 1.80184e-04 6.69188e-05 6.69188e-05 
2.78864e+02 3.83333e-04 3.00463e-05 3.00463e-05 1.66667e-05 1.66667e-05 
1.67069e+02 1.52012e-03 9.74037e-05 9.74037e-05 5.01138e-05 5.01138e-05 
4.12619e+02 1.39167e-04 8.24958e-06 8.24958e-06 5.83333e-06 5.83333e-06 
2.15398e+02 7.52695e-04 4.81398e-05 4.81398e-05 2.67031e-05 2.67031e-05 
2.78978e+02 3.86982e-04 2.73577e-05 2.73577e-05 1.66803e-05 1.66803e-05 
7.00737e+02 3.16667e-05 3.00463e-06 3.00463e-06 2.50000e-06 2.50000e-06 
4.13021e+02 1.40054e-04 8.33655e-06 8.33655e-06 6.66924e-06 6.66924e-06 
1.19428e+03 7.08333e-06 7.45356e-07 7.45356e-07 6.66667e-07 6.66667e-07 
6.99919e+02 3.20043e-05 2.68778e-06 2.68778e-06 2.33365e-06 2.33365e-06 
1.19284e+03 7.16700e-06 7.45391e-07 7.45391e-07 6.66698e-07 6.66698e-07 
1.72775e+01 4.38333e-01 2.26691e-02 2.26691e-02 6.66667e-03 6.66667e-03 
1.91876e+01 3.55833e-01 1.79892e-02 1.79892e-02 4.16667e-03 4.16667e-03 
2.16902e+01 2.75000e-01 1.37437e-02 1.37437e-02 3.33333e-03 3.33333e-03 
2.49130e+01 2.04167e-01 1.03078e-02 1.03078e-02 2.50000e-03 2.50000e-03 
2.91343e+01 1.34333e-01 6.69006e-03 6.69006e-03 1.58333e-03 1.58333e-03 
3.47327e+01 8.80833e-02 4.38590e-03 4.38590e-03 1.08333e-03 1.08333e-03 
1.72915e+01 4.39815e-01 2.28448e-02 2.28448e-02 6.56440e-03 6.56440e-03 
4.19944e+01 5.58333e-02 2.77013e-03 2.77013e-03 7.50000e-04 7.50000e-04 
1.91768e+01 3.56121e-01 1.69749e-02 1.69749e-02 4.11701e-03 4.11701e-03 
2.16454e+01 2.75712e-01 1.36769e-02 1.36769e-02 3.31713e-03 3.31713e-03 
5.15094e+01 3.32500e-02 1.74005e-03 1.74005e-03 5.00000e-04 5.00000e-04 
2.48845e+01 2.04294e-01 1.01999e-02 1.01999e-02 2.42984e-03 2.42984e-03 
6.40009e+01 1.93333e-02 1.05409e-03 1.05409e-03 3.33333e-04 3.33333e-04 
2.91123e+01 1.34428e-01 6.70477e-03 6.70477e-03 1.62615e-03 1.62615e-03 
3.46823e+01 8.80845e-02 4.35818e-03 4.35818e-03 1.05701e-03 1.05701e-03 
8.04080e+01 1.09167e-02 6.06676e-04 6.06676e-04 1.66667e-04 1.66667e-04 
4.19975e+01 5.58757e-02 2.85302e-03 2.85302e-03 6.91959e-04 6.91959e-04 
1.01939e+02 6.10000e-03 3.37474e-04 3.37474e-04 1.16667e-04 1.16667e-04 
