#Source: CRDB
#Ref: 10.1103/PhysRevLett.130.171002 (2023PhRvL.130q1002A)
#Experiment: CALET
#Y Quantity: H_He
#X Quantity: kineticEnergyPerNucleon
#Url: https://lpsc.in2p3.fr/crdb
#Comments: 
#Colums: x, y, y statistical errors, y systematic errors
7.944e+01 1.550e+01 1.000e-01 1.000e-01 2.000e-01 4.000e-01 
1.259e+02 1.470e+01 1.000e-01 1.000e-01 4.000e-01 2.000e-01 
1.995e+02 1.370e+01 2.000e-01 2.000e-01 7.000e-01 1.000e-01 
3.162e+02 1.260e+01 2.000e-01 2.000e-01 5.000e-01 2.000e-01 
5.012e+02 1.150e+01 1.000e-01 1.000e-01 5.000e-01 2.000e-01 
7.944e+02 1.060e+01 1.000e-01 1.000e-01 5.000e-01 3.000e-01 
1.259e+03 9.800e+00 1.000e-01 1.000e-01 4.000e-01 3.000e-01 
1.995e+03 9.500e+00 2.000e-01 2.000e-01 3.000e-01 2.000e-01 
3.162e+03 9.000e+00 2.000e-01 2.000e-01 2.000e-01 2.000e-01 
5.012e+03 8.300e+00 3.000e-01 3.000e-01 3.000e-01 3.000e-01 
7.943e+03 8.100e+00 4.000e-01 4.000e-01 4.000e-01 3.000e-01 
1.259e+04 7.900e+00 5.000e-01 5.000e-01 4.000e-01 3.000e-01 
1.995e+04 7.400e+00 7.000e-01 7.000e-01 5.000e-01 3.000e-01 
3.162e+04 6.300e+00 1.000e+00 1.000e+00 8.000e-01 3.000e-01 
5.012e+04 5.800e+00 1.300e+00 1.300e+00 1.300e+00 6.000e-01 
