#Source: CRDB
#Ref: 10.1103/PhysRevLett.125.251102 (2020PhRvL.125y1102A)
#Experiment: CALET
#Y Quantity: O
#X Quantity: kineticEnergyPerNucleon
#Url: https://lpsc.in2p3.fr/crdb
#Comments: 
#Colums: x, y, y statistical errors, y systematic errors
1.121e+01 2.479e-02 9.000e-05 9.000e-05 2.270e-03 1.070e-03 
1.409e+01 1.414e-02 5.000e-05 5.000e-05 1.080e-03 6.310e-04 
1.775e+01 7.977e-03 3.500e-05 3.500e-05 5.730e-04 3.460e-04 
2.237e+01 4.374e-03 2.200e-05 2.200e-05 2.720e-04 1.970e-04 
2.812e+01 2.381e-03 1.400e-05 1.400e-05 1.170e-04 1.160e-04 
3.541e+01 1.305e-03 9.000e-06 9.000e-06 7.100e-05 6.820e-05 
4.459e+01 7.074e-04 5.400e-06 5.400e-06 3.810e-05 3.690e-05 
5.614e+01 3.901e-04 3.500e-06 3.500e-06 1.940e-05 1.980e-05 
7.067e+01 2.134e-04 2.200e-06 2.200e-06 1.030e-05 1.060e-05 
8.897e+01 1.148e-04 1.400e-06 1.400e-06 5.520e-06 5.330e-06 
1.120e+02 6.250e-05 9.200e-07 9.200e-07 3.300e-06 2.840e-06 
1.410e+02 3.384e-05 5.800e-07 5.800e-07 1.840e-06 1.590e-06 
1.775e+02 1.836e-05 3.800e-07 3.800e-07 9.850e-07 8.230e-07 
2.235e+02 1.017e-05 2.500e-07 2.500e-07 5.580e-07 4.650e-07 
2.814e+02 5.577e-06 1.640e-07 1.640e-07 3.000e-07 2.870e-07 
3.542e+02 3.088e-06 1.060e-07 1.060e-07 1.830e-07 1.520e-07 
4.460e+02 1.821e-06 7.400e-08 7.400e-08 1.220e-07 9.600e-08 
5.615e+02 1.040e-06 5.000e-08 5.000e-08 6.650e-08 5.700e-08 
7.069e+02 5.744e-07 3.240e-08 3.240e-08 2.810e-08 3.500e-08 
8.899e+02 3.209e-07 2.190e-08 2.190e-08 1.680e-08 2.980e-08 
1.120e+03 1.745e-07 1.330e-08 1.330e-08 1.030e-08 1.890e-08 
1.638e+03 6.022e-08 6.130e-09 6.130e-09 3.580e-09 8.870e-09 
