#Source: SSDC
#Ref: 10.1126/sciadv.aax3793 (2019SciA....5.3793A)
#Experiment: CALET
#Y Quantity: H
#X Quantity: kineticEnergy
#Url: https://tools.ssdc.asi.it/CosmicRays/
#Comments: 
#Colums: x, y, y total errors, y statistical errors
5.614e+01 2.176e-01 1.335e-02 1.385e-02 1.200e-03 1.200e-03 
7.067e+01 1.157e-01 7.443e-03 7.841e-03 8.000e-04 8.000e-04 
8.897e+01 6.064e-02 4.157e-03 4.405e-03 4.700e-04 4.700e-04 
1.120e+02 3.153e-02 2.310e-03 2.458e-03 3.000e-04 3.000e-04 
1.410e+02 1.631e-02 1.215e-03 1.304e-03 1.900e-04 1.900e-04 
1.775e+02 8.558e-03 6.240e-04 6.614e-04 1.220e-04 1.220e-04 
2.235e+02 4.463e-03 3.216e-04 3.381e-04 7.800e-05 7.800e-05 
2.814e+02 2.345e-03 1.715e-04 1.791e-04 5.000e-05 5.000e-05 
3.542e+02 1.242e-03 1.081e-04 6.912e-05 4.000e-06 4.000e-06 
4.460e+02 6.565e-04 5.448e-05 3.542e-05 2.900e-06 2.900e-06 
5.615e+02 3.505e-04 2.866e-05 1.918e-05 1.800e-06 1.800e-06 
7.069e+02 1.907e-04 1.575e-05 1.116e-05 1.200e-06 1.200e-06 
8.899e+02 1.037e-04 8.438e-06 6.748e-06 8.000e-07 8.000e-07 
1.120e+03 5.665e-05 4.538e-06 3.763e-06 5.000e-07 5.000e-07 
1.410e+03 3.131e-05 2.254e-06 2.057e-06 3.300e-07 3.300e-07 
1.776e+03 1.772e-05 1.300e-06 1.124e-06 2.300e-07 2.300e-07 
2.235e+03 1.001e-05 7.453e-07 6.671e-07 1.500e-07 1.500e-07 
2.814e+03 5.531e-06 4.072e-07 4.102e-07 9.500e-08 9.500e-08 
3.543e+03 3.044e-06 2.250e-07 2.443e-07 6.300e-08 6.300e-08 
4.460e+03 1.661e-06 1.221e-07 1.536e-07 4.100e-08 4.100e-08 
5.615e+03 9.090e-07 7.014e-08 9.500e-08 2.660e-08 2.660e-08 
7.069e+03 5.056e-07 4.472e-08 5.172e-08 1.740e-08 1.740e-08 
8.899e+03 2.741e-07 2.643e-08 2.761e-08 1.150e-08 1.150e-08 
