#Source: SSDC
#Ref: 10.1103/PhysRevLett.125.251102 (2020PhRvL.125y1102A)
#Experiment: CALET
#Y Quantity: O
#X Quantity: kineticEnergy
#Url: https://tools.ssdc.asi.it/CosmicRays/
#Comments: 
#Colums: x, y, y total errors, y statistical errors
1.121e+01 2.479e-02 2.267e-03 1.072e-03 9.000e-05 9.000e-05 
1.409e+01 1.414e-02 1.083e-03 6.326e-04 5.000e-05 5.000e-05 
1.775e+01 7.977e-03 5.737e-04 3.474e-04 3.500e-05 3.500e-05 
2.237e+01 4.374e-03 2.731e-04 1.985e-04 2.200e-05 2.200e-05 
2.812e+01 2.381e-03 1.180e-04 1.172e-04 1.400e-05 1.400e-05 
3.541e+01 1.305e-03 7.160e-05 6.883e-05 9.000e-06 9.000e-06 
4.459e+01 7.074e-04 3.844e-05 3.726e-05 5.400e-06 5.400e-06 
5.614e+01 3.901e-04 1.972e-05 2.009e-05 3.500e-06 3.500e-06 
7.067e+01 2.134e-04 1.058e-05 1.086e-05 2.200e-06 2.200e-06 
8.897e+01 1.148e-04 5.690e-06 5.512e-06 1.400e-06 1.400e-06 
1.120e+02 6.250e-05 3.424e-06 2.986e-06 9.200e-07 9.200e-07 
1.410e+02 3.384e-05 1.926e-06 1.695e-06 5.800e-07 5.800e-07 
1.775e+02 1.836e-05 1.055e-06 9.063e-07 3.800e-07 3.800e-07 
2.235e+02 1.017e-05 6.114e-07 5.279e-07 2.500e-07 2.500e-07 
2.814e+02 5.577e-06 3.417e-07 3.301e-07 1.640e-07 1.640e-07 
3.542e+02 3.088e-06 2.118e-07 1.851e-07 1.060e-07 1.060e-07 
4.460e+02 1.821e-06 1.425e-07 1.212e-07 7.400e-08 7.400e-08 
5.615e+02 1.040e-06 8.318e-08 7.583e-08 5.000e-08 5.000e-08 
7.069e+02 5.744e-07 4.291e-08 4.769e-08 3.240e-08 3.240e-08 
8.899e+02 3.209e-07 2.758e-08 3.701e-08 2.190e-08 2.190e-08 
1.120e+03 1.745e-07 1.680e-08 2.308e-08 1.330e-08 1.330e-08 
