#Source: CRDB
#Ref: 10.1103/PhysRevLett.126.241101 (2021PhRvL.126x1101A)
#Experiment: CALET
#Y Quantity: Fe
#X Quantity: kineticEnergyPerNucleon
#Url: https://lpsc.in2p3.fr/crdb
#Comments: 
#Colums: x, y, y statistical errors, y systematic errors
1.121e+01 2.500e-03 3.000e-05 3.000e-05 2.820e-04 2.200e-04 
1.409e+01 1.610e-03 2.000e-05 2.000e-05 1.840e-04 1.420e-04 
1.775e+01 9.840e-04 1.000e-05 1.000e-05 1.000e-04 8.160e-05 
2.237e+01 5.770e-04 6.000e-06 6.000e-06 5.880e-05 4.460e-05 
2.812e+01 3.250e-04 4.000e-06 4.000e-06 3.540e-05 1.970e-05 
3.541e+01 1.790e-04 3.000e-06 3.000e-06 2.240e-05 1.120e-05 
4.459e+01 9.840e-05 1.600e-06 1.600e-06 9.510e-06 5.700e-06 
5.614e+01 5.610e-05 1.100e-06 1.100e-06 4.610e-06 3.130e-06 
7.067e+01 3.210e-05 7.000e-07 7.000e-07 1.710e-06 1.970e-06 
8.897e+01 1.780e-05 5.000e-07 5.000e-07 1.000e-06 1.220e-06 
1.120e+02 9.490e-06 2.800e-07 2.800e-07 5.160e-07 6.800e-07 
1.410e+02 5.350e-06 1.900e-07 1.900e-07 4.170e-07 2.980e-07 
1.775e+02 2.820e-06 1.200e-07 1.200e-07 2.340e-07 1.550e-07 
2.235e+02 1.550e-06 8.000e-08 8.000e-08 1.130e-07 8.540e-08 
2.814e+02 8.660e-07 5.200e-08 5.200e-08 8.040e-08 4.740e-08 
3.542e+02 4.720e-07 3.400e-08 3.400e-08 3.980e-08 2.750e-08 
4.460e+02 2.540e-07 2.100e-08 2.100e-08 1.520e-08 1.520e-08 
5.615e+02 1.440e-07 1.500e-08 1.500e-08 1.000e-08 9.430e-09 
7.069e+02 7.890e-08 9.500e-09 9.500e-09 5.220e-09 7.380e-09 
8.899e+02 4.320e-08 6.200e-09 6.200e-09 2.980e-09 5.050e-09 
1.120e+03 2.260e-08 4.000e-09 4.000e-09 2.080e-09 2.770e-09 
1.410e+03 1.270e-08 2.600e-09 2.600e-09 1.140e-09 9.220e-10 
1.776e+03 7.470e-09 1.880e-09 1.880e-09 1.150e-09 1.010e-09 
