#Source: CRDB
#Ref: 10.1103/PhysRevLett.130.171002 (2023PhRvL.130q1002A)
#Experiment: CALET
#Y Quantity: He
#X Quantity: kineticEnergy
#Url: https://lpsc.in2p3.fr/crdb
#Comments: 
#Colums: x, y, y statistical errors, y systematic errors
4.981e+01 1.812e-01 2.000e-03 2.000e-03 1.863e-02 1.119e-02 
7.895e+01 5.573e-02 4.400e-04 4.400e-04 5.027e-03 3.168e-03 
1.251e+02 1.637e-02 1.000e-04 1.000e-04 1.445e-03 9.405e-04 
1.983e+02 4.752e-03 2.600e-05 2.600e-05 4.007e-04 3.139e-04 
3.143e+02 1.354e-03 7.000e-06 7.000e-06 1.043e-04 9.847e-05 
4.981e+02 3.890e-04 2.000e-06 2.000e-06 2.553e-05 2.608e-05 
7.895e+02 1.142e-04 6.000e-07 6.000e-07 6.935e-06 7.860e-06 
1.251e+03 3.430e-05 2.000e-07 2.000e-07 1.973e-06 2.588e-06 
1.983e+03 1.063e-05 7.000e-08 7.000e-08 5.814e-07 7.849e-07 
3.143e+03 3.352e-06 3.000e-08 3.000e-08 1.751e-07 2.359e-07 
4.981e+03 1.074e-06 1.200e-08 1.200e-08 5.622e-08 7.684e-08 
7.895e+03 3.452e-07 5.200e-09 5.200e-09 1.815e-08 2.502e-08 
1.251e+04 1.128e-07 2.300e-09 2.300e-09 6.297e-09 8.544e-09 
1.983e+04 3.714e-08 1.020e-09 1.020e-09 2.318e-09 2.977e-09 
3.143e+04 1.195e-08 4.600e-10 4.600e-10 8.140e-10 1.123e-09 
4.981e+04 3.449e-09 1.920e-10 1.920e-10 2.140e-10 3.783e-10 
7.895e+04 9.997e-10 8.210e-11 8.210e-11 7.829e-11 1.510e-10 
1.251e+05 3.025e-10 3.690e-11 3.690e-11 2.040e-11 4.938e-11 
1.983e+05 8.707e-11 1.695e-11 1.695e-11 8.888e-12 1.689e-11 
