#Source: CRDB
#Ref: 10.1103/PhysRevLett.129.251103 (2022PhRvL.129y1103A)
#Experiment: CALET
#Y Quantity: B_C
#X Quantity: kineticEnergyPerNucleon
#Url: https://lpsc.in2p3.fr/crdb
#Comments: 
#Colums: x, y, y statistical errors, y systematic errors
9.165e+00 2.080e-01 1.000e-03 1.000e-03 4.000e-03 1.100e-02 
1.122e+01 1.970e-01 1.000e-03 1.000e-03 4.000e-03 9.000e-03 
1.411e+01 1.870e-01 1.000e-03 1.000e-03 3.000e-03 9.000e-03 
1.778e+01 1.710e-01 2.000e-03 2.000e-03 3.000e-03 8.000e-03 
2.241e+01 1.550e-01 2.000e-03 2.000e-03 3.000e-03 7.000e-03 
2.816e+01 1.460e-01 2.000e-03 2.000e-03 3.000e-03 3.000e-03 
3.546e+01 1.340e-01 2.000e-03 2.000e-03 2.000e-03 3.000e-03 
4.465e+01 1.230e-01 2.000e-03 2.000e-03 2.000e-03 3.000e-03 
5.623e+01 1.070e-01 3.000e-03 3.000e-03 2.000e-03 3.000e-03 
7.078e+01 9.800e-02 3.000e-03 3.000e-03 2.000e-03 2.000e-03 
8.911e+01 9.300e-02 3.000e-03 3.000e-03 2.000e-03 2.000e-03 
1.122e+02 9.100e-02 4.000e-03 4.000e-03 2.000e-03 2.000e-03 
1.413e+02 8.500e-02 5.000e-03 5.000e-03 2.000e-03 2.000e-03 
1.778e+02 8.000e-02 5.000e-03 5.000e-03 2.000e-03 2.000e-03 
2.239e+02 6.700e-02 6.000e-03 6.000e-03 2.000e-03 2.000e-03 
2.818e+02 5.700e-02 6.000e-03 6.000e-03 2.000e-03 4.000e-03 
3.548e+02 5.200e-02 7.000e-03 7.000e-03 2.000e-03 4.000e-03 
5.623e+02 5.700e-02 9.000e-03 9.000e-03 2.000e-03 5.000e-03 
1.000e+03 3.600e-02 1.100e-02 1.100e-02 1.000e-03 4.000e-03 
2.205e+03 4.000e-02 1.600e-02 1.600e-02 2.000e-03 5.000e-03 
