#Source: CRDB
#Ref: 10.1103/PhysRevLett.130.171002 (2023PhRvL.130q1002A)
#Experiment: CALET
#Y Quantity: H_He
#X Quantity: rigidity
#Url: https://lpsc.in2p3.fr/crdb
#Comments: 
#Colums: x, y, y statistical errors, y systematic errors
8.036e+01 4.690e+00 4.000e-02 4.000e-02 4.000e-02 1.200e-01 
1.268e+02 4.470e+00 4.000e-02 4.000e-02 8.000e-02 1.000e-01 
2.005e+02 4.320e+00 5.000e-02 5.000e-02 1.600e-01 5.000e-02 
3.172e+02 4.120e+00 6.000e-02 6.000e-02 1.300e-01 4.000e-02 
5.021e+02 3.920e+00 4.000e-02 4.000e-02 1.300e-01 5.000e-02 
7.953e+02 3.720e+00 4.000e-02 4.000e-02 1.400e-01 9.000e-02 
1.260e+03 3.590e+00 4.000e-02 4.000e-02 1.400e-01 1.200e-01 
1.996e+03 3.470e+00 5.000e-02 5.000e-02 1.100e-01 1.000e-01 
3.163e+03 3.320e+00 6.000e-02 6.000e-02 8.000e-02 1.000e-01 
5.013e+03 3.120e+00 8.000e-02 8.000e-02 9.000e-02 1.400e-01 
7.944e+03 3.010e+00 1.000e-01 1.000e-01 1.500e-01 1.400e-01 
1.259e+04 2.520e+00 1.100e-01 1.100e-01 1.400e-01 9.000e-02 
1.995e+04 2.300e+00 1.500e-01 1.500e-01 1.400e-01 8.000e-02 
3.162e+04 2.040e+00 2.400e-01 2.400e-01 2.900e-01 1.500e-01 
5.012e+04 1.850e+00 2.900e-01 2.900e-01 4.400e-01 2.800e-01 
