#Source: CRDB
#Ref: 10.1103/PhysRevLett.125.251102 (2020PhRvL.125y1102A)
#Experiment: CALET
#Y Quantity: C_O
#X Quantity: kineticEnergyPerNucleon
#Url: https://lpsc.in2p3.fr/crdb
#Comments: 
#Colums: x, y, y statistical errors, y systematic errors
1.122e+01 9.970e-01 5.000e-03 5.000e-03 1.900e-02 3.900e-02 
1.411e+01 9.670e-01 5.000e-03 5.000e-03 3.400e-02 1.300e-02 
1.778e+01 9.390e-01 6.000e-03 6.000e-03 2.600e-02 1.000e-02 
2.241e+01 9.350e-01 6.000e-03 6.000e-03 1.000e-02 9.000e-03 
2.816e+01 9.270e-01 8.000e-03 8.000e-03 6.000e-03 1.400e-02 
3.546e+01 9.110e-01 9.000e-03 9.000e-03 6.000e-03 2.000e-02 
4.465e+01 8.960e-01 1.000e-02 1.000e-02 9.000e-03 3.300e-02 
5.623e+01 8.940e-01 1.100e-02 1.100e-02 7.000e-03 1.600e-02 
7.078e+01 8.770e-01 1.300e-02 1.300e-02 8.000e-03 3.200e-02 
8.911e+01 9.090e-01 1.600e-02 1.600e-02 8.000e-03 3.100e-02 
1.122e+02 8.870e-01 1.900e-02 1.900e-02 4.000e-03 3.800e-02 
1.413e+02 8.660e-01 2.200e-02 2.200e-02 1.000e-02 6.100e-02 
1.778e+02 8.660e-01 2.600e-02 2.600e-02 8.000e-03 5.500e-02 
2.239e+02 8.740e-01 3.100e-02 3.100e-02 1.400e-02 4.300e-02 
2.818e+02 9.030e-01 3.800e-02 3.800e-02 4.500e-02 3.100e-02 
3.548e+02 9.100e-01 4.500e-02 4.500e-02 5.600e-02 5.500e-02 
4.467e+02 8.480e-01 5.000e-02 5.000e-02 6.400e-02 6.400e-02 
5.624e+02 8.430e-01 5.800e-02 5.800e-02 6.400e-02 5.100e-02 
7.080e+02 8.800e-01 7.100e-02 7.100e-02 6.100e-02 3.900e-02 
8.912e+02 8.660e-01 8.400e-02 8.400e-02 8.500e-02 6.300e-02 
1.122e+03 8.910e-01 9.700e-02 9.700e-02 9.200e-02 6.800e-02 
1.652e+03 1.012e+00 1.410e-01 1.410e-01 1.150e-01 6.500e-02 
