#Source: CRDB
#Ref: 10.1103/PhysRevLett.129.251103 (2022PhRvL.129y1103A)
#Experiment: CALET
#Y Quantity: B
#X Quantity: kineticEnergyPerNucleon
#Url: https://lpsc.in2p3.fr/crdb
#Comments: 
#Colums: x, y, y statistical errors, y systematic errors
9.157e+00 8.313e-03 4.500e-05 4.500e-05 5.082e-04 4.614e-04 
1.121e+01 4.811e-03 2.900e-05 2.900e-05 2.940e-04 2.514e-04 
1.409e+01 2.535e-03 1.800e-05 1.800e-05 1.548e-04 1.332e-04 
1.775e+01 1.285e-03 1.100e-05 1.100e-05 7.860e-05 6.815e-05 
2.237e+01 6.379e-04 6.500e-06 6.500e-06 3.904e-05 3.419e-05 
2.812e+01 3.219e-04 3.900e-06 3.900e-06 1.970e-05 1.699e-05 
3.541e+01 1.600e-04 2.400e-06 2.400e-06 8.633e-06 8.469e-06 
4.459e+01 7.846e-05 1.420e-06 1.420e-06 4.231e-06 4.157e-06 
5.614e+01 3.768e-05 8.500e-07 8.500e-07 1.926e-06 2.026e-06 
7.067e+01 1.859e-05 5.200e-07 5.200e-07 9.521e-07 1.011e-06 
8.897e+01 9.723e-06 3.350e-07 3.350e-07 5.047e-07 5.291e-07 
1.120e+02 5.026e-06 2.100e-07 2.100e-07 2.719e-07 2.788e-07 
1.410e+02 2.476e-06 1.300e-07 1.300e-07 1.374e-07 1.413e-07 
1.775e+02 1.273e-06 8.300e-08 8.300e-08 7.169e-08 7.272e-08 
2.235e+02 5.889e-07 4.830e-08 4.830e-08 3.346e-08 3.420e-08 
2.814e+02 2.795e-07 2.900e-08 2.900e-08 1.604e-08 3.077e-08 
3.542e+02 1.438e-07 1.890e-08 1.890e-08 8.431e-09 1.592e-08 
5.547e+02 5.010e-08 7.530e-09 7.530e-09 3.068e-09 6.784e-09 
9.938e+02 7.553e-09 2.253e-09 2.253e-09 4.698e-10 1.045e-09 
2.128e+03 1.328e-09 5.280e-10 5.280e-10 8.262e-11 1.839e-10 
