#Source: SSDC
#Ref: 10.1103/PhysRevLett.125.251102 (2020PhRvL.125y1102A)
#Experiment: CALET
#Y Quantity: C
#X Quantity: kineticEnergy
#Url: https://tools.ssdc.asi.it/CosmicRays/
#Comments: 
#Colums: x, y, y total errors, y statistical errors
1.121e+01 2.471e-02 2.514e-03 1.211e-03 8.000e-05 8.000e-05 
1.409e+01 1.368e-02 1.105e-03 5.989e-04 5.000e-05 5.000e-05 
1.775e+01 7.492e-03 5.690e-04 3.260e-04 3.200e-05 3.200e-05 
2.237e+01 4.092e-03 2.512e-04 1.834e-04 2.000e-05 2.000e-05 
2.812e+01 2.208e-03 1.027e-04 1.086e-04 1.300e-05 1.300e-05 
3.541e+01 1.189e-03 5.687e-05 6.410e-05 8.000e-06 8.000e-06 
4.459e+01 6.341e-04 2.911e-05 3.627e-05 4.900e-06 4.900e-06 
5.614e+01 3.487e-04 1.652e-05 1.951e-05 3.100e-06 3.100e-06 
7.067e+01 1.871e-04 8.817e-06 1.135e-05 2.000e-06 2.000e-06 
8.897e+01 1.044e-04 4.929e-06 5.617e-06 1.300e-06 1.300e-06 
1.120e+02 5.545e-05 2.694e-06 2.883e-06 8.400e-07 8.400e-07 
1.410e+02 2.932e-05 1.487e-06 1.866e-06 5.300e-07 5.300e-07 
1.775e+02 1.590e-05 8.615e-07 1.118e-06 3.400e-07 3.400e-07 
2.235e+02 8.890e-06 5.263e-07 5.831e-07 2.280e-07 2.280e-07 
2.814e+02 5.035e-06 3.327e-07 3.068e-07 1.540e-07 1.540e-07 
3.542e+02 2.812e-06 1.983e-07 2.013e-07 1.000e-07 1.000e-07 
4.460e+02 1.544e-06 1.155e-07 1.199e-07 6.500e-08 6.500e-08 
5.615e+02 8.766e-07 6.730e-08 7.391e-08 4.320e-08 4.320e-08 
7.069e+02 5.053e-07 4.208e-08 4.490e-08 2.920e-08 2.920e-08 
8.899e+02 2.780e-07 2.526e-08 3.106e-08 1.900e-08 1.900e-08 
1.120e+03 1.555e-07 1.478e-08 1.697e-08 1.220e-08 1.220e-08 
1.638e+03 6.094e-08 6.484e-09 8.821e-09 5.780e-09 5.780e-09 
