#Source: SSDC
#Ref: 10.1103/PhysRevLett.120.261102 (2017Natur.552...63D)
#Experiment: CALET
#Y Quantity: e+e-
#X Quantity: kineticEnergy
#Url: https://tools.ssdc.asi.it/CosmicRays/
#Comments: 
#Colums: x, y, y total errors, y statistical errors
1.136e+01 1.526e-01 1.031e-02 9.309e-03 4.000e-04 4.000e-04 
1.301e+01 9.930e-02 4.398e-03 5.337e-03 2.700e-04 2.700e-04 
1.490e+01 6.277e-02 2.587e-03 3.585e-03 1.900e-04 1.900e-04 
1.710e+01 4.028e-02 1.716e-03 2.504e-03 1.400e-04 1.400e-04 
1.954e+01 2.650e-02 1.184e-03 1.733e-03 1.000e-04 1.000e-04 
2.238e+01 1.701e-02 7.940e-04 1.133e-03 8.000e-05 8.000e-05 
2.567e+01 1.114e-02 5.334e-04 7.325e-04 6.000e-05 6.000e-05 
2.946e+01 7.059e-03 3.402e-04 4.499e-04 2.800e-05 2.800e-05 
3.384e+01 4.399e-03 1.872e-04 2.499e-04 2.100e-05 2.100e-05 
3.888e+01 2.854e-03 1.201e-04 1.528e-04 1.600e-05 1.600e-05 
4.466e+01 1.818e-03 7.595e-05 9.179e-05 1.200e-05 1.200e-05 
5.129e+01 1.182e-03 4.982e-05 5.672e-05 9.000e-06 9.000e-06 
5.886e+01 7.670e-04 3.248e-05 3.503e-05 6.600e-06 6.600e-06 
6.754e+01 4.988e-04 2.117e-05 2.156e-05 4.900e-06 4.900e-06 
7.755e+01 3.191e-04 1.397e-05 1.330e-05 3.600e-06 3.600e-06 
8.907e+01 2.072e-04 9.301e-06 8.443e-06 2.700e-06 2.700e-06 
1.023e+02 1.360e-04 6.325e-06 5.385e-06 2.000e-06 2.000e-06 
1.174e+02 8.810e-05 4.272e-06 3.534e-06 1.500e-06 1.500e-06 
1.348e+02 5.730e-05 2.955e-06 2.332e-06 1.200e-06 1.200e-06 
1.548e+02 3.800e-05 2.102e-06 1.664e-06 9.000e-07 9.000e-07 
1.777e+02 2.540e-05 1.476e-06 1.140e-06 7.000e-07 7.000e-07 
2.041e+02 1.630e-05 9.434e-07 7.810e-07 5.000e-07 5.000e-07 
2.343e+02 1.030e-05 6.403e-07 5.657e-07 4.000e-07 4.000e-07 
2.689e+02 6.880e-06 4.328e-07 3.754e-07 2.800e-07 2.800e-07 
3.088e+02 4.510e-06 2.900e-07 2.702e-07 2.100e-07 2.100e-07 
3.545e+02 2.850e-06 2.000e-07 1.942e-07 1.600e-07 1.600e-07 
4.071e+02 1.720e-06 1.304e-07 1.304e-07 1.100e-07 1.100e-07 
4.674e+02 1.120e-06 8.602e-08 8.602e-08 7.000e-08 7.000e-08 
5.366e+02 6.500e-07 6.530e-08 5.731e-08 5.000e-08 5.000e-08 
6.161e+02 4.490e-07 4.841e-08 4.494e-08 3.800e-08 3.800e-08 
7.074e+02 2.580e-07 3.329e-08 3.225e-08 2.800e-08 2.800e-08 
8.122e+02 1.870e-07 2.843e-08 2.555e-08 2.200e-08 2.200e-08 
9.325e+02 1.380e-07 2.220e-08 2.059e-08 1.800e-08 1.800e-08 
1.071e+03 9.310e-08 1.477e-08 1.574e-08 1.350e-08 1.350e-08 
1.229e+03 4.480e-08 9.301e-09 9.799e-09 8.900e-09 8.900e-09 
1.411e+03 1.670e-08 5.337e-09 5.536e-09 5.200e-09 5.200e-09 
1.621e+03 1.880e-08 5.385e-09 5.646e-09 5.200e-09 5.200e-09 
1.861e+03 1.250e-08 4.052e-09 4.254e-09 3.900e-09 3.900e-09 
2.136e+03 3.790e-09 2.177e-09 3.129e-09 2.040e-09 3.080e-09 
2.453e+03 3.060e-09 1.508e-09 2.348e-09 1.370e-09 2.290e-09 
2.816e+03 3.130e-09 1.755e-09 2.126e-09 1.630e-09 2.040e-09 
3.233e+03 1.050e-09 7.788e-10 1.447e-09 7.100e-10 1.430e-09 
3.712e+03 9.600e-10 7.064e-10 1.285e-09 6.450e-10 1.267e-09 
4.262e+03 8.290e-10 6.112e-10 1.142e-09 5.600e-10 1.121e-09 
