#Source: CRDB
#Ref: 10.1103/PhysRevLett.120.261102 (2018PhRvL.120z1102A)
#Experiment: CALET
#Y Quantity: e+e-
#X Quantity: totalEnergy
#Url: https://lpsc.in2p3.fr/crdb
#Comments: 
#Colums: x, y, y statistical errors, y systematic errors
1.122e+01 1.543e-01 4.000e-04 4.000e-04 1.060e-02 9.400e-03 
1.262e+01 1.065e-01 3.000e-04 3.000e-04 4.900e-03 5.700e-03 
1.417e+01 7.388e-02 2.300e-04 2.300e-04 3.050e-03 4.100e-03 
1.591e+01 5.073e-02 1.800e-04 1.800e-04 2.110e-03 3.020e-03 
1.786e+01 3.521e-02 1.400e-04 1.400e-04 1.520e-03 2.230e-03 
2.001e+01 2.468e-02 1.100e-04 1.100e-04 1.110e-03 1.620e-03 
2.245e+01 1.687e-02 8.000e-05 8.000e-05 7.900e-04 1.120e-03 
2.519e+01 1.171e-02 6.000e-05 6.000e-05 5.500e-04 7.700e-04 
2.829e+01 8.029e-03 3.400e-05 3.400e-05 3.850e-04 5.160e-04 
3.178e+01 5.413e-03 2.600e-05 2.600e-05 2.290e-04 3.130e-04 
3.567e+01 3.721e-03 2.000e-05 2.000e-05 1.570e-04 2.060e-04 
4.001e+01 2.612e-03 1.600e-05 1.600e-05 1.090e-04 1.370e-04 
4.485e+01 1.798e-03 1.300e-05 1.300e-05 7.500e-05 9.000e-05 
5.029e+01 1.255e-03 1.000e-05 1.000e-05 5.200e-05 6.000e-05 
5.647e+01 8.863e-04 7.800e-06 7.800e-06 3.670e-05 4.040e-05 
6.341e+01 6.157e-04 6.100e-06 6.100e-06 2.540e-05 2.660e-05 
7.114e+01 4.188e-04 4.800e-06 4.800e-06 1.740e-05 1.730e-05 
7.982e+01 2.984e-04 3.800e-06 3.800e-06 1.260e-05 1.190e-05 
8.955e+01 2.032e-04 3.000e-06 3.000e-06 8.700e-06 7.800e-06 
1.004e+02 1.450e-04 2.000e-06 2.000e-06 6.000e-06 5.000e-06 
1.127e+02 9.820e-05 1.800e-06 1.800e-06 4.500e-06 3.600e-06 
1.264e+02 6.980e-05 1.500e-06 1.500e-06 3.300e-06 2.500e-06 
1.419e+02 4.930e-05 1.200e-06 1.200e-06 2.400e-06 1.800e-06 
1.592e+02 3.470e-05 9.000e-07 9.000e-07 1.700e-06 1.200e-06 
1.786e+02 2.480e-05 7.000e-07 7.000e-07 1.200e-06 9.000e-07 
2.004e+02 1.690e-05 6.000e-07 6.000e-07 8.000e-07 6.000e-07 
2.249e+02 1.200e-05 4.000e-07 4.000e-07 6.000e-07 4.000e-07 
2.523e+02 8.060e-06 3.500e-07 3.500e-07 3.900e-07 2.900e-07 
2.831e+02 5.880e-06 2.800e-07 2.800e-07 2.700e-07 2.100e-07 
3.176e+02 4.050e-06 2.200e-07 2.200e-07 1.800e-07 1.500e-07 
3.564e+02 2.730e-06 1.700e-07 1.700e-07 1.100e-07 1.000e-07 
3.999e+02 1.740e-06 1.300e-07 1.300e-07 7.000e-08 7.000e-08 
4.487e+02 1.190e-06 1.000e-07 1.000e-07 5.000e-08 5.000e-08 
5.323e+02 6.900e-07 4.000e-08 4.000e-08 4.400e-08 2.900e-08 
6.702e+02 3.270e-07 2.500e-08 2.500e-08 2.200e-08 1.900e-08 
8.437e+02 1.740e-07 1.600e-08 1.600e-08 1.700e-08 1.200e-08 
1.062e+03 8.840e-08 1.020e-08 1.020e-08 5.700e-09 7.700e-09 
1.490e+03 2.040e-08 3.000e-09 3.000e-09 1.400e-09 2.300e-09 
2.362e+03 4.190e-09 1.140e-09 1.140e-09 8.500e-10 6.700e-10 
3.744e+03 9.360e-10 4.470e-10 5.370e-10 2.790e-10 2.110e-10 
