#Source: CRDB
#Ref: 10.1103/PhysRevLett.129.251103 (2022PhRvL.129y1103A)
#Experiment: CALET
#Y Quantity: C
#X Quantity: kineticEnergyPerNucleon
#Url: https://lpsc.in2p3.fr/crdb
#Comments: 
#Colums: x, y, y statistical errors, y systematic errors
9.157e+00 3.990e-02 1.000e-04 1.000e-04 3.883e-03 1.857e-03 
1.121e+01 2.440e-02 6.000e-05 6.000e-05 2.358e-03 1.138e-03 
1.409e+01 1.358e-02 4.000e-05 4.000e-05 1.315e-03 6.403e-04 
1.775e+01 7.496e-03 2.600e-05 2.600e-05 7.265e-04 3.531e-04 
2.237e+01 4.108e-03 1.600e-05 1.600e-05 3.977e-04 1.921e-04 
2.812e+01 2.211e-03 1.000e-05 1.000e-05 1.464e-04 1.036e-04 
3.541e+01 1.193e-03 6.000e-06 6.000e-06 5.993e-05 5.554e-05 
4.459e+01 6.385e-04 4.000e-06 4.000e-06 3.221e-05 2.991e-05 
5.614e+01 3.520e-04 2.500e-06 2.500e-06 1.785e-05 1.654e-05 
7.067e+01 1.888e-04 1.600e-06 1.600e-06 9.527e-06 8.829e-06 
8.897e+01 1.045e-04 1.100e-06 1.100e-06 5.323e-06 4.924e-06 
1.120e+02 5.523e-05 6.700e-07 6.700e-07 2.804e-06 2.598e-06 
1.410e+02 2.930e-05 4.300e-07 4.300e-07 1.489e-06 1.476e-06 
1.775e+02 1.589e-05 2.800e-07 2.800e-07 8.096e-07 8.096e-07 
2.235e+02 8.830e-06 1.860e-07 1.860e-07 4.481e-07 4.434e-07 
2.814e+02 4.931e-06 1.220e-07 1.220e-07 2.500e-07 2.513e-07 
3.542e+02 2.750e-06 8.200e-08 8.200e-08 1.391e-07 1.453e-07 
5.547e+02 8.770e-07 3.050e-08 3.050e-08 4.454e-08 7.295e-08 
9.938e+02 2.070e-07 1.240e-08 1.240e-08 1.047e-08 2.246e-08 
2.128e+03 3.325e-08 2.520e-09 2.520e-09 1.761e-09 3.615e-09 
