#Source: SSDC
#Ref: 10.1103/PhysRevLett.126.241101 (2021PhRvL.126x1101A)
#Experiment: CALET
#Y Quantity: Fe
#X Quantity: kineticEnergy
#Url: https://tools.ssdc.asi.it/CosmicRays/
#Comments: 
#Colums: x, y, y total errors, y statistical errors
1.121e+01 2.500e-03 2.834e-04 2.222e-04 3.000e-05 3.000e-05 
1.409e+01 1.610e-03 1.847e-04 1.435e-04 2.000e-05 2.000e-05 
1.775e+01 9.840e-04 1.007e-04 8.218e-05 1.000e-05 1.000e-05 
2.237e+01 5.770e-04 5.914e-05 4.495e-05 6.000e-06 6.000e-06 
2.812e+01 3.250e-04 3.559e-05 2.010e-05 4.000e-06 4.000e-06 
3.541e+01 1.790e-04 2.256e-05 1.158e-05 3.000e-06 3.000e-06 
4.459e+01 9.840e-05 9.647e-06 5.921e-06 1.600e-06 1.600e-06 
5.614e+01 5.610e-05 4.739e-06 3.320e-06 1.100e-06 1.100e-06 
7.067e+01 3.210e-05 1.850e-06 2.093e-06 7.000e-07 7.000e-07 
8.897e+01 1.780e-05 1.123e-06 1.319e-06 5.000e-07 5.000e-07 
1.120e+02 9.490e-06 5.872e-07 7.355e-07 2.800e-07 2.800e-07 
1.410e+02 5.350e-06 4.585e-07 3.537e-07 1.900e-07 1.900e-07 
1.775e+02 2.820e-06 2.632e-07 1.962e-07 1.200e-07 1.200e-07 
2.235e+02 1.550e-06 1.385e-07 1.170e-07 8.000e-08 8.000e-08 
2.814e+02 8.660e-07 9.579e-08 7.035e-08 5.200e-08 5.200e-08 
3.542e+02 4.720e-07 5.236e-08 4.374e-08 3.400e-08 3.400e-08 
4.460e+02 2.540e-07 2.594e-08 2.594e-08 2.100e-08 2.100e-08 
5.615e+02 1.440e-07 1.803e-08 1.772e-08 1.500e-08 1.500e-08 
7.069e+02 7.890e-08 1.084e-08 1.203e-08 9.500e-09 9.500e-09 
8.899e+02 4.320e-08 6.880e-09 7.999e-09 6.200e-09 6.200e-09 
1.120e+03 2.260e-08 4.509e-09 4.867e-09 4.000e-09 4.000e-09 
1.410e+03 1.270e-08 2.839e-09 2.759e-09 2.600e-09 2.600e-09 
