#Source: SSDC
#Ref: 10.1016/j.physrep.2020.09.003 (2021PhR...894....1A)
#Experiment: AMS-02
#Quantity: C/O
#Units: rigidity(original)
#Url: https://tools.ssdc.asi.it/CosmicRays/
#Comments: 
2.27156e+00 1.01600e+00 2.61725e-02 2.61725e-02 3.00000e-03 3.00000e-03 
2.53140e+00 1.04800e+00 2.41868e-02 2.41868e-02 3.00000e-03 3.00000e-03 
2.81601e+00 1.05600e+00 2.30868e-02 2.30868e-02 2.00000e-03 2.00000e-03 
3.12591e+00 1.05800e+00 2.20907e-02 2.20907e-02 2.00000e-03 2.00000e-03 
3.46058e+00 1.06400e+00 2.10950e-02 2.10950e-02 2.00000e-03 2.00000e-03 
3.82528e+00 1.06500e+00 2.10950e-02 2.10950e-02 2.00000e-03 2.00000e-03 
4.22002e+00 1.07200e+00 2.00998e-02 2.00998e-02 2.00000e-03 2.00000e-03 
4.64956e+00 1.07500e+00 2.00998e-02 2.00998e-02 2.00000e-03 2.00000e-03 
5.11914e+00 1.07500e+00 2.00998e-02 2.00998e-02 2.00000e-03 2.00000e-03 
5.62877e+00 1.07300e+00 2.00998e-02 2.00998e-02 2.00000e-03 2.00000e-03 
6.17843e+00 1.07400e+00 2.00998e-02 2.00998e-02 2.00000e-03 2.00000e-03 
6.77291e+00 1.06800e+00 1.91050e-02 1.91050e-02 2.00000e-03 2.00000e-03 
7.41744e+00 1.06400e+00 1.91050e-02 1.91050e-02 2.00000e-03 2.00000e-03 
8.11202e+00 1.05800e+00 1.91050e-02 1.91050e-02 2.00000e-03 2.00000e-03 
8.86142e+00 1.05100e+00 1.91050e-02 1.91050e-02 2.00000e-03 2.00000e-03 
9.67088e+00 1.04200e+00 1.91050e-02 1.91050e-02 2.00000e-03 2.00000e-03 
1.05404e+01 1.04000e+00 1.91050e-02 1.91050e-02 2.00000e-03 2.00000e-03 
1.14891e+01 1.02900e+00 1.91050e-02 1.91050e-02 2.00000e-03 2.00000e-03 
1.24900e+01 1.02000e+00 1.91050e-02 1.91050e-02 2.00000e-03 2.00000e-03 
1.35388e+01 1.02000e+00 1.91050e-02 1.91050e-02 2.00000e-03 2.00000e-03 
1.46877e+01 1.01900e+00 1.92354e-02 1.92354e-02 3.00000e-03 3.00000e-03 
1.59367e+01 1.01000e+00 1.92354e-02 1.92354e-02 3.00000e-03 3.00000e-03 
1.72858e+01 1.00600e+00 1.92354e-02 1.92354e-02 3.00000e-03 3.00000e-03 
1.87350e+01 9.99000e-01 1.92354e-02 1.92354e-02 3.00000e-03 3.00000e-03 
2.02842e+01 9.97000e-01 1.92354e-02 1.92354e-02 3.00000e-03 3.00000e-03 
2.19335e+01 9.90000e-01 1.92354e-02 1.92354e-02 3.00000e-03 3.00000e-03 
2.37310e+01 9.88000e-01 1.92354e-02 1.92354e-02 3.00000e-03 3.00000e-03 
2.56805e+01 9.84000e-01 1.92354e-02 1.92354e-02 3.00000e-03 3.00000e-03 
2.77301e+01 9.81000e-01 1.92354e-02 1.92354e-02 3.00000e-03 3.00000e-03 
2.99279e+01 9.66000e-01 1.92354e-02 1.92354e-02 3.00000e-03 3.00000e-03 
3.22777e+01 9.63000e-01 1.92354e-02 1.92354e-02 3.00000e-03 3.00000e-03 
3.47757e+01 9.63000e-01 1.92354e-02 1.92354e-02 3.00000e-03 3.00000e-03 
3.74739e+01 9.56000e-01 1.94165e-02 1.94165e-02 4.00000e-03 4.00000e-03 
4.03721e+01 9.60000e-01 2.03961e-02 2.03961e-02 4.00000e-03 4.00000e-03 
4.34706e+01 9.47000e-01 2.03961e-02 2.03961e-02 4.00000e-03 4.00000e-03 
4.67691e+01 9.43000e-01 2.03961e-02 2.03961e-02 4.00000e-03 4.00000e-03 
5.03160e+01 9.45000e-01 2.06155e-02 2.06155e-02 5.00000e-03 5.00000e-03 
5.41149e+01 9.42000e-01 2.06155e-02 2.06155e-02 5.00000e-03 5.00000e-03 
5.81621e+01 9.49000e-01 2.06155e-02 2.06155e-02 5.00000e-03 5.00000e-03 
6.25095e+01 9.31000e-01 2.08806e-02 2.08806e-02 6.00000e-03 6.00000e-03 
6.72054e+01 9.38000e-01 2.18403e-02 2.18403e-02 6.00000e-03 6.00000e-03 
7.22532e+01 9.42000e-01 2.18403e-02 2.18403e-02 6.00000e-03 6.00000e-03 
7.76495e+01 9.39000e-01 2.21359e-02 2.21359e-02 7.00000e-03 7.00000e-03 
8.34461e+01 9.25000e-01 2.21359e-02 2.21359e-02 7.00000e-03 7.00000e-03 
8.96911e+01 9.36000e-01 2.34094e-02 2.34094e-02 8.00000e-03 8.00000e-03 
9.64365e+01 9.23000e-01 2.34094e-02 2.34094e-02 8.00000e-03 8.00000e-03 
1.03923e+02 9.30000e-01 2.34094e-02 2.34094e-02 8.00000e-03 8.00000e-03 
1.11929e+02 9.19000e-01 2.37697e-02 2.37697e-02 9.00000e-03 9.00000e-03 
1.20416e+02 9.16000e-01 2.37697e-02 2.37697e-02 9.00000e-03 9.00000e-03 
1.29904e+02 9.17000e-01 2.41661e-02 2.41661e-02 1.00000e-02 1.00000e-02 
1.40872e+02 9.18000e-01 2.50799e-02 2.50799e-02 1.00000e-02 1.00000e-02 
1.53362e+02 9.08000e-01 2.54951e-02 2.54951e-02 1.10000e-02 1.10000e-02 
1.67332e+02 9.05000e-01 2.54951e-02 2.54951e-02 1.10000e-02 1.10000e-02 
1.83303e+02 8.95000e-01 2.59422e-02 2.59422e-02 1.20000e-02 1.20000e-02 
2.01276e+02 9.05000e-01 2.72947e-02 2.72947e-02 1.30000e-02 1.30000e-02 
2.21727e+02 8.92000e-01 2.72947e-02 2.72947e-02 1.30000e-02 1.30000e-02 
2.45656e+02 9.20000e-01 2.86531e-02 2.86531e-02 1.40000e-02 1.40000e-02 
2.74534e+02 9.12000e-01 3.00167e-02 3.00167e-02 1.50000e-02 1.50000e-02 
3.09887e+02 9.03000e-01 3.05287e-02 3.05287e-02 1.60000e-02 1.60000e-02 
3.53652e+02 9.12000e-01 3.27567e-02 3.27567e-02 1.70000e-02 1.70000e-02 
4.08826e+02 8.92000e-01 3.32866e-02 3.32866e-02 1.80000e-02 1.80000e-02 
4.81170e+02 9.68000e-01 3.91152e-02 3.91152e-02 2.10000e-02 2.10000e-02 
5.81012e+02 9.39000e-01 4.04969e-02 4.04969e-02 2.20000e-02 2.20000e-02 
7.27012e+02 9.39000e-01 4.49444e-02 4.49444e-02 2.40000e-02 2.40000e-02 
9.63774e+02 8.97000e-01 4.97393e-02 4.97393e-02 2.50000e-02 2.50000e-02 
1.42618e+03 9.35000e-01 8.10247e-02 8.10247e-02 6.60000e-02 6.60000e-02 
2.32379e+03 9.38000e-01 1.09604e-01 1.09604e-01 9.30000e-02 9.30000e-02 
