# credit: SSDC Cosmic Ray Database tools.asdc.asi.it/CosmicRays 
# rigidity [GV] - flux [] - flux_error_low [] - flux_error_high [] 
2.27500e+00   1.04200e+00   2.65020e-02   2.65020e-02   
2.53500e+00   1.07500e+00   2.49189e-02   2.49189e-02   
2.82000e+00   1.07600e+00   2.33658e-02   2.33658e-02   
3.13000e+00   1.05600e+00   2.17700e-02   2.17700e-02   
3.46500e+00   1.04900e+00   2.07644e-02   2.07644e-02   
3.83000e+00   1.04100e+00   1.99782e-02   1.99782e-02   
4.22500e+00   1.04800e+00   1.96688e-02   1.96688e-02   
4.65500e+00   1.05000e+00   1.93822e-02   1.93822e-02   
5.12500e+00   1.05600e+00   1.92771e-02   1.92771e-02   
5.63500e+00   1.05600e+00   1.91407e-02   1.91407e-02   
6.18500e+00   1.05700e+00   1.91073e-02   1.91073e-02   
6.78000e+00   1.05900e+00   1.91550e-02   1.91550e-02   
7.42500e+00   1.05700e+00   1.91342e-02   1.91342e-02   
8.12000e+00   1.05300e+00   1.91023e-02   1.91023e-02   
8.87000e+00   1.04500e+00   1.89888e-02   1.89888e-02   
9.68000e+00   1.03700e+00   1.89165e-02   1.89165e-02   
1.05500e+01   1.03200e+00   1.89032e-02   1.89032e-02   
1.15000e+01   1.02100e+00   1.87859e-02   1.87859e-02   
1.25000e+01   1.01300e+00   1.87351e-02   1.87351e-02   
1.35500e+01   1.00600e+00   1.86967e-02   1.86967e-02   
1.47000e+01   1.00600e+00   1.87967e-02   1.87967e-02   
1.59500e+01   9.96400e-01   1.87241e-02   1.87241e-02   
1.73000e+01   9.89000e-01   1.86982e-02   1.86982e-02   
1.87500e+01   9.83600e-01   1.87232e-02   1.87232e-02   
2.03000e+01   9.84300e-01   1.88692e-02   1.88692e-02   
2.19500e+01   9.79700e-01   1.89100e-02   1.89100e-02   
2.37500e+01   9.69400e-01   1.88413e-02   1.88413e-02   
2.57000e+01   9.65700e-01   1.89274e-02   1.89274e-02   
2.77500e+01   9.62300e-01   1.90362e-02   1.90362e-02   
2.99500e+01   9.53400e-01   1.90352e-02   1.90352e-02   
3.23000e+01   9.48000e-01   1.91379e-02   1.91379e-02   
3.48000e+01   9.46600e-01   1.93156e-02   1.93156e-02   
3.75000e+01   9.44900e-01   1.95179e-02   1.95179e-02   
4.04000e+01   9.52500e-01   1.99284e-02   1.99284e-02   
4.35000e+01   9.35500e-01   1.98440e-02   1.98440e-02   
4.68000e+01   9.30900e-01   2.00419e-02   2.00419e-02   
5.03500e+01   9.36300e-01   2.04329e-02   2.04329e-02   
5.41500e+01   9.24600e-01   2.05113e-02   2.05113e-02   
5.82000e+01   9.36100e-01   2.10989e-02   2.10989e-02   
6.25500e+01   9.25800e-01   2.12116e-02   2.12116e-02   
6.72500e+01   9.14300e-01   2.12977e-02   2.12977e-02   
7.23000e+01   9.29400e-01   2.20698e-02   2.20698e-02   
7.77000e+01   9.26100e-01   2.23795e-02   2.23795e-02   
8.35000e+01   9.08600e-01   2.23917e-02   2.23917e-02   
8.97500e+01   9.28600e-01   2.33287e-02   2.33287e-02   
9.65000e+01   9.20600e-01   2.36267e-02   2.36267e-02   
1.04000e+02   9.22200e-01   2.40339e-02   2.40339e-02   
1.12000e+02   9.01300e-01   2.42161e-02   2.42161e-02   
1.20500e+02   9.18900e-01   2.51330e-02   2.51330e-02   
1.30000e+02   8.99400e-01   2.51499e-02   2.51499e-02   
1.41000e+02   8.88000e-01   2.51719e-02   2.51719e-02   
1.53500e+02   8.94100e-01   2.62028e-02   2.62028e-02   
1.67500e+02   8.94400e-01   2.68249e-02   2.68249e-02   
1.83500e+02   8.89700e-01   2.74496e-02   2.74496e-02   
2.01500e+02   8.53500e-01   2.72524e-02   2.72524e-02   
2.22000e+02   8.94900e-01   2.95223e-02   2.95223e-02   
2.46000e+02   9.04200e-01   3.08347e-02   3.08347e-02   
2.75000e+02   9.18600e-01   3.22730e-02   3.22730e-02   
3.10500e+02   9.01100e-01   3.31372e-02   3.31372e-02   
3.54500e+02   9.06800e-01   3.47855e-02   3.47855e-02   
4.10000e+02   8.68900e-01   3.55736e-02   3.55736e-02   
4.83000e+02   9.29600e-01   4.03466e-02   4.03466e-02   
5.84000e+02   9.45200e-01   4.46108e-02   4.46108e-02   
7.32500e+02   9.27400e-01   4.84397e-02   4.84397e-02   
9.76000e+02   8.71300e-01   5.20884e-02   5.20884e-02   
1.46500e+03   8.44900e-01   9.27361e-02   9.27361e-02   
2.40000e+03   8.96500e-01   1.31630e-01   1.31630e-01   
