#Source: CRDB
#Ref: 10.3847/1538-4357/aa68e4 (2017ApJ...839....5Y)
#Experiment: CREAM (III)
#Y Quantity: He
#X Quantity: kineticEnergyPerNucleon
#Url: https://lpsc.in2p3.fr/crdb
#Comments: 
#Colums: x, y, y total errors, y statistical errors
4.981e+04 2.200e-10 8.000e-11 1.100e-10 1.045e-11 1.045e-11 
3.141e+04 8.500e-10 2.000e-10 2.300e-10 4.038e-11 4.038e-11 
1.979e+04 3.000e-09 7.000e-10 7.000e-10 1.425e-10 1.425e-10 
1.249e+04 9.400e-09 1.700e-09 1.700e-09 4.465e-10 4.465e-10 
7.895e+03 3.600e-08 4.100e-09 4.100e-09 1.710e-09 1.710e-09 
4.981e+03 1.190e-07 1.000e-08 1.000e-08 5.652e-09 5.652e-09 
3.141e+03 3.850e-07 2.200e-08 2.200e-08 1.829e-08 1.829e-08 
1.979e+03 1.300e-06 5.000e-08 5.000e-08 6.175e-08 6.175e-08 
1.249e+03 4.310e-06 1.200e-07 1.200e-07 2.047e-07 2.047e-07 
7.895e+02 1.370e-05 3.000e-07 3.000e-07 6.507e-07 6.507e-07 
4.981e+02 4.350e-05 8.000e-07 8.000e-07 2.066e-06 2.066e-06 
3.141e+02 1.380e-04 2.000e-06 2.000e-06 6.555e-06 6.555e-06 
