#Source: CRDB
#Ref: 10.1016/j.scib.2022.10.002 (2022SciBu..67.2162D)
#Experiment: DAMPE
#Y Quantity: B_O
#X Quantity: kineticEnergyPerNucleon
#Url: https://lpsc.in2p3.fr/crdb
#Comments: 
#Colums: x, y, y statistical errors, y systematic errors
1.257e+01 1.882e-01 2.500e-03 2.500e-03 1.190e-02 1.190e-02 
1.991e+01 1.546e-01 8.000e-04 8.000e-04 8.100e-03 8.100e-03 
3.161e+01 1.290e-01 7.000e-04 7.000e-04 6.800e-03 6.800e-03 
5.011e+01 1.084e-01 8.000e-04 8.000e-04 5.700e-03 5.700e-03 
7.944e+01 9.270e-02 1.000e-03 1.000e-03 4.900e-03 4.900e-03 
1.257e+02 8.030e-02 1.200e-03 1.200e-03 4.200e-03 4.200e-03 
1.991e+02 7.220e-02 1.700e-03 1.700e-03 3.800e-03 3.800e-03 
3.161e+02 6.780e-02 2.400e-03 2.400e-03 4.300e-03 4.300e-03 
5.011e+02 6.520e-02 3.400e-03 3.400e-03 4.100e-03 4.100e-03 
7.944e+02 5.880e-02 4.500e-03 4.500e-03 4.100e-03 4.100e-03 
1.333e+03 5.290e-02 5.900e-03 5.900e-03 3.900e-03 3.900e-03 
2.371e+03 4.990e-02 8.300e-03 8.300e-03 4.100e-03 4.100e-03 
4.217e+03 5.320e-02 1.410e-02 1.410e-02 5.500e-03 5.500e-03 
