#Source: mytables
#Ref: 10.1103/PhysRevLett.126.201102 (2021PhRvL.126t1102A)
#Experiment: DAMPE
#Y Quantity: He
#X Quantity: totalEnergy
#Url: 
#Comments: 
#Colums: x, y, y total errors, y statistical errors
7.952e+01 5.261e-02 7.453e-03 7.453e-03 2.500e-04 2.500e-04 
1.078e+02 2.369e-02 3.356e-03 3.356e-03 1.000e-04 1.000e-04 
1.462e+02 1.066e-02 1.514e-03 1.514e-03 4.000e-05 4.000e-05 
1.992e+02 4.658e-03 6.600e-04 6.600e-04 1.500e-05 1.500e-05 
2.708e+02 2.022e-03 2.863e-04 2.863e-04 7.000e-06 7.000e-06 
3.686e+02 8.846e-04 1.305e-04 1.305e-04 3.100e-06 3.100e-06 
5.011e+02 3.894e-04 5.156e-05 5.156e-05 1.400e-06 1.400e-06 
6.810e+02 1.727e-04 2.287e-05 2.287e-05 7.000e-07 7.000e-07 
9.256e+02 7.674e-05 1.017e-05 1.017e-05 3.400e-07 3.400e-07 
1.258e+03 3.422e-05 4.540e-06 4.540e-06 1.700e-07 1.700e-07 
1.709e+03 1.549e-05 2.055e-06 2.055e-06 9.000e-08 9.000e-08 
2.324e+03 7.161e-06 1.147e-06 1.147e-06 4.800e-08 4.800e-08 
3.158e+03 3.348e-06 5.364e-07 5.364e-07 2.700e-08 2.700e-08 
4.293e+03 1.548e-06 2.482e-07 2.482e-07 1.500e-08 1.500e-08 
5.835e+03 7.021e-07 1.127e-07 1.127e-07 8.400e-09 8.400e-09 
7.931e+03 3.227e-07 5.190e-08 5.190e-08 4.800e-09 4.800e-09 
1.078e+04 1.552e-07 2.503e-08 2.503e-08 2.800e-09 2.800e-09 
1.465e+04 7.451e-08 1.204e-08 1.204e-08 1.580e-09 1.580e-09 
1.991e+04 3.504e-08 5.687e-09 5.687e-09 9.100e-10 9.100e-10 
2.707e+04 1.654e-08 2.697e-09 2.697e-09 5.100e-10 5.100e-10 
3.680e+04 7.416e-09 1.221e-09 1.221e-09 2.860e-10 2.860e-10 
5.002e+04 3.104e-09 5.225e-10 5.225e-10 1.600e-10 1.600e-10 
6.799e+04 1.299e-09 2.264e-10 2.264e-10 8.900e-11 8.900e-11 
