#Source: mytables
#Ref: 10.1103/PhysRevLett.134.191001 (2025PhRvL.134s1001A)
#Experiment: DAMPE
#Y Quantity: B
#X Quantity: kineticEnergyPerNucleon
#Url: 
#Comments: 
#Columns: x, y, y statistical errors, y systematic errors
1.150e+01 1.330e+01 5.250e-03 5.250e-03 2.302e-04 2.102e-04 
1.530e+01 1.780e+01 2.360e-03 2.360e-03 1.105e-04 9.055e-05 
2.050e+01 2.370e+01 1.040e-03 1.040e-03 5.099e-05 4.123e-05 
2.730e+01 3.160e+01 4.430e-04 4.430e-04 2.010e-05 1.811e-05 
3.640e+01 4.220e+01 1.860e-04 1.860e-04 8.062e-06 7.071e-06 
4.850e+01 5.620e+01 7.770e-05 7.770e-05 3.437e-06 3.140e-06 
6.470e+01 7.500e+01 3.250e-05 3.250e-05 1.432e-06 1.334e-06 
8.630e+01 1.000e+02 1.370e-05 1.370e-05 6.083e-07 6.083e-07 
1.248e+02 1.585e+02 4.490e-06 4.490e-06 2.088e-07 1.897e-07 
1.978e+02 2.512e+02 1.180e-06 1.180e-06 5.385e-08 5.385e-08 
3.135e+02 3.981e+02 3.290e-07 3.290e-07 1.803e-08 1.720e-08 
4.968e+02 6.310e+02 9.500e-08 9.500e-08 6.313e-09 6.622e-09 
7.874e+02 1.000e+03 2.600e-08 2.600e-08 2.202e-09 2.550e-09 
1.248e+03 1.585e+03 7.180e-09 7.180e-09 8.460e-10 8.801e-10 
1.978e+03 2.512e+03 2.310e-09 2.310e-09 3.672e-10 3.941e-10 
3.135e+03 3.981e+03 7.160e-10 7.160e-10 1.617e-10 1.806e-10 
5.515e+03 7.943e+03 1.670e-10 1.670e-10 5.964e-11 5.644e-11 
