#Source: CRDB
#Ref: 10.1016/j.scib.2022.10.002 (2022SciBu..67.2162D)
#Experiment: DAMPE
#Y Quantity: B_C
#X Quantity: kineticEnergyPerNucleon
#Url: https://lpsc.in2p3.fr/crdb
#Comments: 
#Colums: x, y, y statistical errors, y systematic errors
1.257e+01 1.926e-01 1.700e-03 1.700e-03 1.110e-02 1.110e-02 
1.991e+01 1.616e-01 7.000e-04 7.000e-04 7.000e-03 7.000e-03 
3.161e+01 1.373e-01 6.000e-04 6.000e-04 6.100e-03 6.100e-03 
5.011e+01 1.176e-01 7.000e-04 7.000e-04 5.100e-03 5.100e-03 
7.944e+01 1.015e-01 1.000e-03 1.000e-03 4.400e-03 4.400e-03 
1.257e+02 8.840e-02 1.300e-03 1.300e-03 3.800e-03 3.800e-03 
1.991e+02 7.940e-02 1.800e-03 1.800e-03 3.600e-03 3.600e-03 
3.161e+02 7.300e-02 2.500e-03 2.500e-03 3.300e-03 3.300e-03 
5.011e+02 6.780e-02 3.500e-03 3.500e-03 3.100e-03 3.100e-03 
7.944e+02 6.240e-02 4.800e-03 4.800e-03 3.400e-03 3.400e-03 
1.333e+03 5.940e-02 6.700e-03 6.700e-03 3.400e-03 3.400e-03 
2.371e+03 5.320e-02 8.800e-03 8.800e-03 3.600e-03 3.600e-03 
4.217e+03 4.700e-02 1.250e-02 1.250e-02 3.800e-03 3.800e-03 
