#Source: mytables
#Ref: 10.1103/PhysRevD.109.L121101 (2024PhRvD.109l1101A)
#Experiment: DAMPE
#Y Quantity: light
#X Quantity: totalEnergy
#Url: 
#Comments: 
#Columns: x, y, y statistical errors, y systematic errors
5.623e+01 3.310e-01 7.300e-05 7.300e-05 5.456e-02 5.456e-02 
8.254e+01 1.170e-01 3.500e-05 3.500e-05 1.879e-02 1.879e-02 
1.212e+02 4.120e-02 1.600e-05 1.600e-05 5.917e-03 5.917e-03 
1.778e+02 1.450e-02 7.400e-05 7.400e-05 2.110e-03 2.110e-03 
2.610e+02 5.130e-03 3.500e-06 3.500e-06 7.306e-04 7.306e-04 
3.831e+02 1.810e-03 1.700e-06 1.700e-06 2.220e-04 2.220e-04 
5.623e+02 6.460e-04 7.900e-07 7.900e-07 8.021e-05 8.021e-05 
8.254e+02 2.340e-04 3.900e-07 3.900e-07 2.780e-05 2.780e-05 
1.212e+03 8.600e-05 1.900e-07 1.900e-07 1.087e-05 1.087e-05 
1.778e+03 3.170e-05 9.400e-08 9.400e-08 4.604e-06 4.604e-06 
2.610e+03 1.200e-05 4.600e-08 4.600e-08 1.803e-06 1.803e-06 
3.831e+03 4.630e-06 2.300e-08 2.300e-08 6.907e-07 6.907e-07 
5.623e+03 1.760e-06 1.200e-08 1.200e-08 2.524e-07 2.524e-07 
8.254e+03 6.650e-07 5.700e-09 5.700e-09 9.458e-08 9.458e-08 
1.212e+04 2.530e-07 2.800e-09 2.800e-09 3.225e-08 3.225e-08 
1.778e+04 9.600e-08 1.400e-09 1.400e-09 1.253e-08 1.253e-08 
2.610e+04 3.570e-08 6.700e-10 6.700e-10 4.665e-09 4.665e-09 
3.831e+04 1.250e-08 3.300e-10 3.300e-10 1.612e-09 1.612e-09 
5.623e+04 4.040e-09 1.500e-10 1.500e-10 5.714e-10 5.714e-10 
8.254e+04 1.350e-09 6.800e-11 6.800e-11 2.147e-10 2.147e-10 
1.212e+05 4.490e-10 3.300e-11 3.300e-11 8.062e-11 8.062e-11 
1.778e+05 1.590e-10 1.600e-11 1.600e-11 2.823e-11 2.823e-11 
2.610e+05 5.700e-11 7.300e-12 7.300e-12 1.031e-11 1.031e-11 
3.831e+05 2.070e-11 3.600e-12 3.600e-12 3.716e-12 3.716e-12 
