#Source: CRDB
#Ref: 10.1103/PhysRevLett.122.101101 (2019PhRvL.122j1101A)
#Experiment: AMS-02
#Quantity: e-
#Units: kinetic energy
#Url: https://lpsc.in2p3.fr/crdb
#Comments: 
6.10440e+01 6.19100e-04 9.84886e-06 9.84886e-06 4.80000e-06 4.80000e-06 
5.73275e+01 7.66300e-04 1.19883e-05 1.19883e-05 5.60000e-06 5.60000e-06 
5.39305e+01 9.29700e-04 1.43108e-05 1.43108e-05 6.40000e-06 6.40000e-06 
5.08079e+01 1.11900e-03 1.65529e-05 1.65529e-05 7.00000e-06 7.00000e-06 
4.79301e+01 1.36700e-03 2.06155e-05 2.06155e-05 8.00000e-06 8.00000e-06 
4.52668e+01 1.63500e-03 2.41661e-05 2.41661e-05 1.00000e-05 1.00000e-05 
4.27883e+01 1.95100e-03 2.91548e-05 2.91548e-05 1.10000e-05 1.10000e-05 
4.04848e+01 2.34300e-03 3.41760e-05 3.41760e-05 1.20000e-05 1.20000e-05 
3.83359e+01 2.80600e-03 4.04969e-05 4.04969e-05 1.40000e-05 1.40000e-05 
3.63219e+01 3.31100e-03 4.74342e-05 4.74342e-05 1.50000e-05 1.50000e-05 
3.44328e+01 3.94700e-03 5.56597e-05 5.56597e-05 1.70000e-05 1.70000e-05 
3.26638e+01 4.68500e-03 6.60984e-05 6.60984e-05 2.00000e-05 2.00000e-05 
3.10046e+01 5.53000e-03 7.72010e-05 7.72010e-05 2.20000e-05 2.20000e-05 
2.94351e+01 6.62200e-03 9.24446e-05 9.24446e-05 2.50000e-05 2.50000e-05 
2.79559e+01 7.84100e-03 1.08669e-04 1.08669e-04 2.80000e-05 2.80000e-05 
2.65664e+01 9.23600e-03 1.26846e-04 1.26846e-04 3.10000e-05 3.10000e-05 
2.52519e+01 1.09900e-02 1.55242e-04 1.55242e-04 4.00000e-05 4.00000e-05 
2.40125e+01 1.29100e-02 1.74642e-04 1.74642e-04 4.00000e-05 4.00000e-05 
1.18322e+03 4.12300e-08 7.33757e-09 7.33757e-09 7.00000e-09 7.00000e-09 
8.36660e+02 1.77100e-07 1.70097e-08 1.70097e-08 1.58000e-08 1.58000e-08 
5.91608e+02 4.56000e-07 2.93232e-08 2.93232e-08 2.68000e-08 2.68000e-08 
4.30116e+02 1.27800e-06 5.63560e-08 5.63560e-08 5.00000e-08 5.00000e-08 
3.27567e+02 3.12900e-06 1.10639e-07 1.10639e-07 9.60000e-08 9.60000e-08 
2.62275e+02 5.97800e-06 1.79446e-07 1.79446e-07 1.49000e-07 1.49000e-07 
2.16551e+02 1.07500e-05 2.86007e-07 2.86007e-07 2.30000e-07 2.30000e-07 
1.83274e+02 1.85300e-05 4.34166e-07 4.34166e-07 3.40000e-07 3.40000e-07 
1.59000e+02 3.01000e-05 6.44438e-07 6.44438e-07 4.80000e-07 4.80000e-07 
1.40202e+02 4.53100e-05 9.26337e-07 9.26337e-07 6.60000e-07 6.60000e-07 
1.25063e+02 6.46000e-05 1.24483e-06 1.24483e-06 8.60000e-07 8.60000e-07 
1.12713e+02 8.89100e-05 1.66424e-06 1.66424e-06 1.11000e-06 1.11000e-06 
1.02586e+02 1.21400e-04 2.20227e-06 2.20227e-06 1.40000e-06 1.40000e-06 
9.40523e+01 1.57900e-04 2.78029e-06 2.78029e-06 1.70000e-06 1.70000e-06 
8.67078e+01 2.04800e-04 3.50000e-06 3.50000e-06 2.10000e-06 2.10000e-06 
8.03092e+01 2.61300e-04 4.38292e-06 4.38292e-06 2.50000e-06 2.50000e-06 
7.46626e+01 3.29600e-04 5.49181e-06 5.49181e-06 3.00000e-06 3.00000e-06 
6.96345e+01 4.07500e-04 6.60379e-06 6.60379e-06 3.50000e-06 3.50000e-06 
6.51248e+01 5.07200e-04 8.16333e-06 8.16333e-06 4.20000e-06 4.20000e-06 
6.81425e+00 6.88500e-01 7.93095e-03 7.93095e-03 7.00000e-04 7.00000e-04 
6.26418e+00 8.71500e-01 1.00319e-02 1.00319e-02 8.00000e-04 8.00000e-04 
5.73934e+00 1.10400e+00 1.30384e-02 1.30384e-02 1.00000e-03 1.00000e-03 
5.23927e+00 1.40900e+00 1.60312e-02 1.60312e-02 1.00000e-03 1.00000e-03 
4.76445e+00 1.80000e+00 2.00998e-02 2.00998e-02 2.00000e-03 2.00000e-03 
4.32490e+00 2.27900e+00 2.50799e-02 2.50799e-02 2.00000e-03 2.00000e-03 
3.92015e+00 2.85900e+00 3.20624e-02 3.20624e-02 2.00000e-03 2.00000e-03 
3.54017e+00 3.55500e+00 4.01123e-02 4.01123e-02 3.00000e-03 3.00000e-03 
3.17490e+00 4.40500e+00 5.01597e-02 5.01597e-02 4.00000e-03 4.00000e-03 
2.81957e+00 5.50400e+00 6.41249e-02 6.41249e-02 4.00000e-03 4.00000e-03 
2.47417e+00 6.89700e+00 8.32166e-02 8.32166e-02 6.00000e-03 6.00000e-03 
2.14942e+00 8.40300e+00 1.10223e-01 1.10223e-01 7.00000e-03 7.00000e-03 
1.85472e+00 1.02700e+01 1.50333e-01 1.50333e-01 1.00000e-02 1.00000e-02 
1.58468e+00 1.20000e+01 2.00250e-01 2.00250e-01 1.00000e-02 1.00000e-02 
1.33462e+00 1.39100e+01 2.80713e-01 2.80713e-01 2.00000e-02 2.00000e-02 
1.11005e+00 1.56200e+01 3.81182e-01 3.81182e-01 3.00000e-02 3.00000e-02 
9.10055e-01 1.65800e+01 4.91630e-01 4.91630e-01 4.00000e-02 4.00000e-02 
7.30068e-01 1.71000e+01 6.32851e-01 6.32851e-01 6.00000e-02 6.00000e-02 
5.70088e-01 1.73100e+01 8.07775e-01 8.07775e-01 2.10000e-01 2.10000e-01 
2.28275e+01 1.52400e-02 2.03961e-04 2.03961e-04 4.00000e-05 4.00000e-05 
2.16828e+01 1.80400e-02 2.45153e-04 2.45153e-04 5.00000e-05 5.00000e-05 
2.05778e+01 2.14600e-02 2.86356e-04 2.86356e-04 6.00000e-05 6.00000e-05 
1.95079e+01 2.57300e-02 3.35410e-04 3.35410e-04 6.00000e-05 6.00000e-05 
1.84781e+01 3.05700e-02 3.96232e-04 3.96232e-04 7.00000e-05 7.00000e-05 
1.74831e+01 3.65900e-02 4.76760e-04 4.76760e-04 8.00000e-05 8.00000e-05 
1.65182e+01 4.38200e-02 5.67186e-04 5.67186e-04 9.00000e-05 9.00000e-05 
1.55884e+01 5.31600e-02 6.78970e-04 6.78970e-04 1.10000e-04 1.10000e-04 
1.46883e+01 6.43900e-02 8.18841e-04 8.18841e-04 1.20000e-04 1.20000e-04 
1.38236e+01 7.84900e-02 9.89949e-04 9.89949e-04 1.40000e-04 1.40000e-04 
1.29935e+01 9.55700e-02 1.19080e-03 1.19080e-03 1.60000e-04 1.60000e-04 
1.21886e+01 1.17000e-01 1.41421e-03 1.41421e-03 2.00000e-04 2.00000e-04 
1.14137e+01 1.43800e-01 1.81108e-03 1.81108e-03 2.00000e-04 2.00000e-04 
1.06739e+01 1.77900e-01 2.22036e-03 2.22036e-03 3.00000e-04 3.00000e-04 
9.96385e+00 2.20400e-01 2.61725e-03 2.61725e-03 3.00000e-04 3.00000e-04 
9.27895e+00 2.74700e-01 3.31361e-03 3.31361e-03 3.00000e-04 3.00000e-04 
8.61887e+00 3.41500e-01 4.01995e-03 4.01995e-03 4.00000e-04 4.00000e-04 
7.98918e+00 4.30900e-01 5.12445e-03 5.12445e-03 5.00000e-04 5.00000e-04 
7.38911e+00 5.43900e-01 6.32851e-03 6.32851e-03 6.00000e-04 6.00000e-04 
