#Source: CRDB
#Ref: 10.1103/PhysRevLett.108.011103 (2012PhRvL.108a1103A)
#Experiment: FERMI
#Quantity: e-
#Units: kinetic energy
#Url: https://lpsc.in2p3.fr/crdb
#Comments: 
1.78326e+02 2.14000e-05 6.98713e-06 6.98713e-06 6.90000e-06 6.90000e-06 
1.41542e+02 4.81000e-05 9.35201e-06 9.35201e-06 8.50000e-06 8.50000e-06 
1.12250e+02 9.70000e-05 1.44222e-05 1.44222e-05 1.20000e-05 1.20000e-05 
8.92188e+01 1.67000e-04 2.41868e-05 2.41868e-05 2.10000e-05 2.10000e-05 
7.09276e+01 3.66000e-04 3.54683e-05 3.54683e-05 2.30000e-05 2.30000e-05 
5.63262e+01 7.89000e-04 6.44050e-05 6.44050e-05 2.80000e-05 2.80000e-05 
4.47547e+01 1.61000e-03 1.23693e-04 1.23693e-04 3.00000e-05 3.00000e-05 
3.55644e+01 3.41000e-03 2.53180e-04 2.53180e-04 4.00000e-05 4.00000e-05 
2.82638e+01 7.28000e-03 6.52763e-04 6.52763e-04 6.00000e-05 6.00000e-05 
2.24499e+01 1.54000e-02 1.40357e-03 1.40357e-03 1.00000e-04 1.00000e-04 
