#Source: CRDB
#Ref: 10.1103/PhysRevLett.106.201101 (2011PhRvL.106t1101A)
#Experiment: PAMELA
#Quantity: e-
#Units: kinetic energy
#Url: https://lpsc.in2p3.fr/crdb
#Comments: 
1.76000e+01 3.26000e-02 1.28062e-03 1.28062e-03 8.00000e-04 8.00000e-04 
2.02000e+01 2.08000e-02 1.08167e-03 1.08167e-03 6.00000e-04 6.00000e-04 
2.32000e+01 1.26000e-02 6.40312e-04 6.40312e-04 4.00000e-04 4.00000e-04 
2.66000e+01 8.90000e-03 5.00000e-04 5.00000e-04 3.00000e-04 3.00000e-04 
3.06000e+01 5.20000e-03 2.82843e-04 2.82843e-04 2.00000e-04 2.00000e-04 
3.51000e+01 3.70000e-03 2.82843e-04 2.82843e-04 2.00000e-04 2.00000e-04 
4.03000e+01 2.20000e-03 1.34536e-04 1.34536e-04 1.00000e-04 1.00000e-04 
4.63000e+01 1.40000e-03 1.16619e-04 1.16619e-04 1.00000e-04 1.00000e-04 
5.32000e+01 1.04000e-03 8.94427e-05 8.94427e-05 8.00000e-05 8.00000e-05 
6.10000e+01 5.50000e-04 5.38516e-05 5.38516e-05 5.00000e-05 5.00000e-05 
7.01000e+01 4.10000e-04 4.47214e-05 4.47214e-05 4.00000e-05 4.00000e-05 
8.05000e+01 2.10000e-04 3.13209e-05 3.13209e-05 3.00000e-05 3.00000e-05 
9.24000e+01 1.50000e-04 2.11896e-05 2.11896e-05 2.00000e-05 2.00000e-05 
1.08500e+02 1.00000e-04 2.03961e-05 2.03961e-05 2.00000e-05 2.00000e-05 
1.30400e+02 7.00000e-05 1.04403e-05 1.04403e-05 1.00000e-05 1.00000e-05 
1.63800e+02 2.70000e-05 5.09902e-06 5.09902e-06 5.00000e-06 5.00000e-06 
2.20700e+02 9.60000e-06 2.54951e-06 3.04138e-06 2.50000e-06 3.00000e-06 
3.17900e+02 2.80000e-06 1.10454e-06 1.30384e-06 1.10000e-06 1.30000e-06 
4.91400e+02 9.00000e-07 6.08276e-07 7.07107e-07 6.00000e-07 7.00000e-07 
1.11000e+00 3.12000e+01 1.31529e+00 1.31529e+00 2.00000e-01 2.00000e-01 
1.28000e+00 2.67000e+01 1.11803e+00 1.11803e+00 2.00000e-01 2.00000e-01 
1.47000e+00 2.30000e+01 1.00499e+00 1.00499e+00 1.00000e-01 1.00000e-01 
1.68000e+00 1.88000e+01 8.06226e-01 8.06226e-01 1.00000e-01 1.00000e-01 
1.93000e+00 1.50300e+01 6.05310e-01 6.05310e-01 8.00000e-02 8.00000e-02 
2.22000e+00 1.19400e+01 5.04876e-01 5.04876e-01 7.00000e-02 7.00000e-02 
2.55000e+00 8.97000e+00 4.03113e-01 4.03113e-01 5.00000e-02 5.00000e-02 
2.92000e+00 6.67000e+00 3.02655e-01 3.02655e-01 4.00000e-02 4.00000e-02 
3.36000e+00 4.76000e+00 2.02237e-01 2.02237e-01 3.00000e-02 3.00000e-02 
3.85000e+00 3.40000e+00 1.01980e-01 1.01980e-01 2.00000e-02 2.00000e-02 
4.42000e+00 2.30000e+00 1.01980e-01 1.01980e-01 2.00000e-02 2.00000e-02 
5.10000e+00 1.56000e+00 7.07107e-02 7.07107e-02 1.00000e-02 1.00000e-02 
5.80000e+00 1.06000e+00 5.09902e-02 5.09902e-02 1.00000e-02 1.00000e-02 
6.70000e+00 7.20000e-01 3.08058e-02 3.08058e-02 7.00000e-03 7.00000e-03 
7.70000e+00 4.70000e-01 2.06155e-02 2.06155e-02 5.00000e-03 5.00000e-03 
8.80000e+00 3.10000e-01 1.07703e-02 1.07703e-02 4.00000e-03 4.00000e-03 
1.01000e+01 1.91000e-01 8.54400e-03 8.54400e-03 3.00000e-03 3.00000e-03 
1.16000e+01 1.26000e-01 5.38516e-03 5.38516e-03 2.00000e-03 2.00000e-03 
1.34000e+01 7.90000e-02 3.60555e-03 3.60555e-03 2.00000e-03 2.00000e-03 
1.53000e+01 5.20000e-02 2.23607e-03 2.23607e-03 1.00000e-03 1.00000e-03 
