#Source: SSDC
#Ref: 10.1103/PhysRevLett.126.081102 (2021PhRvL.126h1102A)
#Experiment: AMS-02
#Quantity: F
#Units: rigidity(original)
#Url: https://tools.ssdc.asi.it/CosmicRays/
#Comments: 
2.27076e+00 2.96000e-02 1.28082e-03 1.28082e-03 4.20000e-04 4.20000e-04 
2.53056e+00 2.74000e-02 1.09731e-03 1.09731e-03 3.50000e-04 3.50000e-04 
2.81508e+00 2.58000e-02 9.77190e-04 9.77190e-04 3.00000e-04 3.00000e-04 
3.12495e+00 2.34000e-02 8.60233e-04 8.60233e-04 2.60000e-04 2.60000e-04 
3.45955e+00 2.10000e-02 7.52861e-04 7.52861e-04 2.20000e-04 2.20000e-04 
3.82418e+00 1.82000e-02 6.36003e-04 6.36003e-04 1.80000e-04 1.80000e-04 
4.21886e+00 1.54000e-02 5.31601e-04 5.31601e-04 1.50000e-04 1.50000e-04 
4.64829e+00 1.31000e-02 4.46430e-04 4.46430e-04 1.20000e-04 1.20000e-04 
5.11777e+00 1.09000e-02 3.73631e-04 3.73631e-04 1.00000e-04 1.00000e-04 
5.62731e+00 8.94000e-03 3.03567e-04 3.03567e-04 8.30000e-05 8.30000e-05 
6.17690e+00 7.38000e-03 2.50683e-04 2.50683e-04 6.90000e-05 6.90000e-05 
6.77126e+00 6.03000e-03 2.04805e-04 2.04805e-04 5.60000e-05 5.60000e-05 
7.41568e+00 4.88000e-03 1.65520e-04 1.65520e-04 4.60000e-05 4.60000e-05 
8.11015e+00 3.95000e-03 1.34480e-04 1.34480e-04 3.80000e-05 3.80000e-05 
8.85942e+00 3.21000e-03 1.09481e-04 1.09481e-04 3.10000e-05 3.10000e-05 
9.66876e+00 2.61000e-03 8.91852e-05 8.91852e-05 2.70000e-05 2.70000e-05 
1.05382e+01 2.11000e-03 7.27324e-05 7.27324e-05 2.30000e-05 2.30000e-05 
1.14866e+01 1.66000e-03 5.81893e-05 5.81893e-05 1.90000e-05 1.90000e-05 
1.24877e+01 1.35000e-03 4.71699e-05 4.71699e-05 1.70000e-05 1.70000e-05 
1.35362e+01 1.10000e-03 3.86264e-05 3.86264e-05 1.40000e-05 1.40000e-05 
1.46849e+01 8.90000e-04 3.16621e-05 3.16621e-05 1.20000e-05 1.20000e-05 
1.59337e+01 7.14000e-04 2.55785e-05 2.55785e-05 1.01000e-05 1.01000e-05 
1.72825e+01 5.70000e-04 2.06323e-05 2.06323e-05 8.50000e-06 8.50000e-06 
1.87315e+01 4.51000e-04 1.65052e-05 1.65052e-05 7.10000e-06 7.10000e-06 
2.02806e+01 3.65000e-04 1.34618e-05 1.34618e-05 5.90000e-06 5.90000e-06 
2.19297e+01 2.92000e-04 1.08674e-05 1.08674e-05 4.90000e-06 4.90000e-06 
2.37266e+01 2.45000e-04 9.16788e-06 9.16788e-06 4.10000e-06 4.10000e-06 
2.56760e+01 1.87000e-04 7.11196e-06 7.11196e-06 3.30000e-06 3.30000e-06 
2.77255e+01 1.51000e-04 5.81808e-06 5.81808e-06 2.80000e-06 2.80000e-06 
3.10405e+01 1.08000e-04 3.90000e-06 3.90000e-06 1.50000e-06 1.50000e-06 
3.60757e+01 7.05000e-05 2.66177e-06 2.66177e-06 1.13000e-06 1.13000e-06 
4.18587e+01 4.62000e-05 1.81177e-06 1.81177e-06 8.50000e-07 8.50000e-07 
4.84901e+01 2.99000e-05 1.22967e-06 1.22967e-06 6.40000e-07 6.40000e-07 
5.60700e+01 1.92000e-05 8.32346e-07 8.32346e-07 4.80000e-07 4.80000e-07 
6.47902e+01 1.20000e-05 5.54437e-07 5.54437e-07 3.50000e-07 3.50000e-07 
7.48603e+01 7.77000e-06 3.84246e-07 3.84246e-07 2.61000e-07 2.61000e-07 
8.64720e+01 5.18000e-06 2.74416e-07 2.74416e-07 1.98000e-07 1.98000e-07 
1.00154e+02 2.99000e-06 1.76324e-07 1.76324e-07 1.37000e-07 1.37000e-07 
1.16117e+02 2.23000e-06 1.39201e-07 1.39201e-07 1.11000e-07 1.11000e-07 
1.35451e+02 1.44000e-06 9.54411e-08 9.54411e-08 7.80000e-08 7.80000e-08 
1.60248e+02 7.77000e-07 5.91501e-08 5.91501e-08 5.08000e-08 5.08000e-08 
1.91963e+02 4.42000e-07 3.82005e-08 3.82005e-08 3.38000e-08 3.38000e-08 
2.33485e+02 2.70000e-07 2.54466e-08 2.54466e-08 2.28000e-08 2.28000e-08 
2.91853e+02 1.50000e-07 1.55206e-08 1.55206e-08 1.40000e-08 1.40000e-08 
3.80552e+02 6.12000e-08 7.80626e-09 7.80626e-09 7.16000e-09 7.16000e-09 
5.36961e+02 2.22000e-08 3.38671e-09 3.38671e-09 3.07000e-09 3.07000e-09 
8.80819e+02 5.78000e-09 1.16619e-09 1.16619e-09 1.00000e-09 1.00000e-09 
1.82460e+03 3.80000e-10 3.53553e-10 3.53553e-10 3.50000e-10 3.50000e-10 
