#Source: SSDC
#Ref: 10.1103/PhysRevLett.126.081102 ( )
#Experiment: AMS-02
#Quantity: F/B
#Units: rigidity(original)
#Url: https://tools.ssdc.asi.it/CosmicRays/
#Comments: 2021PhRvL.126h1102A
2.27156e+00 5.95000e-02 3.90512e-03 3.90512e-03 9.00000e-04 9.00000e-04 
2.53140e+00 5.70000e-02 3.39559e-03 3.39559e-03 8.00000e-04 8.00000e-04 
2.81601e+00 5.81000e-02 3.17805e-03 3.17805e-03 7.00000e-04 7.00000e-04 
3.12591e+00 5.90000e-02 3.08058e-03 3.08058e-03 7.00000e-04 7.00000e-04 
3.46058e+00 6.00000e-02 2.96142e-03 2.96142e-03 6.00000e-04 6.00000e-04 
3.82528e+00 6.01000e-02 2.86356e-03 2.86356e-03 6.00000e-04 6.00000e-04 
4.22002e+00 5.94000e-02 2.76586e-03 2.76586e-03 6.00000e-04 6.00000e-04 
4.64956e+00 6.02000e-02 2.66833e-03 2.66833e-03 6.00000e-04 6.00000e-04 
5.11914e+00 6.01000e-02 2.66833e-03 2.66833e-03 6.00000e-04 6.00000e-04 
5.62877e+00 6.02000e-02 2.57099e-03 2.57099e-03 6.00000e-04 6.00000e-04 
6.17843e+00 6.07000e-02 2.57099e-03 2.57099e-03 6.00000e-04 6.00000e-04 
6.77291e+00 6.09000e-02 2.57099e-03 2.57099e-03 6.00000e-04 6.00000e-04 
7.41744e+00 6.14000e-02 2.57099e-03 2.57099e-03 6.00000e-04 6.00000e-04 
8.11202e+00 6.14000e-02 2.57099e-03 2.57099e-03 6.00000e-04 6.00000e-04 
8.86142e+00 6.18000e-02 2.57099e-03 2.57099e-03 6.00000e-04 6.00000e-04 
9.67088e+00 6.29000e-02 2.59615e-03 2.59615e-03 7.00000e-04 7.00000e-04 
1.05404e+01 6.31000e-02 2.59615e-03 2.59615e-03 7.00000e-04 7.00000e-04 
1.14891e+01 6.25000e-02 2.59615e-03 2.59615e-03 7.00000e-04 7.00000e-04 
1.24900e+01 6.34000e-02 2.72029e-03 2.72029e-03 8.00000e-04 8.00000e-04 
1.35388e+01 6.43000e-02 2.72029e-03 2.72029e-03 8.00000e-04 8.00000e-04 
1.46877e+01 6.50000e-02 2.75136e-03 2.75136e-03 9.00000e-04 9.00000e-04 
1.59367e+01 6.53000e-02 2.75136e-03 2.75136e-03 9.00000e-04 9.00000e-04 
1.72858e+01 6.60000e-02 2.87924e-03 2.87924e-03 1.00000e-03 1.00000e-03 
1.87350e+01 6.48000e-02 2.78568e-03 2.78568e-03 1.00000e-03 1.00000e-03 
2.02842e+01 6.58000e-02 2.91548e-03 2.91548e-03 1.10000e-03 1.10000e-03 
2.19335e+01 6.61000e-02 2.91548e-03 2.91548e-03 1.10000e-03 1.10000e-03 
2.37310e+01 7.00000e-02 3.13847e-03 3.13847e-03 1.20000e-03 1.20000e-03 
2.56805e+01 6.69000e-02 2.95466e-03 2.95466e-03 1.20000e-03 1.20000e-03 
2.77301e+01 6.78000e-02 3.08707e-03 3.08707e-03 1.30000e-03 1.30000e-03 
3.10612e+01 6.79000e-02 2.97321e-03 2.97321e-03 1.00000e-03 1.00000e-03 
3.60992e+01 6.96000e-02 3.13847e-03 3.13847e-03 1.20000e-03 1.20000e-03 
4.18854e+01 7.23000e-02 3.40147e-03 3.40147e-03 1.40000e-03 1.40000e-03 
4.85203e+01 7.26000e-02 3.48855e-03 3.48855e-03 1.60000e-03 1.60000e-03 
5.61040e+01 7.25000e-02 3.63593e-03 3.63593e-03 1.90000e-03 1.90000e-03 
6.48299e+01 7.12000e-02 3.74433e-03 3.74433e-03 2.10000e-03 2.10000e-03 
7.49056e+01 7.25000e-02 4.06079e-03 4.06079e-03 2.50000e-03 2.50000e-03 
8.65246e+01 7.50000e-02 4.53431e-03 4.53431e-03 3.00000e-03 3.00000e-03 
1.00220e+02 6.97000e-02 4.59674e-03 4.59674e-03 3.30000e-03 3.30000e-03 
1.16190e+02 8.05000e-02 5.59017e-03 5.59017e-03 4.10000e-03 4.10000e-03 
1.35554e+02 8.44000e-02 6.17171e-03 6.17171e-03 4.70000e-03 4.70000e-03 
1.60390e+02 7.59000e-02 6.30079e-03 6.30079e-03 5.10000e-03 5.10000e-03 
1.92159e+02 7.45000e-02 6.96419e-03 6.96419e-03 5.90000e-03 5.90000e-03 
2.33771e+02 8.10000e-02 8.24924e-03 8.24924e-03 7.10000e-03 7.10000e-03 
2.92353e+02 9.01000e-02 9.98499e-03 9.98499e-03 8.70000e-03 8.70000e-03 
3.81484e+02 7.79000e-02 1.04216e-02 1.04216e-02 9.40000e-03 9.40000e-03 
5.39500e+02 7.93000e-02 1.24812e-02 1.24812e-02 1.13000e-02 1.13000e-02 
8.89944e+02 7.75000e-02 1.57003e-02 1.57003e-02 1.39000e-02 1.39000e-02 
1.86548e+03 4.58000e-02 4.34246e-02 4.34246e-02 4.31000e-02 4.31000e-02 
