#Source: 
#Ref: 10.1103/PhysRevLett.126.041104 (2021PhRvL.126d1104A)
#Experiment: AMS-02
#Quantity: Fe
#Units: rigidity(converted)
#Url: 
#Comments: table read from Supp.Material
2.80438e+00 9.35400e-02 5.76601e-03 5.76601e-03 8.70000e-04 8.70000e-04 
3.12495e+00 8.39200e-02 4.40967e-03 4.40967e-03 6.60000e-04 6.60000e-04 
3.45955e+00 7.45900e-02 3.59924e-03 3.59924e-03 5.30000e-04 5.30000e-04 
3.82418e+00 6.57700e-02 3.03356e-03 3.03356e-03 4.50000e-04 4.50000e-04 
4.21886e+00 5.89800e-02 2.64741e-03 2.64741e-03 3.80000e-04 3.80000e-04 
4.64829e+00 5.08800e-02 2.23164e-03 2.23164e-03 3.10000e-04 3.10000e-04 
5.11777e+00 4.38700e-02 1.89655e-03 1.89655e-03 2.50000e-04 2.50000e-04 
5.62731e+00 3.81000e-02 1.63487e-03 1.63487e-03 2.20000e-04 2.20000e-04 
6.17690e+00 3.26000e-02 1.39302e-03 1.39302e-03 1.90000e-04 1.90000e-04 
6.77126e+00 2.79800e-02 1.19080e-03 1.19080e-03 1.60000e-04 1.60000e-04 
7.41568e+00 2.33300e-02 9.88585e-04 9.88585e-04 1.30000e-04 1.30000e-04 
8.11015e+00 1.96700e-02 8.37257e-04 8.37257e-04 1.10000e-04 1.10000e-04 
8.85942e+00 1.66200e-02 7.05762e-04 7.05762e-04 9.00000e-05 9.00000e-05 
9.66876e+00 1.39800e-02 5.95399e-04 5.95399e-04 8.00000e-05 8.00000e-05 
1.05382e+01 1.17300e-02 4.94975e-04 4.94975e-04 7.00000e-05 7.00000e-05 
1.14866e+01 9.87900e-03 4.19906e-04 4.19906e-04 6.40000e-05 6.40000e-05 
1.24877e+01 8.14700e-03 3.47869e-04 3.47869e-04 5.80000e-05 5.80000e-05 
1.35362e+01 6.98200e-03 2.98391e-04 2.98391e-04 5.10000e-05 5.10000e-05 
1.46849e+01 5.74700e-03 2.46148e-04 2.46148e-04 4.50000e-05 4.50000e-05 
1.59337e+01 4.81700e-03 2.07694e-04 2.07694e-04 3.90000e-05 3.90000e-05 
1.72825e+01 4.07700e-03 1.76309e-04 1.76309e-04 3.40000e-05 3.40000e-05 
1.87315e+01 3.35500e-03 1.45134e-04 1.45134e-04 3.00000e-05 3.00000e-05 
2.02806e+01 2.84200e-03 1.23762e-04 1.23762e-04 2.60000e-05 2.60000e-05 
2.19297e+01 2.37200e-03 1.03368e-04 1.03368e-04 2.20000e-05 2.20000e-05 
2.37266e+01 1.96200e-03 8.59069e-05 8.59069e-05 1.80000e-05 1.80000e-05 
2.56760e+01 1.65100e-03 7.18053e-05 7.18053e-05 1.60000e-05 1.60000e-05 
2.77255e+01 1.40300e-03 6.16117e-05 6.16117e-05 1.40000e-05 1.40000e-05 
3.10405e+01 1.07200e-03 4.60977e-05 4.60977e-05 1.00000e-05 1.00000e-05 
3.60757e+01 7.23500e-04 3.11174e-05 3.11174e-05 7.50000e-06 7.50000e-06 
4.18587e+01 5.06600e-04 2.18826e-05 2.18826e-05 5.80000e-06 5.80000e-06 
4.84901e+01 3.43300e-04 1.49913e-05 1.49913e-05 4.50000e-06 4.50000e-06 
5.60700e+01 2.48500e-04 1.10055e-05 1.10055e-05 3.60000e-06 3.60000e-06 
6.47902e+01 1.72300e-04 7.72528e-06 7.72528e-06 2.80000e-06 2.80000e-06 
7.48603e+01 1.18600e-04 5.42310e-06 5.42310e-06 2.10000e-06 2.10000e-06 
8.64720e+01 8.14100e-05 3.79289e-06 3.79289e-06 1.64000e-06 1.64000e-06 
1.00154e+02 5.49000e-05 2.61706e-06 2.61706e-06 1.23000e-06 1.23000e-06 
1.16117e+02 3.62500e-05 1.79569e-06 1.79569e-06 9.40000e-07 9.40000e-07 
1.35451e+02 2.39700e-05 1.22037e-06 1.22037e-06 6.70000e-07 6.70000e-07 
1.60248e+02 1.51600e-05 8.02122e-07 8.02122e-07 4.70000e-07 4.70000e-07 
1.91963e+02 9.92600e-06 5.43515e-07 5.43515e-07 3.35000e-07 3.35000e-07 
2.33485e+02 5.89700e-06 3.40918e-07 3.40918e-07 2.24000e-07 2.24000e-07 
2.91853e+02 3.36400e-06 2.03769e-07 2.03769e-07 1.39000e-07 1.39000e-07 
3.80552e+02 1.56800e-06 1.04005e-07 1.04005e-07 7.60000e-08 7.60000e-08 
5.36961e+02 6.56700e-07 4.72889e-08 4.72889e-08 3.50000e-08 3.50000e-08 
8.80819e+02 1.70700e-07 1.54311e-08 1.54311e-08 1.14000e-08 1.14000e-08 
