#Source: CRDB
#Ref: Ahn et al., ApJ 707, 593 (2009)
#Experiment: CREAM-II
#Quantity: Fe
#Units: kinetic Energy per nucleon
#Url: https://lpsc.in2p3.fr/crdb
#Comments: 
2.68328e+01 5.19000e-04 7.70612e-05 7.70612e-05 5.60000e-05 5.60000e-05 
4.81664e+01 8.38000e-05 1.23398e-05 1.23398e-05 8.90000e-06 8.90000e-06 
7.65376e+01 2.06000e-05 3.26574e-06 3.26574e-06 2.50000e-06 2.50000e-06 
1.32947e+02 4.46000e-06 9.64081e-07 9.64081e-07 8.50000e-07 8.50000e-07 
2.30651e+02 1.36000e-06 3.85802e-07 4.80461e-07 3.60000e-07 3.60000e-07 
4.01019e+02 4.00000e-07 1.36252e-07 1.84566e-07 1.30000e-07 1.30000e-07 
6.97245e+02 1.09000e-07 4.92708e-08 7.97785e-08 4.80000e-08 4.80000e-08 
1.40696e+03 1.60000e-08 8.16477e-09 1.40948e-08 8.00000e-09 8.00000e-09 
