#Source: CRDB
#Ref: 10.1088/0004-637X/707/1/593 (2009ApJ...707..593A)
#Experiment: CREAM-II
#Quantity: Fe
#Units: total Energy
#Url: https://lpsc.in2p3.fr/crdb
#Comments: 
1.55880e+03 9.26786e-06 1.37609e-06 1.37609e-06 1.00000e-06 1.00000e-06 
2.75030e+03 1.49643e-06 2.20354e-07 2.20354e-07 1.58929e-07 1.58929e-07 
4.34020e+03 3.67857e-07 5.83167e-08 5.83167e-08 4.46429e-08 4.46429e-08 
7.49912e+03 7.96429e-08 1.72157e-08 1.72157e-08 1.51786e-08 1.51786e-08 
1.29706e+04 2.42857e-08 6.88932e-09 8.57967e-09 6.42857e-09 8.21429e-09 
2.25112e+04 7.14286e-09 2.43307e-09 3.29582e-09 2.32143e-09 3.21429e-09 
3.90998e+04 1.94643e-09 8.79835e-10 1.42462e-09 8.57143e-10 1.41071e-09 
7.88464e+04 2.85714e-10 1.45799e-10 2.51693e-10 1.42857e-10 2.50000e-10 
