#Source: SSDC
#Ref: 10.1103/PhysRevLett.126.041104 (2021PhRvL.126d1104A)
#Experiment: AMS-02
#Quantity: Fe/He
#Units: rigidity(original)
#Url: https://tools.ssdc.asi.it/CosmicRays/
#Comments: 
2.80544e+00 1.76000e-03 8.94427e-05 8.94427e-05 1.60000e-05 1.60000e-05 
3.12591e+00 1.80000e-03 7.33485e-05 7.33485e-05 1.40000e-05 1.40000e-05 
3.46058e+00 1.86000e-03 6.53070e-05 6.53070e-05 1.30000e-05 1.30000e-05 
3.82528e+00 1.92000e-03 6.23699e-05 6.23699e-05 1.30000e-05 1.30000e-05 
4.22002e+00 2.04000e-03 6.23699e-05 6.23699e-05 1.30000e-05 1.30000e-05 
4.64956e+00 2.11000e-03 6.13922e-05 6.13922e-05 1.30000e-05 1.30000e-05 
5.11914e+00 2.19000e-03 6.23699e-05 6.23699e-05 1.30000e-05 1.30000e-05 
5.62877e+00 2.31000e-03 6.53070e-05 6.53070e-05 1.30000e-05 1.30000e-05 
6.17843e+00 2.41000e-03 6.74685e-05 6.74685e-05 1.40000e-05 1.40000e-05 
6.77291e+00 2.53000e-03 7.04060e-05 7.04060e-05 1.40000e-05 1.40000e-05 
7.41744e+00 2.59000e-03 7.15891e-05 7.15891e-05 1.50000e-05 1.50000e-05 
8.11202e+00 2.68000e-03 7.35459e-05 7.35459e-05 1.50000e-05 1.50000e-05 
8.86142e+00 2.78000e-03 7.66877e-05 7.66877e-05 1.60000e-05 1.60000e-05 
9.67088e+00 2.87000e-03 7.88543e-05 7.88543e-05 1.70000e-05 1.70000e-05 
1.05404e+01 2.97000e-03 8.22253e-05 8.22253e-05 1.90000e-05 1.90000e-05 
1.14891e+01 3.08000e-03 8.53756e-05 8.53756e-05 2.00000e-05 2.00000e-05 
1.24900e+01 3.12000e-03 8.78009e-05 8.78009e-05 2.20000e-05 2.20000e-05 
1.35388e+01 3.28000e-03 9.21792e-05 9.21792e-05 2.40000e-05 2.40000e-05 
1.46877e+01 3.31000e-03 9.36803e-05 9.36803e-05 2.60000e-05 2.60000e-05 
1.59367e+01 3.41000e-03 9.71236e-05 9.71236e-05 2.80000e-05 2.80000e-05 
1.72858e+01 3.56000e-03 1.02489e-04 1.02489e-04 3.00000e-05 3.00000e-05 
1.87350e+01 3.61000e-03 1.04995e-04 1.04995e-04 3.20000e-05 3.20000e-05 
2.02842e+01 3.76000e-03 1.09417e-04 1.09417e-04 3.40000e-05 3.40000e-05 
2.19335e+01 3.86000e-03 1.12894e-04 1.12894e-04 3.60000e-05 3.60000e-05 
2.37310e+01 3.92000e-03 1.16056e-04 1.16056e-04 3.70000e-05 3.70000e-05 
2.56805e+01 4.07000e-03 1.20487e-04 1.20487e-04 3.90000e-05 3.90000e-05 
2.77301e+01 4.24000e-03 1.26194e-04 1.26194e-04 4.20000e-05 4.20000e-05 
3.10612e+01 4.38000e-03 1.23976e-04 1.23976e-04 4.10000e-05 4.10000e-05 
3.60992e+01 4.43000e-03 1.26649e-04 1.26649e-04 4.60000e-05 4.60000e-05 
4.18854e+01 4.64000e-03 1.35248e-04 1.35248e-04 5.40000e-05 5.40000e-05 
4.85203e+01 4.68000e-03 1.39090e-04 1.39090e-04 6.10000e-05 6.10000e-05 
5.61040e+01 5.02000e-03 1.53000e-04 1.53000e-04 7.20000e-05 7.20000e-05 
6.48299e+01 5.14000e-03 1.61895e-04 1.61895e-04 8.30000e-05 8.30000e-05 
7.49056e+01 5.23000e-03 1.69461e-04 1.69461e-04 9.40000e-05 9.40000e-05 
8.65246e+01 5.32000e-03 1.79402e-04 1.79402e-04 1.07000e-04 1.07000e-04 
1.00220e+02 5.33000e-03 1.87579e-04 1.87579e-04 1.19000e-04 1.19000e-04 
1.16190e+02 5.28000e-03 1.98759e-04 1.98759e-04 1.37000e-04 1.37000e-04 
1.35554e+02 5.34000e-03 2.09308e-04 2.09308e-04 1.49000e-04 1.49000e-04 
1.60390e+02 5.34000e-03 2.22396e-04 2.22396e-04 1.66000e-04 1.66000e-04 
1.92159e+02 5.71000e-03 2.51336e-04 2.51336e-04 1.93000e-04 1.93000e-04 
2.33771e+02 5.78000e-03 2.75601e-04 2.75601e-04 2.20000e-04 2.20000e-04 
2.92353e+02 6.03000e-03 3.06894e-04 3.06894e-04 2.50000e-04 2.50000e-04 
3.81484e+02 5.70000e-03 3.26585e-04 3.26585e-04 2.77000e-04 2.77000e-04 
5.39500e+02 5.93000e-03 3.69066e-04 3.69066e-04 3.17000e-04 3.17000e-04 
8.89944e+02 5.66000e-03 4.31845e-04 4.31845e-04 3.79000e-04 3.79000e-04 
1.89737e+03 4.66000e-03 1.38189e-03 1.38189e-03 1.36000e-03 1.36000e-03 
