#Source: SSDC
#Ref: 10.1103/PhysRevLett.126.041104 (2021PhRvL.126d1104A)
#Experiment: AMS-02
#Quantity: Fe/O
#Units: rigidity(original)
#Url: https://tools.ssdc.asi.it/CosmicRays/
#Comments: 
2.80544e+00 6.99000e-02 3.56931e-03 3.56931e-03 7.00000e-04 7.00000e-04 
3.12591e+00 7.08000e-02 2.96142e-03 2.96142e-03 6.00000e-04 6.00000e-04 
3.46058e+00 7.21000e-02 2.74591e-03 2.74591e-03 5.00000e-04 5.00000e-04 
3.82528e+00 7.37000e-02 2.64764e-03 2.64764e-03 5.00000e-04 5.00000e-04 
4.22002e+00 7.76000e-02 2.64764e-03 2.64764e-03 5.00000e-04 5.00000e-04 
4.64956e+00 7.89000e-02 2.64764e-03 2.64764e-03 5.00000e-04 5.00000e-04 
5.11914e+00 8.09000e-02 2.64764e-03 2.64764e-03 5.00000e-04 5.00000e-04 
5.62877e+00 8.42000e-02 2.74591e-03 2.74591e-03 5.00000e-04 5.00000e-04 
6.17843e+00 8.65000e-02 2.74591e-03 2.74591e-03 5.00000e-04 5.00000e-04 
6.77291e+00 8.96000e-02 2.84429e-03 2.84429e-03 5.00000e-04 5.00000e-04 
7.41744e+00 9.07000e-02 2.94279e-03 2.94279e-03 5.00000e-04 5.00000e-04 
8.11202e+00 9.28000e-02 2.94279e-03 2.94279e-03 5.00000e-04 5.00000e-04 
8.86142e+00 9.55000e-02 3.05941e-03 3.05941e-03 6.00000e-04 6.00000e-04 
9.67088e+00 9.80000e-02 3.15753e-03 3.15753e-03 6.00000e-04 6.00000e-04 
1.05404e+01 1.00600e-01 3.25576e-03 3.25576e-03 6.00000e-04 6.00000e-04 
1.14891e+01 1.03400e-01 3.37343e-03 3.37343e-03 7.00000e-04 7.00000e-04 
1.24900e+01 1.03800e-01 3.39559e-03 3.39559e-03 8.00000e-04 8.00000e-04 
1.35388e+01 1.08300e-01 3.59026e-03 3.59026e-03 8.00000e-04 8.00000e-04 
1.46877e+01 1.08900e-01 3.61386e-03 3.61386e-03 9.00000e-04 9.00000e-04 
1.59367e+01 1.10800e-01 3.71080e-03 3.71080e-03 9.00000e-04 9.00000e-04 
1.72858e+01 1.14800e-01 3.83275e-03 3.83275e-03 1.00000e-03 1.00000e-03 
1.87350e+01 1.14800e-01 3.83275e-03 3.83275e-03 1.00000e-03 1.00000e-03 
2.02842e+01 1.18600e-01 3.95601e-03 3.95601e-03 1.10000e-03 1.10000e-03 
2.19335e+01 1.20500e-01 4.05216e-03 4.05216e-03 1.10000e-03 1.10000e-03 
2.37310e+01 1.22000e-01 4.17612e-03 4.17612e-03 1.20000e-03 1.20000e-03 
2.56805e+01 1.25700e-01 4.27200e-03 4.27200e-03 1.20000e-03 1.20000e-03 
2.77301e+01 1.30400e-01 4.49222e-03 4.49222e-03 1.30000e-03 1.30000e-03 
3.10612e+01 1.32500e-01 4.39659e-03 4.39659e-03 1.30000e-03 1.30000e-03 
3.60992e+01 1.32300e-01 4.42719e-03 4.42719e-03 1.40000e-03 1.40000e-03 
4.18854e+01 1.37300e-01 4.68188e-03 4.68188e-03 1.60000e-03 1.60000e-03 
4.85203e+01 1.36200e-01 4.75395e-03 4.75395e-03 1.80000e-03 1.80000e-03 
5.61040e+01 1.45200e-01 5.14782e-03 5.14782e-03 2.10000e-03 2.10000e-03 
6.48299e+01 1.48500e-01 5.45619e-03 5.45619e-03 2.40000e-03 2.40000e-03 
7.49056e+01 1.52000e-01 5.73062e-03 5.73062e-03 2.80000e-03 2.80000e-03 
8.65246e+01 1.53300e-01 5.96825e-03 5.96825e-03 3.10000e-03 3.10000e-03 
1.00220e+02 1.54200e-01 6.26817e-03 6.26817e-03 3.50000e-03 3.50000e-03 
1.16190e+02 1.51000e-01 6.56049e-03 6.56049e-03 4.00000e-03 4.00000e-03 
1.35554e+02 1.51900e-01 6.82495e-03 6.82495e-03 4.30000e-03 4.30000e-03 
1.60390e+02 1.53200e-01 7.22496e-03 7.22496e-03 4.80000e-03 4.80000e-03 
1.92159e+02 1.61100e-01 7.99312e-03 7.99312e-03 5.50000e-03 5.50000e-03 
2.33771e+02 1.62000e-01 8.70000e-03 8.70000e-03 6.30000e-03 6.30000e-03 
2.92353e+02 1.68100e-01 9.62601e-03 9.62601e-03 7.10000e-03 7.10000e-03 
3.81484e+02 1.59300e-01 1.00896e-02 1.00896e-02 7.80000e-03 7.80000e-03 
5.39500e+02 1.69500e-01 1.18068e-02 1.18068e-02 9.20000e-03 9.20000e-03 
8.89944e+02 1.56500e-01 1.34015e-02 1.34015e-02 1.06000e-02 1.06000e-02 
1.89737e+03 1.36900e-01 4.12284e-02 4.12284e-02 4.03000e-02 4.03000e-02 
