#Source: CRDB
#Ref: 10.1103/PhysRevLett.108.011103 (2012PhRvL.108a1103A)
#Experiment: FERMI
#Y Quantity: e-
#X Quantity: kineticEnergy
#Url: https://lpsc.in2p3.fr/crdb
#Comments: 
#Colums: x, y, y statistical errors, y systematic errors
2.240e+01 1.540e-02 1.000e-04 1.000e-04 1.400e-03 1.400e-03 
2.820e+01 7.280e-03 6.000e-05 6.000e-05 6.500e-04 6.500e-04 
3.549e+01 3.410e-03 4.000e-05 4.000e-05 2.500e-04 2.500e-04 
4.466e+01 1.610e-03 3.000e-05 3.000e-05 1.200e-04 1.200e-04 
5.620e+01 7.890e-04 2.800e-05 2.800e-05 5.800e-05 5.800e-05 
7.077e+01 3.660e-04 2.300e-05 2.300e-05 2.700e-05 2.700e-05 
8.903e+01 1.670e-04 2.100e-05 2.100e-05 1.200e-05 1.200e-05 
1.120e+02 9.700e-05 1.200e-05 1.200e-05 8.000e-06 8.000e-06 
1.412e+02 4.810e-05 8.500e-06 8.500e-06 3.900e-06 3.900e-06 
1.779e+02 2.140e-05 6.900e-06 6.900e-06 1.100e-06 1.100e-06 
