#Source: CRDB
#Ref: 10.1103/PhysRevD.95.082007 (2017PhRvD..95h2007A)
#Experiment: FERMI
#Y Quantity: posfraction
#X Quantity: totalEnergy
#Url: https://lpsc.in2p3.fr/crdb
#Comments: 
#Colums: x, y, y statistical errors, y systematic errors
2.245e+01 9.400e-02 3.000e-03 3.000e-03 1.000e-02 1.000e-02 
2.826e+01 9.900e-02 3.000e-03 3.000e-03 1.100e-02 1.000e-02 
3.556e+01 1.130e-01 5.000e-03 5.000e-03 1.200e-02 1.200e-02 
4.475e+01 1.190e-01 8.000e-03 8.000e-03 1.300e-02 1.200e-02 
5.633e+01 1.190e-01 1.400e-02 1.400e-02 1.300e-02 1.200e-02 
7.093e+01 1.310e-01 2.900e-02 2.900e-02 1.400e-02 1.400e-02 
8.922e+01 1.890e-01 4.900e-02 4.900e-02 1.900e-02 1.800e-02 
1.122e+02 1.600e-01 4.500e-02 4.500e-02 2.300e-02 1.700e-02 
1.415e+02 2.100e-01 6.500e-02 6.500e-02 3.000e-02 2.100e-02 
1.783e+02 3.000e-01 1.300e-01 1.300e-01 4.000e-02 3.000e-02 
