#Source: SSDC
#Ref: 10.1103/PhysRevD.95.082007 (2017PhRvD..95h2007A)
#Experiment: FERMI
#Y Quantity: e+e-
#X Quantity: kineticEnergy
#Url: https://tools.ssdc.asi.it/CosmicRays/
#Comments: 
#Colums: x, y, y total errors, y statistical errors
4.528e+01 1.779e-03 3.143e-05 3.143e-05 2.643e-06 2.643e-06 
5.228e+01 1.137e-03 1.826e-05 1.826e-05 1.660e-06 1.660e-06 
6.038e+01 7.422e-04 2.301e-05 2.301e-05 1.228e-06 1.228e-06 
6.972e+01 4.655e-04 1.058e-05 1.058e-05 6.880e-07 6.880e-07 
8.051e+01 2.978e-04 6.578e-06 6.578e-06 5.563e-07 5.563e-07 
9.298e+01 1.927e-04 4.843e-06 4.843e-06 4.046e-07 4.046e-07 
1.074e+02 1.236e-04 3.170e-06 3.170e-06 2.397e-07 2.397e-07 
1.240e+02 8.059e-05 2.399e-06 2.399e-06 1.703e-07 1.703e-07 
1.432e+02 5.242e-05 1.852e-06 1.852e-06 1.293e-07 1.293e-07 
1.653e+02 3.329e-05 1.224e-06 1.224e-06 9.738e-08 9.738e-08 
1.909e+02 2.155e-05 7.079e-07 7.079e-07 5.855e-08 5.855e-08 
2.205e+02 1.398e-05 5.357e-07 5.357e-07 4.419e-08 4.419e-08 
2.546e+02 8.799e-06 3.788e-07 3.788e-07 3.386e-08 3.386e-08 
2.940e+02 5.876e-06 2.813e-07 2.813e-07 2.750e-08 2.750e-08 
3.395e+02 3.702e-06 1.771e-07 1.771e-07 1.776e-08 1.776e-08 
3.921e+02 2.330e-06 1.437e-07 1.337e-07 1.361e-08 1.361e-08 
4.528e+02 1.555e-06 1.335e-07 1.335e-07 1.045e-08 1.045e-08 
5.228e+02 9.622e-07 7.079e-08 7.079e-08 7.914e-09 7.914e-09 
6.038e+02 6.159e-07 4.627e-08 4.627e-08 5.396e-09 5.396e-09 
6.972e+02 4.112e-07 3.396e-08 3.396e-08 4.165e-09 4.165e-09 
8.051e+02 2.671e-07 2.311e-08 2.311e-08 3.249e-09 3.249e-09 
9.298e+02 1.628e-07 1.596e-08 1.596e-08 2.461e-09 2.461e-09 
1.074e+03 1.031e-07 9.681e-09 9.681e-09 1.834e-09 1.834e-09 
1.240e+03 6.314e-08 6.364e-09 6.364e-09 1.432e-09 1.432e-09 
1.432e+03 3.833e-08 5.106e-09 5.106e-09 1.050e-09 1.050e-09 
1.653e+03 2.571e-08 3.976e-09 3.976e-09 9.171e-10 9.171e-10 
1.909e+03 1.618e-08 2.326e-09 2.326e-09 6.251e-10 6.251e-10 
