#Source: SSDC
#Ref: 10.1103/PhysRevD.95.082007 (2017PhRvD..95h2007A)
#Experiment: FERMI
#Y Quantity: posfraction
#X Quantity: kineticEnergy
#Url: https://tools.ssdc.asi.it/CosmicRays/
#Comments: 
#Colums: x, y, y total errors, y statistical errors
2.245e+01 9.400e-02 1.044e-02 1.044e-02 3.000e-03 3.000e-03 
2.826e+01 9.900e-02 1.140e-02 1.044e-02 3.000e-03 3.000e-03 
3.556e+01 1.130e-01 1.300e-02 1.300e-02 5.000e-03 5.000e-03 
4.475e+01 1.190e-01 1.526e-02 1.442e-02 8.000e-03 8.000e-03 
5.633e+01 1.190e-01 1.910e-02 1.844e-02 1.400e-02 1.400e-02 
7.093e+01 1.310e-01 3.220e-02 3.220e-02 2.900e-02 2.900e-02 
8.922e+01 1.890e-01 5.255e-02 5.220e-02 4.900e-02 4.900e-02 
1.122e+02 1.600e-01 5.054e-02 4.810e-02 4.500e-02 4.500e-02 
1.415e+02 2.100e-01 7.159e-02 6.831e-02 6.500e-02 6.500e-02 
1.783e+02 3.000e-01 1.360e-01 1.334e-01 1.300e-01 1.300e-01 
