#Source: SSDC
#Ref: 10.1103/PhysRevLett.126.041104 (2021PhRvL.126d1104A)
#Experiment: AMS-02
#Quantity: Fe/Si
#Units: rigidity(original)
#Url: https://tools.ssdc.asi.it/CosmicRays/
#Comments: 
3.12591e+00 4.98800e-01 2.17702e-02 2.17702e-02 4.50000e-03 4.50000e-03 
3.46058e+00 4.98000e-01 1.98285e-02 1.98285e-02 4.10000e-03 4.10000e-03 
3.82528e+00 5.05000e-01 1.93186e-02 1.93186e-02 4.00000e-03 4.00000e-03 
4.22002e+00 5.26100e-01 1.96122e-02 1.96122e-02 4.00000e-03 4.00000e-03 
4.64956e+00 5.25400e-01 1.91606e-02 1.91606e-02 3.70000e-03 3.70000e-03 
5.11914e+00 5.38500e-01 1.94363e-02 1.94363e-02 3.60000e-03 3.60000e-03 
5.62877e+00 5.55800e-01 1.98479e-02 1.98479e-02 3.70000e-03 3.70000e-03 
6.17843e+00 5.62900e-01 2.00445e-02 2.00445e-02 3.70000e-03 3.70000e-03 
6.77291e+00 5.78400e-01 2.05543e-02 2.05543e-02 3.80000e-03 3.80000e-03 
7.41744e+00 5.76000e-01 2.04561e-02 2.04561e-02 3.80000e-03 3.80000e-03 
8.11202e+00 5.93300e-01 2.10642e-02 2.10642e-02 3.90000e-03 3.90000e-03 
8.86142e+00 5.99700e-01 2.12793e-02 2.12793e-02 4.00000e-03 4.00000e-03 
9.67088e+00 6.11900e-01 2.18083e-02 2.18083e-02 4.20000e-03 4.20000e-03 
1.05404e+01 6.22600e-01 2.22596e-02 2.22596e-02 4.50000e-03 4.50000e-03 
1.14891e+01 6.40900e-01 2.29085e-02 2.29085e-02 4.80000e-03 4.80000e-03 
1.24900e+01 6.40600e-01 2.31158e-02 2.31158e-02 5.30000e-03 5.30000e-03 
1.35388e+01 6.60700e-01 2.39635e-02 2.39635e-02 5.60000e-03 5.60000e-03 
1.46877e+01 6.64100e-01 2.41323e-02 2.41323e-02 5.90000e-03 5.90000e-03 
1.59367e+01 6.75300e-01 2.47164e-02 2.47164e-02 6.30000e-03 6.30000e-03 
1.72858e+01 7.01200e-01 2.58118e-02 2.58118e-02 6.80000e-03 6.80000e-03 
1.87350e+01 7.01900e-01 2.59887e-02 2.59887e-02 7.10000e-03 7.10000e-03 
2.02842e+01 7.18400e-01 2.66760e-02 2.66760e-02 7.50000e-03 7.50000e-03 
2.19335e+01 7.35600e-01 2.74609e-02 2.74609e-02 7.90000e-03 7.90000e-03 
2.37310e+01 7.40300e-01 2.76525e-02 2.76525e-02 7.90000e-03 7.90000e-03 
2.56805e+01 7.57300e-01 2.84675e-02 2.84675e-02 8.40000e-03 8.40000e-03 
2.77301e+01 7.74000e-01 2.92549e-02 2.92549e-02 8.80000e-03 8.80000e-03 
3.10612e+01 7.90100e-01 2.87640e-02 2.87640e-02 8.10000e-03 8.10000e-03 
3.60992e+01 7.80700e-01 2.87141e-02 2.87141e-02 8.90000e-03 8.90000e-03 
4.18854e+01 8.07500e-01 3.00821e-02 3.00821e-02 1.02000e-02 1.02000e-02 
4.85203e+01 7.91800e-01 3.01392e-02 3.01392e-02 1.14000e-02 1.14000e-02 
5.61040e+01 8.53600e-01 3.31210e-02 3.31210e-02 1.36000e-02 1.36000e-02 
6.48299e+01 8.58500e-01 3.40777e-02 3.40777e-02 1.52000e-02 1.52000e-02 
7.49056e+01 8.70100e-01 3.55879e-02 3.55879e-02 1.73000e-02 1.73000e-02 
8.65246e+01 8.76700e-01 3.70151e-02 3.70151e-02 1.96000e-02 1.96000e-02 
1.00220e+02 8.91800e-01 3.90544e-02 3.90544e-02 2.21000e-02 2.21000e-02 
1.16190e+02 8.83800e-01 4.07933e-02 4.07933e-02 2.53000e-02 2.53000e-02 
1.35554e+02 9.04900e-01 4.32782e-02 4.32782e-02 2.80000e-02 2.80000e-02 
1.60390e+02 8.77900e-01 4.42191e-02 4.42191e-02 3.02000e-02 3.02000e-02 
1.92159e+02 9.57900e-01 5.07711e-02 5.07711e-02 3.61000e-02 3.61000e-02 
2.33771e+02 9.53200e-01 5.41125e-02 5.41125e-02 4.04000e-02 4.04000e-02 
2.92353e+02 1.02700e+00 6.19317e-02 6.19317e-02 4.77000e-02 4.77000e-02 
3.81484e+02 9.53700e-01 6.37653e-02 6.37653e-02 5.15000e-02 5.15000e-02 
5.39500e+02 1.01200e+00 7.37317e-02 7.37317e-02 6.06000e-02 6.06000e-02 
8.89944e+02 9.84000e-01 8.70367e-02 8.70367e-02 7.37000e-02 7.37000e-02 
1.89737e+03 8.84000e-01 2.85002e-01 2.85002e-01 2.80600e-01 2.80600e-01 
