#Source: SSDC
#Ref: 10.1103/PhysRevLett.126.081102 ( )
#Experiment: AMS-02
#Quantity: F/Si
#Units: rigidity(original)
#Url: https://tools.ssdc.asi.it/CosmicRays/
#Comments: 2021PhRvL.126h1102A
2.27156e+00 1.35000e-01 7.76209e-03 7.76209e-03 2.00000e-03 2.00000e-03 
2.53140e+00 1.33800e-01 5.78705e-03 5.78705e-03 1.80000e-03 1.80000e-03 
2.81601e+00 1.37400e-01 5.37587e-03 5.37587e-03 1.70000e-03 1.70000e-03 
3.12591e+00 1.39200e-01 5.28110e-03 5.28110e-03 1.70000e-03 1.70000e-03 
3.46058e+00 1.40100e-01 5.15461e-03 5.15461e-03 1.60000e-03 1.60000e-03 
3.82528e+00 1.40000e-01 5.02892e-03 5.02892e-03 1.50000e-03 1.50000e-03 
4.22002e+00 1.37100e-01 4.93356e-03 4.93356e-03 1.50000e-03 1.50000e-03 
4.64956e+00 1.34800e-01 4.80833e-03 4.80833e-03 1.40000e-03 1.40000e-03 
5.11914e+00 1.33100e-01 4.68402e-03 4.68402e-03 1.30000e-03 1.30000e-03 
5.62877e+00 1.30400e-01 4.58803e-03 4.58803e-03 1.30000e-03 1.30000e-03 
6.17843e+00 1.27500e-01 4.49222e-03 4.49222e-03 1.30000e-03 1.30000e-03 
6.77291e+00 1.24600e-01 4.36807e-03 4.36807e-03 1.20000e-03 1.20000e-03 
7.41744e+00 1.20500e-01 4.27200e-03 4.27200e-03 1.20000e-03 1.20000e-03 
8.11202e+00 1.19100e-01 4.17612e-03 4.17612e-03 1.20000e-03 1.20000e-03 
8.86142e+00 1.15700e-01 4.08044e-03 4.08044e-03 1.20000e-03 1.20000e-03 
9.67088e+00 1.14200e-01 3.98497e-03 3.98497e-03 1.20000e-03 1.20000e-03 
1.05404e+01 1.11800e-01 4.01622e-03 4.01622e-03 1.30000e-03 1.30000e-03 
1.14891e+01 1.07900e-01 3.82753e-03 3.82753e-03 1.30000e-03 1.30000e-03 
1.24900e+01 1.06100e-01 3.86264e-03 3.86264e-03 1.40000e-03 1.40000e-03 
1.35388e+01 1.03800e-01 3.76962e-03 3.76962e-03 1.40000e-03 1.40000e-03 
1.46877e+01 1.02800e-01 3.80789e-03 3.80789e-03 1.50000e-03 1.50000e-03 
1.59367e+01 1.00100e-01 3.71618e-03 3.71618e-03 1.50000e-03 1.50000e-03 
1.72858e+01 9.80000e-02 3.62491e-03 3.62491e-03 1.50000e-03 1.50000e-03 
1.87350e+01 9.43000e-02 3.57771e-03 3.57771e-03 1.60000e-03 1.60000e-03 
2.02842e+01 9.22000e-02 3.48855e-03 3.48855e-03 1.60000e-03 1.60000e-03 
2.19335e+01 9.04000e-02 3.48855e-03 3.48855e-03 1.60000e-03 1.60000e-03 
2.37310e+01 9.25000e-02 3.57771e-03 3.57771e-03 1.60000e-03 1.60000e-03 
2.56805e+01 8.58000e-02 3.31210e-03 3.31210e-03 1.60000e-03 1.60000e-03 
2.77301e+01 8.36000e-02 3.31210e-03 3.31210e-03 1.60000e-03 1.60000e-03 
3.10612e+01 7.94000e-02 3.04631e-03 3.04631e-03 1.20000e-03 1.20000e-03 
3.60992e+01 7.61000e-02 2.99666e-03 2.99666e-03 1.30000e-03 1.30000e-03 
4.18854e+01 7.37000e-02 2.95296e-03 2.95296e-03 1.40000e-03 1.40000e-03 
4.85203e+01 6.89000e-02 2.91548e-03 2.91548e-03 1.50000e-03 1.50000e-03 
5.61040e+01 6.60000e-02 2.94109e-03 2.94109e-03 1.70000e-03 1.70000e-03 
6.48299e+01 5.98000e-02 2.84253e-03 2.84253e-03 1.80000e-03 1.80000e-03 
7.49056e+01 5.70000e-02 2.90000e-03 2.90000e-03 2.00000e-03 2.00000e-03 
8.65246e+01 5.57000e-02 3.04138e-03 3.04138e-03 2.20000e-03 2.20000e-03 
1.00220e+02 4.85000e-02 2.98329e-03 2.98329e-03 2.30000e-03 2.30000e-03 
1.16190e+02 5.43000e-02 3.50000e-03 3.50000e-03 2.80000e-03 2.80000e-03 
1.35554e+02 5.43000e-02 3.66197e-03 3.66197e-03 3.00000e-03 3.00000e-03 
1.60390e+02 4.50000e-02 3.49857e-03 3.49857e-03 3.00000e-03 3.00000e-03 
1.92159e+02 4.27000e-02 3.71214e-03 3.71214e-03 3.30000e-03 3.30000e-03 
2.33771e+02 4.37000e-02 4.20476e-03 4.20476e-03 3.80000e-03 3.80000e-03 
2.92353e+02 4.57000e-02 4.83322e-03 4.83322e-03 4.40000e-03 4.40000e-03 
3.81484e+02 3.72000e-02 4.75395e-03 4.75395e-03 4.40000e-03 4.40000e-03 
5.39500e+02 3.42000e-02 5.20000e-03 5.20000e-03 4.80000e-03 4.80000e-03 
8.89944e+02 3.33000e-02 6.53070e-03 6.53070e-03 5.90000e-03 5.90000e-03 
1.86548e+03 1.62000e-02 1.51954e-02 1.51954e-02 1.51000e-02 1.51000e-02 
