#Source: CRDB
#Ref: 10.1103/PhysRevD.89.123003 (2014PhRvD..89l3003T)
#Experiment: GAMMA
#Y Quantity: He
#X Quantity: totalEnergy
#Url: https://lpsc.in2p3.fr/crdb
#Comments: 
#Colums: x, y, y statistical errors, y systematic errors
1.000e+06 9.611e-13 1.509e-13 1.509e-13 0.000e+00 0.000e+00 
1.200e+06 5.875e-13 9.225e-14 9.225e-14 0.000e+00 0.000e+00 
1.440e+06 3.591e-13 5.639e-14 5.639e-14 0.000e+00 0.000e+00 
1.730e+06 2.206e-13 3.436e-14 3.436e-14 0.000e+00 0.000e+00 
2.070e+06 1.359e-13 2.228e-14 2.228e-14 0.000e+00 0.000e+00 
2.490e+06 8.321e-14 1.353e-14 1.353e-14 0.000e+00 0.000e+00 
2.990e+06 5.077e-14 8.255e-15 8.255e-15 0.000e+00 0.000e+00 
3.580e+06 3.147e-14 5.330e-15 5.330e-15 0.000e+00 0.000e+00 
4.300e+06 1.903e-14 3.250e-15 3.250e-15 0.000e+00 0.000e+00 
5.160e+06 1.154e-14 1.986e-15 1.986e-15 0.000e+00 0.000e+00 
6.190e+06 6.771e-15 1.157e-15 1.157e-15 0.000e+00 0.000e+00 
7.430e+06 3.817e-15 6.716e-16 6.716e-16 0.000e+00 0.000e+00 
8.920e+06 2.158e-15 3.884e-16 3.884e-16 0.000e+00 0.000e+00 
1.070e+07 1.175e-15 2.112e-16 2.112e-16 0.000e+00 0.000e+00 
1.284e+07 6.537e-16 1.210e-16 1.210e-16 0.000e+00 0.000e+00 
1.541e+07 3.600e-16 7.396e-17 7.396e-17 0.000e+00 0.000e+00 
1.849e+07 1.990e-16 4.221e-17 4.221e-17 0.000e+00 0.000e+00 
2.219e+07 1.105e-16 2.395e-17 2.395e-17 0.000e+00 0.000e+00 
2.662e+07 6.086e-17 1.352e-17 1.352e-17 0.000e+00 0.000e+00 
3.195e+07 3.374e-17 8.262e-18 8.262e-18 0.000e+00 0.000e+00 
3.834e+07 1.852e-17 5.050e-18 5.050e-18 0.000e+00 0.000e+00 
4.601e+07 1.029e-17 2.829e-18 2.829e-18 0.000e+00 0.000e+00 
5.521e+07 5.661e-18 1.572e-18 1.572e-18 0.000e+00 0.000e+00 
6.625e+07 3.172e-18 9.612e-19 9.612e-19 0.000e+00 0.000e+00 
7.950e+07 1.763e-18 5.288e-19 5.288e-19 0.000e+00 0.000e+00 
9.540e+07 9.696e-19 3.232e-19 3.232e-19 0.000e+00 0.000e+00 
1.145e+08 5.265e-19 1.755e-19 1.755e-19 0.000e+00 0.000e+00 
1.374e+08 2.950e-19 1.073e-19 1.073e-19 0.000e+00 0.000e+00 
1.648e+08 1.642e-19 5.745e-20 5.745e-20 0.000e+00 0.000e+00 
1.978e+08 9.025e-20 3.510e-20 3.510e-20 0.000e+00 0.000e+00 
