#Source: CRDB
#Ref: 10.1103/PhysRevD.89.123003 (2014PhRvD..89l3003T)
#Experiment: GAMMA
#Y Quantity: H
#X Quantity: totalEnergy
#Url: https://lpsc.in2p3.fr/crdb
#Comments: 
#Colums: x, y, y statistical errors, y systematic errors
1.000e+06 8.817e-13 1.191e-13 1.191e-13 0.000e+00 0.000e+00 
1.200e+06 5.438e-13 7.283e-14 7.283e-14 0.000e+00 0.000e+00 
1.440e+06 3.324e-13 4.452e-14 4.452e-14 0.000e+00 0.000e+00 
1.730e+06 2.043e-13 2.893e-14 2.893e-14 0.000e+00 0.000e+00 
2.070e+06 1.259e-13 1.782e-14 1.782e-14 0.000e+00 0.000e+00 
2.490e+06 7.509e-14 1.082e-14 1.082e-14 0.000e+00 0.000e+00 
2.990e+06 4.416e-14 7.017e-15 7.017e-15 0.000e+00 0.000e+00 
3.580e+06 2.538e-14 3.807e-15 3.807e-15 0.000e+00 0.000e+00 
4.300e+06 1.408e-14 2.167e-15 2.167e-15 0.000e+00 0.000e+00 
5.160e+06 7.851e-15 1.230e-15 1.230e-15 0.000e+00 0.000e+00 
6.190e+06 4.340e-15 6.944e-16 6.944e-16 0.000e+00 0.000e+00 
7.430e+06 2.403e-15 4.241e-16 4.241e-16 0.000e+00 0.000e+00 
8.920e+06 1.316e-15 2.374e-16 2.374e-16 0.000e+00 0.000e+00 
1.070e+07 7.261e-16 1.452e-16 1.452e-16 0.000e+00 0.000e+00 
1.284e+07 4.035e-16 8.070e-17 8.070e-17 0.000e+00 0.000e+00 
1.541e+07 2.219e-16 4.931e-17 4.931e-17 0.000e+00 0.000e+00 
1.849e+07 1.236e-16 3.015e-17 3.015e-17 0.000e+00 0.000e+00 
2.219e+07 6.817e-17 1.658e-17 1.658e-17 0.000e+00 0.000e+00 
2.662e+07 3.719e-17 1.014e-17 1.014e-17 0.000e+00 0.000e+00 
3.195e+07 2.066e-17 6.197e-18 6.197e-18 0.000e+00 0.000e+00 
3.834e+07 1.178e-17 3.367e-18 3.367e-18 0.000e+00 0.000e+00 
4.601e+07 6.430e-18 2.058e-18 2.058e-18 0.000e+00 0.000e+00 
5.521e+07 3.616e-18 1.101e-18 1.101e-18 0.000e+00 0.000e+00 
6.625e+07 1.922e-18 6.728e-19 6.728e-19 0.000e+00 0.000e+00 
7.950e+07 1.057e-18 4.113e-19 4.113e-19 0.000e+00 0.000e+00 
9.540e+07 6.105e-19 2.155e-19 2.155e-19 0.000e+00 0.000e+00 
1.145e+08 3.291e-19 1.316e-19 1.316e-19 0.000e+00 0.000e+00 
1.374e+08 1.877e-19 8.046e-20 8.046e-20 0.000e+00 0.000e+00 
1.648e+08 9.849e-20 4.104e-20 4.104e-20 0.000e+00 0.000e+00 
1.978e+08 5.515e-20 2.507e-20 2.507e-20 0.000e+00 0.000e+00 
