#Source: CRDB
#Ref: 10.1103/PhysRevD.89.123003 (2014PhRvD..89l3003T)
#Experiment: GAMMA
#Y Quantity: allParticle
#X Quantity: totalEnergy
#Url: https://lpsc.in2p3.fr/crdb
#Comments: 
#Colums: x, y, y statistical errors, y systematic errors
1.350e+06 1.200e-12 1.500e-13 1.500e-13 0.000e+00 0.000e+00 
1.650e+06 7.040e-13 6.700e-14 6.700e-14 0.000e+00 0.000e+00 
2.010e+06 4.090e-13 3.100e-14 3.100e-14 0.000e+00 0.000e+00 
2.460e+06 2.290e-13 1.400e-14 1.400e-14 0.000e+00 0.000e+00 
3.000e+06 1.330e-13 7.000e-15 7.000e-15 0.000e+00 0.000e+00 
3.670e+06 7.580e-14 2.800e-15 2.800e-15 0.000e+00 0.000e+00 
4.480e+06 4.360e-14 5.600e-15 5.600e-15 0.000e+00 0.000e+00 
5.470e+06 2.490e-14 3.000e-15 3.000e-15 0.000e+00 0.000e+00 
6.690e+06 1.360e-14 1.500e-15 1.500e-15 0.000e+00 0.000e+00 
8.170e+06 7.430e-15 7.600e-16 7.600e-16 0.000e+00 0.000e+00 
9.970e+06 3.960e-15 3.700e-16 3.700e-16 0.000e+00 0.000e+00 
1.220e+07 2.150e-15 2.100e-16 2.100e-16 0.000e+00 0.000e+00 
1.490e+07 1.140e-15 1.000e-16 1.000e-16 0.000e+00 0.000e+00 
1.820e+07 6.150e-16 5.300e-17 5.300e-17 0.000e+00 0.000e+00 
2.220e+07 3.510e-16 2.900e-17 2.900e-17 0.000e+00 0.000e+00 
2.710e+07 1.920e-16 1.500e-17 1.500e-17 0.000e+00 0.000e+00 
3.310e+07 1.090e-16 9.000e-18 9.000e-18 0.000e+00 0.000e+00 
4.040e+07 5.510e-17 4.400e-18 4.400e-18 0.000e+00 0.000e+00 
4.940e+07 3.070e-17 2.700e-18 2.700e-18 0.000e+00 0.000e+00 
6.030e+07 1.980e-17 1.900e-18 1.900e-18 0.000e+00 0.000e+00 
9.000e+07 6.610e-18 4.500e-19 4.500e-19 0.000e+00 0.000e+00 
1.480e+08 1.240e-18 1.800e-19 1.800e-19 0.000e+00 0.000e+00 
2.210e+08 2.760e-19 6.600e-20 6.600e-20 0.000e+00 0.000e+00 
