#Source: SSDC
#Ref: 10.1103/PhysRevLett.114.171103 (2015PhRvL.114q1103A)
#Experiment: AMS-02
#Quantity: H
#Units: rigidity(original)
#Url: https://tools.ssdc.asi.it/CosmicRays/
#Comments: Z=1
1.07634e+00 6.26900e+02 2.68119e+01 2.68119e+01 8.00000e-01 8.00000e-01 
1.24142e+00 6.62500e+02 2.26035e+01 2.26035e+01 4.00000e-01 4.00000e-01 
1.41648e+00 6.43200e+02 1.77045e+01 1.77045e+01 4.00000e-01 4.00000e-01 
1.60617e+00 6.05900e+02 1.51030e+01 1.51030e+01 3.00000e-01 3.00000e-01 
1.81125e+00 5.54400e+02 1.26016e+01 1.26016e+01 2.00000e-01 2.00000e-01 
2.03099e+00 4.99300e+02 1.04019e+01 1.04019e+01 2.00000e-01 2.00000e-01 
2.27076e+00 4.42000e+02 8.50235e+00 8.50235e+00 2.00000e-01 2.00000e-01 
2.53056e+00 3.87800e+02 6.90072e+00 6.90072e+00 1.00000e-01 1.00000e-01 
2.81508e+00 3.35900e+02 5.60089e+00 5.60089e+00 1.00000e-01 1.00000e-01 
3.12495e+00 2.88200e+02 4.60109e+00 4.60109e+00 1.00000e-01 1.00000e-01 
3.45955e+00 2.45300e+02 3.70135e+00 3.70135e+00 1.00000e-01 1.00000e-01 
3.82418e+00 2.06800e+02 3.00167e+00 3.00167e+00 1.00000e-01 1.00000e-01 
4.21886e+00 1.73100e+02 2.50200e+00 2.50200e+00 1.00000e-01 1.00000e-01 
4.64829e+00 1.43800e+02 2.00000e+00 2.00000e+00 0.00000e+00 0.00000e+00 
5.11777e+00 1.18400e+02 1.60000e+00 1.60000e+00 0.00000e+00 0.00000e+00 
5.62731e+00 9.69100e+01 1.30035e+00 1.30035e+00 3.00000e-02 3.00000e-02 
6.17690e+00 7.90300e+01 1.04019e+00 1.04019e+00 2.00000e-02 2.00000e-02 
6.77126e+00 6.42000e+01 8.30241e-01 8.30241e-01 2.00000e-02 2.00000e-02 
7.41568e+00 5.19700e+01 6.70298e-01 6.70298e-01 2.00000e-02 2.00000e-02 
8.11015e+00 4.20000e+01 5.40093e-01 5.40093e-01 1.00000e-02 1.00000e-02 
8.85942e+00 3.38600e+01 4.30116e-01 4.30116e-01 1.00000e-02 1.00000e-02 
9.66876e+00 2.72400e+01 3.40147e-01 3.40147e-01 1.00000e-02 1.00000e-02 
1.05382e+01 2.19000e+01 2.80179e-01 2.80179e-01 1.00000e-02 1.00000e-02 
1.14866e+01 1.75800e+01 2.20227e-01 2.20227e-01 1.00000e-02 1.00000e-02 
1.24877e+01 1.41700e+01 1.80278e-01 1.80278e-01 1.00000e-02 1.00000e-02 
1.35362e+01 1.14800e+01 1.50000e-01 1.50000e-01 0.00000e+00 0.00000e+00 
1.46849e+01 9.26600e+00 1.18068e-01 1.18068e-01 4.00000e-03 4.00000e-03 
1.59337e+01 7.46000e+00 9.50474e-02 9.50474e-02 3.00000e-03 3.00000e-03 
1.72825e+01 5.99500e+00 7.70584e-02 7.70584e-02 3.00000e-03 3.00000e-03 
1.87315e+01 4.83200e+00 6.20322e-02 6.20322e-02 2.00000e-03 2.00000e-03 
2.02806e+01 3.89400e+00 5.00400e-02 5.00400e-02 2.00000e-03 2.00000e-03 
2.19297e+01 3.15100e+00 4.10488e-02 4.10488e-02 2.00000e-03 2.00000e-03 
2.37266e+01 2.53800e+00 3.30151e-02 3.30151e-02 1.00000e-03 1.00000e-03 
2.56760e+01 2.04000e+00 2.60192e-02 2.60192e-02 1.00000e-03 1.00000e-03 
2.77255e+01 1.65000e+00 2.10238e-02 2.10238e-02 1.00000e-03 1.00000e-03 
2.99228e+01 1.33500e+00 1.70294e-02 1.70294e-02 1.00000e-03 1.00000e-03 
3.22725e+01 1.08200e+00 1.40357e-02 1.40357e-02 1.00000e-03 1.00000e-03 
3.47700e+01 8.79100e-01 1.15156e-02 1.15156e-02 6.00000e-04 6.00000e-04 
3.74678e+01 7.13200e-01 9.31343e-03 9.31343e-03 5.00000e-04 5.00000e-04 
4.03656e+01 5.79300e-01 7.61643e-03 7.61643e-03 5.00000e-04 5.00000e-04 
4.34637e+01 4.71600e-01 6.21289e-03 6.21289e-03 4.00000e-04 4.00000e-04 
4.67619e+01 3.83900e-01 5.11566e-03 5.11566e-03 4.00000e-04 4.00000e-04 
5.03081e+01 3.12800e-01 4.21070e-03 4.21070e-03 3.00000e-04 3.00000e-04 
5.41067e+01 2.54900e-01 3.41321e-03 3.41321e-03 3.00000e-04 3.00000e-04 
5.81533e+01 2.08000e-01 2.80713e-03 2.80713e-03 2.00000e-04 2.00000e-04 
6.25001e+01 1.70100e-01 2.30868e-03 2.30868e-03 2.00000e-04 2.00000e-04 
6.71949e+01 1.39300e-01 1.91050e-03 1.91050e-03 2.00000e-04 2.00000e-04 
7.22423e+01 1.13200e-01 1.51327e-03 1.51327e-03 2.00000e-04 2.00000e-04 
7.76378e+01 9.26300e-02 1.27664e-03 1.27664e-03 1.30000e-04 1.30000e-04 
8.34335e+01 7.53000e-02 1.04690e-03 1.04690e-03 1.20000e-04 1.20000e-04 
8.96774e+01 6.14600e-02 8.55862e-04 8.55862e-04 1.00000e-04 1.00000e-04 
9.64217e+01 5.02600e-02 7.05762e-04 7.05762e-04 9.00000e-05 9.00000e-05 
1.03905e+02 4.08500e-02 5.84209e-04 5.84209e-04 7.00000e-05 7.00000e-05 
1.11912e+02 3.29400e-02 4.75184e-04 4.75184e-04 7.00000e-05 7.00000e-05 
1.20396e+02 2.69800e-02 3.94588e-04 3.94588e-04 6.00000e-05 6.00000e-05 
1.29881e+02 2.17400e-02 3.23883e-04 3.23883e-04 5.00000e-05 5.00000e-05 
1.40842e+02 1.72700e-02 2.63059e-04 2.63059e-04 4.00000e-05 4.00000e-05 
1.53330e+02 1.35800e-02 2.12132e-04 2.12132e-04 3.00000e-05 3.00000e-05 
1.67293e+02 1.06500e-02 1.72627e-04 1.72627e-04 3.00000e-05 3.00000e-05 
1.83257e+02 8.21200e-03 1.34974e-04 1.34974e-04 2.30000e-05 2.30000e-05 
2.01224e+02 6.29900e-03 1.05721e-04 1.05721e-04 1.90000e-05 1.90000e-05 
2.21664e+02 4.79300e-03 8.43445e-05 8.43445e-05 1.50000e-05 1.50000e-05 
2.45576e+02 3.60500e-03 6.60984e-05 6.60984e-05 1.20000e-05 1.20000e-05 
2.74426e+02 2.64700e-03 4.98197e-05 4.98197e-05 9.00000e-06 9.00000e-06 
3.09744e+02 1.88400e-03 3.76563e-05 3.76563e-05 7.00000e-06 7.00000e-06 
3.53455e+02 1.28800e-03 2.74591e-05 2.74591e-05 5.00000e-06 5.00000e-06 
4.08553e+02 8.69500e-04 1.98668e-05 1.98668e-05 3.80000e-06 3.80000e-06 
4.80744e+02 5.54500e-04 1.37481e-05 1.37481e-05 2.60000e-06 2.60000e-06 
5.80317e+02 3.35700e-04 9.35575e-06 9.35575e-06 1.70000e-06 1.70000e-06 
7.25736e+02 1.86000e-04 6.08276e-06 6.08276e-06 1.00000e-06 1.00000e-06 
9.60941e+02 8.57100e-05 3.58935e-06 3.58935e-06 5.30000e-07 5.30000e-07 
1.41726e+03 2.93300e-05 1.74270e-06 1.74270e-06 2.10000e-07 2.10000e-07 
