#Source: CRDB
#Ref: Panov et al., Bull. Russian Acad. Sci. 73, 564 (2009) ()
#Experiment: ATIC02
#Quantity: H
#Units: total Energy
#Url: https://lpsc.in2p3.fr/crdb
#Comments: 
3.10000e+04 9.16000e-09 2.48000e-09 2.48000e-09 2.48000e-09 2.48000e-09 
1.96000e+04 3.89000e-08 7.00000e-09 7.00000e-09 7.00000e-09 7.00000e-09 
1.23000e+04 1.37000e-07 1.50000e-08 1.50000e-08 1.50000e-08 1.50000e-08 
7.79000e+03 4.23000e-07 3.90000e-08 3.90000e-08 3.90000e-08 3.90000e-08 
4.92000e+03 1.40000e-06 1.00000e-07 1.00000e-07 1.00000e-07 1.00000e-07 
3.10000e+03 4.83000e-06 2.30000e-07 2.30000e-07 2.30000e-07 2.30000e-07 
1.96000e+03 1.58000e-05 5.00000e-07 5.00000e-07 5.00000e-07 5.00000e-07 
1.23000e+03 5.24000e-05 1.40000e-06 1.40000e-06 1.40000e-06 1.40000e-06 
7.79000e+02 1.78000e-04 3.00000e-06 3.00000e-06 3.00000e-06 3.00000e-06 
4.92000e+02 5.95000e-04 7.00000e-06 7.00000e-06 7.00000e-06 7.00000e-06 
3.10000e+02 2.01000e-03 2.00000e-05 2.00000e-05 2.00000e-05 2.00000e-05 
1.96000e+02 7.07000e-03 5.00000e-05 5.00000e-05 5.00000e-05 5.00000e-05 
1.23000e+02 2.50000e-02 1.00000e-04 1.00000e-04 1.00000e-04 1.00000e-04 
7.79000e+01 8.90000e-02 5.00000e-04 5.00000e-04 5.00000e-04 5.00000e-04 
4.92000e+01 3.21000e-01 3.00000e-03 3.00000e-03 3.00000e-03 3.00000e-03 
