# credit: Ref. Yoon et al., ApJ, 839:5, 2017# rigidity [GV] - flux [] - flux_error_low [] - flux_error_high [] 
1.23204e+03   4.07000e-05   5.00000e-07   5.00000e-07   
1.95041e+03   1.21000e-05   2.00000e-07   2.00000e-07   
3.09553e+03   3.72000e-06   1.00000e-07   1.00000e-07   
4.90761e+03   1.16000e-06   5.00000e-08   5.00000e-08   
7.77882e+03   3.63000e-07   2.00000e-09   2.00000e-09   
1.23120e+04   1.10000e-07   9.00000e-09   9.00000e-09   
1.94956e+04   3.14000e-08   3.80000e-09   3.80000e-09   
3.09469e+04   8.21000e-09   1.50000e-09   1.50000e-09   
4.90677e+04   1.99000e-09   6.00000e-10   6.00000e-10   
7.77798e+04   5.90000e-10   1.70000e-10   3.20000e-10   
1.23111e+05   1.60000e-10   1.00000e-10   1.60000e-10   
1.94948e+05   4.50000e-11   1.30000e-11   2.80000e-11   
