# credit: CRDB Database lpsc.in2p3.fr/cosmic-rays-db 
# rigidity [GV] - flux [] - flux_error_low [] - flux_error_high [] 
3.09455e+03   3.72000e-06   1.00000e-07   1.00000e-07   
4.91896e+03   1.10000e-06   4.00000e-08   4.00000e-08   
7.77153e+03   3.19000e-07   1.90000e-08   1.90000e-08   
1.23754e+04   9.47000e-08   8.00000e-09   8.00000e-09   
1.96087e+04   2.80000e-08   3.50000e-09   3.50000e-09   
3.09370e+04   8.10000e-09   1.50000e-09   1.50000e-09   
4.91811e+04   2.20000e-09   6.00000e-10   6.00000e-10   
7.77069e+04   6.10000e-10   2.20000e-10   2.60000e-10   
1.23745e+05   1.80000e-10   9.00000e-11   1.20000e-10   
1.96079e+05   4.20000e-11   3.40000e-11   5.40000e-11   
