#Source: KCDC
#Ref:  ()
#Experiment: KASCADE
#Quantity: H
#Units: total Energy
#Url: https://kcdc.ikp.kit.edu/spectra/
#Comments: 
1.12201e+06 4.26057e-13 2.57132e-14 2.57132e-14 0.00000e+00 0.00000e+00 
1.41254e+06 2.48859e-13 1.21841e-14 1.21841e-14 0.00000e+00 0.00000e+00 
1.77828e+06 1.32199e-13 6.44112e-15 6.44112e-15 0.00000e+00 0.00000e+00 
2.23872e+06 6.02125e-14 3.63999e-15 3.63999e-15 0.00000e+00 0.00000e+00 
2.82038e+06 2.45679e-14 1.91058e-15 1.91058e-15 0.00000e+00 0.00000e+00 
3.54814e+06 1.07787e-14 1.14318e-15 1.14318e-15 0.00000e+00 0.00000e+00 
4.46683e+06 4.15857e-15 6.36202e-16 6.36202e-16 0.00000e+00 0.00000e+00 
5.62341e+06 1.24309e-15 3.92924e-16 3.92924e-16 0.00000e+00 0.00000e+00 
7.07945e+06 1.71153e-16 1.69332e-16 1.69332e-16 0.00000e+00 0.00000e+00 
8.91250e+06 8.44633e-18 3.49450e-17 3.49450e-17 0.00000e+00 0.00000e+00 
1.12201e+07 5.52341e-19 1.66593e-17 1.66593e-17 0.00000e+00 0.00000e+00 
1.41253e+07 2.02031e-19 4.34176e-18 4.34176e-18 0.00000e+00 0.00000e+00 
1.77827e+07 1.59598e-19 2.18877e-18 2.18877e-18 0.00000e+00 0.00000e+00 
2.23872e+07 2.54189e-19 6.57717e-18 6.57717e-18 0.00000e+00 0.00000e+00 
2.82038e+07 3.90129e-19 1.61686e-18 1.61686e-18 0.00000e+00 0.00000e+00 
3.54813e+07 4.40245e-18 4.52113e-18 4.52113e-18 0.00000e+00 0.00000e+00 
4.46683e+07 4.83988e-18 3.28267e-18 3.28267e-18 0.00000e+00 0.00000e+00 
5.62341e+07 2.42064e-18 1.62257e-18 1.62257e-18 0.00000e+00 0.00000e+00 
7.07945e+07 2.17904e-21 1.11914e-18 1.11914e-18 0.00000e+00 0.00000e+00 
8.91251e+07 9.39874e-19 7.77899e-19 7.77899e-19 0.00000e+00 0.00000e+00 
