#Source: KCDC
#Ref:  ()
#Experiment: KASCADE
#Quantity: H
#Units: total Energy
#Url: https://kcdc.ikp.kit.edu/spectra/
#Comments: 
1.12202e+06 2.87879e-13 6.83356e-15 6.83356e-15 0.00000e+00 0.00000e+00 
1.41254e+06 1.67429e-13 3.90725e-15 3.90725e-15 0.00000e+00 0.00000e+00 
1.77828e+06 8.22498e-14 2.10020e-15 2.10020e-15 0.00000e+00 0.00000e+00 
2.23872e+06 3.37698e-14 1.01343e-15 1.01343e-15 0.00000e+00 0.00000e+00 
2.81838e+06 1.38632e-14 6.02999e-16 6.02999e-16 0.00000e+00 0.00000e+00 
3.54813e+06 6.68643e-15 4.41628e-16 4.41628e-16 0.00000e+00 0.00000e+00 
4.46684e+06 3.25017e-15 2.74012e-16 2.74012e-16 0.00000e+00 0.00000e+00 
5.62341e+06 1.36175e-15 1.24736e-16 1.24736e-16 0.00000e+00 0.00000e+00 
7.07946e+06 4.83059e-16 5.28953e-17 5.28953e-17 0.00000e+00 0.00000e+00 
8.91251e+06 1.67437e-16 2.32142e-17 2.32142e-17 0.00000e+00 0.00000e+00 
1.12202e+07 6.47918e-17 1.11001e-17 1.11001e-17 0.00000e+00 0.00000e+00 
1.41254e+07 1.89239e-17 4.76888e-18 4.76888e-18 0.00000e+00 0.00000e+00 
1.77828e+07 5.84411e-18 2.21845e-18 2.21845e-18 0.00000e+00 0.00000e+00 
2.23872e+07 3.80770e-18 1.16865e-18 1.16865e-18 0.00000e+00 0.00000e+00 
2.81838e+07 8.89047e-19 1.10994e-18 1.10994e-18 0.00000e+00 0.00000e+00 
3.54813e+07 1.35163e-19 1.22430e-18 1.22430e-18 0.00000e+00 0.00000e+00 
4.46684e+07 6.56206e-19 8.58566e-19 8.58566e-19 0.00000e+00 0.00000e+00 
5.62341e+07 2.40782e-18 1.39013e-18 1.39013e-18 0.00000e+00 0.00000e+00 
7.07946e+07 7.27680e-20 9.61127e-19 9.61127e-19 0.00000e+00 0.00000e+00 
8.91251e+07 4.41392e-19 6.54339e-19 6.54339e-19 0.00000e+00 0.00000e+00 
