#Source: CRDB
#Ref: 10.1016/j.nima.2013.09.018 (2014NIMPA.756...94P )
#Experiment: TUNKA-133
#Quantity: H
#Units: total energy
#Url: https://lpsc.in2p3.fr/crdb
#Comments: QGSJet01
8.91250e+06 1.19033e-15 6.56498e-16 6.54594e-16 3.11637e-16 3.07606e-16 
1.12200e+07 5.57881e-16 2.88582e-16 2.85747e-16 9.92709e-17 9.06989e-17 
1.41252e+07 2.55165e-16 1.30555e-16 1.30438e-16 2.67605e-17 2.61814e-17 
1.77829e+07 1.02091e-16 6.39224e-17 6.42313e-17 1.52934e-17 1.65370e-17 
2.23871e+07 5.62649e-17 3.18825e-17 3.19420e-17 6.99759e-18 7.26377e-18 
2.81839e+07 2.41001e-17 1.65596e-17 1.65857e-17 4.18927e-18 4.29129e-18 
3.54808e+07 1.46124e-17 8.73849e-18 8.65660e-18 3.84263e-18 3.65259e-18 
4.46682e+07 7.85309e-18 4.22696e-18 4.19905e-18 1.42360e-18 1.33848e-18 
5.62341e+07 2.25837e-18 2.12460e-18 2.13424e-18 8.09668e-19 8.34635e-19 
7.07948e+07 1.70132e-18 1.18586e-18 1.15507e-18 5.33295e-19 4.60802e-19 
8.91250e+07 5.47717e-19 6.02655e-19 6.18221e-19 2.96273e-19 3.26775e-19 
1.41252e+08 2.46993e-19 1.65682e-19 1.66989e-19 1.00736e-19 1.02872e-19 
2.81839e+08 2.62208e-20 2.24715e-20 2.25229e-20 1.57304e-20 1.58037e-20 
5.62341e+08 6.20741e-21 4.08956e-21 4.20216e-21 3.72370e-21 3.84703e-21 
