#Source: SSDC
#Ref: 10.1103/PhysRevLett.119.251101 ()
#Experiment: AMS-02
#Quantity: He
#Units: rigidity(original)
#Url: https://tools.ssdc.asi.it/CosmicRays/
#Comments: Z=2
2.03099e+00 5.96800e+01 1.35882e+00 1.35882e+00 4.71900e-02 4.71900e-02 
2.27076e+00 5.57200e+01 8.87935e-01 8.87935e-01 4.07300e-02 4.07300e-02 
2.53056e+00 5.05000e+01 7.14049e-01 7.14049e-01 3.48200e-02 3.48200e-02 
2.81508e+00 4.56100e+01 6.15509e-01 6.15509e-01 2.95400e-02 2.95400e-02 
3.12495e+00 4.06600e+01 5.45593e-01 5.45593e-01 2.54400e-02 2.54400e-02 
3.45955e+00 3.56500e+01 4.84962e-01 4.84962e-01 2.11600e-02 2.11600e-02 
3.82418e+00 3.08500e+01 4.27082e-01 4.27082e-01 1.80500e-02 1.80500e-02 
4.21886e+00 2.64000e+01 3.70514e-01 3.70514e-01 1.52400e-02 1.52400e-02 
4.64829e+00 2.23300e+01 3.15642e-01 3.15642e-01 1.23600e-02 1.23600e-02 
5.11777e+00 1.87000e+01 2.64189e-01 2.64189e-01 9.98500e-03 9.98500e-03 
5.62731e+00 1.55200e+01 2.17959e-01 2.17959e-01 8.31800e-03 8.31800e-03 
6.17690e+00 1.28200e+01 1.78235e-01 1.78235e-01 6.93900e-03 6.93900e-03 
6.77126e+00 1.05400e+01 1.44812e-01 1.44812e-01 5.70100e-03 5.70100e-03 
7.41568e+00 8.63300e+00 1.17094e-01 1.17094e-01 4.69200e-03 4.69200e-03 
8.11015e+00 7.06800e+00 9.47096e-02 9.47096e-02 3.88100e-03 3.88100e-03 
8.85942e+00 5.77000e+00 7.65584e-02 7.65584e-02 3.23500e-03 3.23500e-03 
9.66876e+00 4.71600e+00 6.21209e-02 6.21209e-02 2.75000e-03 2.75000e-03 
1.05382e+01 3.84200e+00 5.03753e-02 5.03753e-02 2.36000e-03 2.36000e-03 
1.14866e+01 3.12100e+00 4.08286e-02 4.08286e-02 1.99100e-03 1.99100e-03 
1.24877e+01 2.55000e+00 3.33373e-02 3.33373e-02 1.77600e-03 1.77600e-03 
1.35362e+01 2.08600e+00 2.72919e-02 2.72919e-02 1.51100e-03 1.51100e-03 
1.46849e+01 1.70100e+00 2.22972e-02 2.22972e-02 1.28700e-03 1.28700e-03 
1.59337e+01 1.38600e+00 1.81930e-02 1.81930e-02 1.09500e-03 1.09500e-03 
1.72825e+01 1.12500e+00 1.48092e-02 1.48092e-02 9.29000e-04 9.29000e-04 
1.87315e+01 9.15100e-01 1.20857e-02 1.20857e-02 7.87300e-04 7.87300e-04 
2.02806e+01 7.42300e-01 9.83129e-03 9.83129e-03 6.61700e-04 6.61700e-04 
2.19297e+01 6.04700e-01 8.03602e-03 8.03602e-03 5.52600e-04 5.52600e-04 
2.37266e+01 4.92500e-01 6.56552e-03 6.56552e-03 4.51200e-04 4.51200e-04 
2.56760e+01 3.99600e-01 5.34755e-03 5.34755e-03 3.80500e-04 3.80500e-04 
2.77255e+01 3.26300e-01 4.38188e-03 4.38188e-03 3.22500e-04 3.22500e-04 
2.99228e+01 2.66200e-01 3.58926e-03 3.58926e-03 2.71200e-04 2.71200e-04 
3.22725e+01 2.17400e-01 2.94144e-03 2.94144e-03 2.35500e-04 2.35500e-04 
3.47700e+01 1.78000e-01 2.41946e-03 2.41946e-03 2.02100e-04 2.02100e-04 
3.74678e+01 1.45700e-01 1.98770e-03 1.98770e-03 1.74800e-04 1.74800e-04 
4.03656e+01 1.18900e-01 1.62913e-03 1.62913e-03 1.52300e-04 1.52300e-04 
4.34637e+01 9.73200e-02 1.33863e-03 1.33863e-03 1.33100e-04 1.33100e-04 
4.67619e+01 8.01000e-02 1.10619e-03 1.10619e-03 1.16900e-04 1.16900e-04 
5.03081e+01 6.53600e-02 9.05948e-04 9.05948e-04 1.01000e-04 1.01000e-04 
5.41067e+01 5.38000e-02 7.48614e-04 7.48614e-04 8.90400e-05 8.90400e-05 
5.81533e+01 4.42300e-02 6.17595e-04 6.17595e-04 7.76000e-05 7.76000e-05 
6.25001e+01 3.63300e-02 5.09231e-04 5.09231e-04 6.77800e-05 6.77800e-05 
6.71949e+01 2.98600e-02 4.20028e-04 4.20028e-04 5.87400e-05 5.87400e-05 
7.22423e+01 2.45800e-02 3.46957e-04 3.46957e-04 5.15900e-05 5.15900e-05 
7.76378e+01 2.02000e-02 2.86251e-04 2.86251e-04 4.49500e-05 4.49500e-05 
8.34335e+01 1.65600e-02 2.35487e-04 2.35487e-04 3.92100e-05 3.92100e-05 
8.96774e+01 1.36200e-02 1.94607e-04 1.94607e-04 3.40800e-05 3.40800e-05 
9.64217e+01 1.12500e-02 1.61368e-04 1.61368e-04 2.97600e-05 2.97600e-05 
1.03905e+02 9.16900e-03 1.32099e-04 1.32099e-04 2.50600e-05 2.50600e-05 
1.11912e+02 7.47000e-03 1.08472e-04 1.08472e-04 2.25600e-05 2.25600e-05 
1.20396e+02 6.09200e-03 8.90827e-05 8.90827e-05 1.91500e-05 1.91500e-05 
1.29881e+02 4.95700e-03 7.31094e-05 7.31094e-05 1.63400e-05 1.63400e-05 
1.40842e+02 3.96100e-03 5.89597e-05 5.89597e-05 1.33000e-05 1.33000e-05 
1.53330e+02 3.14600e-03 4.75058e-05 4.75058e-05 1.13500e-05 1.13500e-05 
1.67293e+02 2.48900e-03 3.81591e-05 3.81591e-05 9.37300e-06 9.37300e-06 
1.83257e+02 1.92900e-03 3.01374e-05 3.01374e-05 7.72700e-06 7.72700e-06 
2.01224e+02 1.50400e-03 2.40280e-05 2.40280e-05 6.43600e-06 6.43600e-06 
2.21664e+02 1.14600e-03 1.87759e-05 1.87759e-05 5.20500e-06 5.20500e-06 
2.45576e+02 8.72100e-04 1.47119e-05 1.47119e-05 4.16500e-06 4.16500e-06 
2.74426e+02 6.45300e-04 1.12797e-05 1.12797e-05 3.22100e-06 3.22100e-06 
3.09744e+02 4.67300e-04 8.54173e-06 8.54173e-06 2.47600e-06 2.47600e-06 
3.53455e+02 3.29900e-04 6.37016e-06 6.37016e-06 1.85200e-06 1.85200e-06 
4.08553e+02 2.22100e-04 4.59325e-06 4.59325e-06 1.34800e-06 1.34800e-06 
4.80744e+02 1.44500e-04 3.24673e-06 3.24673e-06 9.32300e-07 9.32300e-07 
5.80317e+02 8.89000e-05 2.22591e-06 2.22591e-06 6.15900e-07 6.15900e-07 
7.25736e+02 4.85600e-05 1.40435e-06 1.40435e-06 3.69000e-07 3.69000e-07 
9.60941e+02 2.36800e-05 8.37774e-07 8.37774e-07 1.96100e-07 1.96100e-07 
1.41726e+03 8.54200e-06 4.21099e-07 4.21099e-07 7.96400e-08 7.96400e-08 
2.30632e+03 2.46300e-06 1.96107e-07 1.96107e-07 3.18700e-08 3.18700e-08 
