# credit: SSDC Cosmic Ray Database tools.asdc.asi.it/CosmicRays 
# rigidity [GV] - flux [] - flux_error_low [] - flux_error_high [] 
2.02915e+00   5.96800e+01   1.92121e+00   1.92121e+00   
2.26882e+00   5.57200e+01   1.25506e+00   1.25506e+00   
2.52853e+00   5.05000e+01   1.00924e+00   1.00924e+00   
2.81282e+00   4.56100e+01   8.69962e-01   8.69962e-01   
3.12264e+00   4.06600e+01   7.71158e-01   7.71158e-01   
3.45704e+00   3.56500e+01   6.85475e-01   6.85475e-01   
3.82152e+00   3.08500e+01   6.03750e-01   6.03750e-01   
4.21605e+00   2.64000e+01   5.23763e-01   5.23763e-01   
4.64521e+00   2.23300e+01   4.46186e-01   4.46186e-01   
5.11446e+00   1.87000e+01   3.73503e-01   3.73503e-01   
5.62378e+00   1.55200e+01   3.08115e-01   3.08115e-01   
6.17318e+00   1.28200e+01   2.51988e-01   2.51988e-01   
6.76724e+00   1.05400e+01   2.04657e-01   2.04657e-01   
7.41139e+00   8.63300e+00   1.65488e-01   1.65488e-01   
8.10563e+00   7.06800e+00   1.33887e-01   1.33887e-01   
8.85456e+00   5.77000e+00   1.08222e-01   1.08222e-01   
9.66360e+00   4.71600e+00   8.78031e-02   8.78031e-02   
1.05327e+01   3.84200e+00   7.12015e-02   7.12015e-02   
1.14804e+01   3.12100e+00   5.77056e-02   5.77056e-02   
1.24820e+01   2.55000e+00   4.71139e-02   4.71139e-02   
1.35299e+01   2.08600e+00   3.85648e-02   3.85648e-02   
1.46780e+01   1.70100e+00   3.15062e-02   3.15062e-02   
1.59262e+01   1.38600e+00   2.57065e-02   2.57065e-02   
1.72745e+01   1.12500e+00   2.09201e-02   2.09201e-02   
1.87230e+01   9.15100e-01   1.70723e-02   1.70723e-02   
2.02716e+01   7.42300e-01   1.38874e-02   1.38874e-02   
2.19204e+01   6.04700e-01   1.13511e-02   1.13511e-02   
2.37158e+01   4.92500e-01   9.27412e-03   9.27412e-03   
2.56650e+01   3.99600e-01   7.55296e-03   7.55296e-03   
2.77142e+01   3.26300e-01   6.18839e-03   6.18839e-03   
2.99103e+01   2.66200e-01   5.06835e-03   5.06835e-03   
3.22599e+01   2.17400e-01   4.15351e-03   4.15351e-03   
3.47563e+01   1.78000e-01   3.41572e-03   3.41572e-03   
3.74530e+01   1.45700e-01   2.80515e-03   2.80515e-03   
4.03499e+01   1.18900e-01   2.29835e-03   2.29835e-03   
4.34470e+01   9.73200e-02   1.88827e-03   1.88827e-03   
4.67444e+01   8.01000e-02   1.55982e-03   1.55982e-03   
5.02888e+01   6.53600e-02   1.27723e-03   1.27723e-03   
5.40868e+01   5.38000e-02   1.05493e-03   1.05493e-03   
5.81318e+01   4.42300e-02   8.69932e-04   8.69932e-04   
6.24772e+01   3.63300e-02   7.16940e-04   7.16940e-04   
6.71697e+01   2.98600e-02   5.91095e-04   5.91095e-04   
7.22158e+01   2.45800e-02   4.87966e-04   4.87966e-04   
7.76092e+01   2.02000e-02   4.02283e-04   4.02283e-04   
8.34030e+01   1.65600e-02   3.30738e-04   3.30738e-04   
8.96441e+01   1.36200e-02   2.73079e-04   2.73079e-04   
9.63857e+01   1.12500e-02   2.26253e-04   2.26253e-04   
1.03862e+02   9.16900e-03   1.85164e-04   1.85164e-04   
1.11871e+02   7.47000e-03   1.51749e-04   1.51749e-04   
1.20349e+02   6.09200e-03   1.24514e-04   1.24514e-04   
1.29827e+02   4.95700e-03   1.02094e-04   1.02094e-04   
1.40770e+02   3.96100e-03   8.23164e-05   8.23164e-05   
1.53252e+02   3.14600e-03   6.62138e-05   6.62138e-05   
1.67198e+02   2.48900e-03   5.31455e-05   5.31455e-05   
1.83146e+02   1.92900e-03   4.19120e-05   4.19120e-05   
2.01097e+02   1.50400e-03   3.33669e-05   3.33669e-05   
2.21509e+02   1.14600e-03   2.60410e-05   2.60410e-05   
2.45382e+02   8.72100e-04   2.03857e-05   2.03857e-05   
2.74162e+02   6.45300e-04   1.56221e-05   1.56221e-05   
3.09398e+02   4.67300e-04   1.18236e-05   1.18236e-05   
3.52976e+02   3.29900e-04   8.81666e-06   8.81666e-06   
4.07890e+02   2.22100e-04   6.35385e-06   6.35385e-06   
4.79711e+02   1.44500e-04   4.49584e-06   4.49584e-06   
5.78631e+02   8.89000e-05   3.08743e-06   3.08743e-06   
7.22647e+02   4.85600e-05   1.95153e-06   1.95153e-06   
9.54090e+02   2.36800e-05   1.16846e-06   1.16846e-06   
1.39579e+03   8.54200e-06   5.90183e-07   5.90183e-07   
2.26437e+03   2.46300e-06   2.75501e-07   2.75501e-07   
