#Source: CRDB
#Ref:  ()
#Experiment: AMS-02
#Quantity: He
#Units: total energy
#Url: https://lpsc.in2p3.fr/crdb
#Comments: converted from original table
2.59834e+02 2.47876e-03 3.68820e-05 3.68820e-05 8.00082e-06 8.00082e-06 
2.40861e+02 3.04637e-03 4.45306e-05 4.45306e-05 9.50114e-06 9.50114e-06 
2.23888e+02 3.73552e-03 5.47296e-05 5.47296e-05 1.15016e-05 1.15016e-05 
2.07880e+02 4.58524e-03 6.62017e-05 6.62017e-05 1.25020e-05 1.25020e-05 
1.92909e+02 5.62605e-03 8.14093e-05 8.14093e-05 1.50028e-05 1.50028e-05 
1.79421e+02 6.81147e-03 9.61977e-05 9.61977e-05 1.50032e-05 1.50032e-05 
1.66934e+02 8.28207e-03 1.16755e-04 1.16755e-04 2.00050e-05 2.00050e-05 
1.55344e+02 1.01029e-02 1.41462e-04 1.41462e-04 2.00058e-05 2.00058e-05 
1.44555e+02 1.22941e-02 1.71886e-04 1.71886e-04 2.50083e-05 2.50083e-05 
1.34463e+02 1.49357e-02 2.12214e-04 2.12214e-04 3.00115e-05 3.00115e-05 
1.25075e+02 1.81731e-02 2.57505e-04 2.57505e-04 3.50156e-05 3.50156e-05 
1.16384e+02 2.21264e-02 3.07770e-04 3.07770e-04 4.00205e-05 4.00205e-05 
1.08294e+02 2.69160e-02 3.72948e-04 3.72948e-04 4.50267e-05 4.50267e-05 
1.00701e+02 3.27024e-02 4.53080e-04 4.53080e-04 5.00343e-05 5.00343e-05 
9.36127e+01 4.00818e-02 5.53702e-04 5.53702e-04 6.00476e-05 6.00476e-05 
8.70213e+01 4.87047e-02 6.68783e-04 6.68783e-04 6.50597e-05 6.50597e-05 
8.08306e+01 5.95133e-02 8.07085e-04 8.07085e-04 1.00107e-04 1.00107e-04 
4.64758e+03 1.23150e-06 9.88041e-08 9.88041e-08 1.60000e-08 1.60000e-08 
2.85237e+03 4.27100e-06 2.12794e-07 2.12794e-07 4.00000e-08 4.00000e-08 
1.92755e+03 1.18400e-05 4.26879e-07 4.26879e-07 1.00000e-07 1.00000e-07 
1.45403e+03 2.42801e-05 7.14373e-07 7.14373e-07 1.85001e-07 1.85001e-07 
1.16203e+03 4.44502e-05 1.13323e-06 1.13323e-06 3.10002e-07 3.10002e-07 
9.62348e+02 7.22505e-05 1.66209e-06 1.66209e-06 4.50003e-07 4.50003e-07 
8.17661e+02 1.11051e-04 2.34203e-06 2.34203e-06 6.50007e-07 6.50007e-07 
7.07315e+02 1.64952e-04 3.24234e-06 3.24234e-06 9.50013e-07 9.50013e-07 
6.19785e+02 2.33654e-04 4.33425e-06 4.33425e-06 1.25002e-06 1.25002e-06 
5.49081e+02 3.22658e-04 5.68014e-06 5.68014e-06 1.60004e-06 1.60004e-06 
4.91327e+02 4.36063e-04 7.45223e-06 7.45223e-06 2.10006e-06 2.10006e-06 
4.43470e+02 5.73020e-04 9.34110e-06 9.34110e-06 2.50009e-06 2.50009e-06 
4.02569e+02 7.52032e-04 1.18854e-05 1.18854e-05 3.00013e-06 3.00013e-06 
3.66625e+02 9.64550e-04 1.50424e-05 1.50424e-05 4.00021e-06 4.00021e-06 
3.34685e+02 1.24458e-03 1.90406e-05 1.90406e-05 4.50028e-06 4.50028e-06 
3.06747e+02 1.57312e-03 2.36502e-05 2.36502e-05 5.50041e-06 5.50041e-06 
2.81769e+02 1.98067e-03 2.97221e-05 2.97221e-05 6.50057e-06 6.50057e-06 
1.96991e+01 2.40141e+00 3.16076e-02 3.16076e-02 1.52761e-03 1.52761e-03 
1.81122e+01 2.94815e+00 3.93726e-02 3.93726e-02 1.53283e-03 1.53283e-03 
1.66485e+01 3.62612e+00 4.87813e-02 4.87813e-02 2.05213e-03 2.05213e-03 
1.52980e+01 4.45074e+00 6.03743e-02 6.03743e-02 2.57775e-03 2.57775e-03 
1.40515e+01 5.46598e+00 7.27881e-02 7.27881e-02 5.18594e-03 5.18594e-03 
1.29092e+01 6.69543e+00 9.41525e-02 9.41525e-02 5.22264e-03 5.22264e-03 
1.18612e+01 8.17452e+00 1.15996e-01 1.15996e-01 5.26709e-03 5.26709e-03 
1.08986e+01 9.95068e+00 1.38454e-01 1.38454e-01 5.32122e-03 5.32122e-03 
1.00215e+01 1.20290e+01 1.72465e-01 1.72465e-01 5.38691e-03 5.38691e-03 
9.22986e+00 1.44306e+01 2.02542e-01 2.02542e-01 1.09323e-02 1.09323e-02 
8.51396e+00 1.71592e+01 2.39431e-01 2.39431e-01 1.11243e-02 1.11243e-02 
7.86501e+00 2.02468e+01 2.72845e-01 2.72845e-01 1.13587e-02 1.13587e-02 
7.28285e+00 2.36708e+01 3.20666e-01 3.20666e-01 1.74649e-02 1.74649e-02 
6.75836e+00 2.73493e+01 3.66219e-01 3.66219e-01 1.79890e-02 1.79890e-02 
6.29160e+00 3.13581e+01 4.41270e-01 4.41270e-01 1.86286e-02 1.86286e-02 
5.88143e+00 3.60407e+01 5.76249e-01 5.76249e-01 2.58727e-02 2.58727e-02 
5.51917e+00 4.04975e+01 9.23489e-01 9.23489e-01 3.39289e-02 3.39289e-02 
7.50407e+01 7.29401e-02 1.00623e-03 1.00623e-03 1.00124e-04 1.00124e-04 
6.96516e+01 8.91278e-02 1.20589e-03 1.20589e-03 1.00144e-04 1.00144e-04 
6.46633e+01 1.08881e-01 1.45587e-03 1.45587e-03 1.00167e-04 1.00167e-04 
5.99722e+01 1.33358e-01 1.80974e-03 1.80974e-03 1.50291e-04 1.50291e-04 
5.55858e+01 1.63518e-01 2.21009e-03 2.21009e-03 1.50339e-04 1.50339e-04 
5.14966e+01 2.00326e-01 2.66453e-03 2.66453e-03 2.00526e-04 2.00526e-04 
4.76087e+01 2.47009e-01 3.31965e-03 3.31965e-03 2.50770e-04 2.50770e-04 
4.40257e+01 3.03440e-01 4.02570e-03 4.02570e-03 3.01082e-04 3.01082e-04 
4.07400e+01 3.72714e-01 4.93319e-03 4.93319e-03 3.51475e-04 3.51475e-04 
3.76556e+01 4.59809e-01 6.09315e-03 6.09315e-03 4.01975e-04 4.01975e-04 
3.47728e+01 5.65762e-01 7.56023e-03 7.56023e-03 5.02899e-04 5.02899e-04 
3.20915e+01 6.97725e-01 9.07534e-03 9.07534e-03 5.03409e-04 5.03409e-04 
2.96119e+01 8.57323e-01 1.10997e-02 1.10997e-02 5.04011e-04 5.04011e-04 
2.73340e+01 1.05284e+00 1.36647e-02 1.36647e-02 1.00943e-03 1.00943e-03 
2.52576e+01 1.28912e+00 1.67134e-02 1.67134e-02 1.01108e-03 1.01108e-03 
2.32799e+01 1.58091e+00 2.07928e-02 2.07928e-02 1.01308e-03 1.01308e-03 
2.14091e+01 1.95081e+00 2.54083e-02 2.54083e-02 1.01552e-03 1.01552e-03 
