# credit: Ref. Yoon et al., ApJ, 839:5, 2017# rigidity [GV] - flux [] - flux_error_low [] - flux_error_high [] 
6.20792e+02   6.89997e-05   9.99995e-07   9.99995e-07   
9.83209e+02   2.17500e-05   3.99999e-07   3.99999e-07   
1.55745e+03   6.75000e-06   1.50000e-07   1.50000e-07   
2.46408e+03   2.13000e-06   7.50000e-08   7.50000e-08   
3.90082e+03   6.50000e-07   3.50000e-08   3.50000e-08   
6.19106e+03   1.91500e-07   1.45000e-08   1.45000e-08   
9.81522e+03   5.80000e-08   6.50000e-09   6.50000e-09   
1.55576e+04   1.62500e-08   2.70000e-09   2.70000e-09   
2.46239e+04   3.97500e-09   1.05000e-09   1.05000e-09   
3.89913e+04   1.20000e-09   4.00000e-10   4.50000e-10   
6.18937e+04   4.05000e-10   1.05000e-10   1.45000e-10   
9.81353e+04   8.50000e-11   5.00000e-11   1.20000e-10   
