#Source: CRDB
#Ref: 10.3847/1538-4357/aa68e4
#Experiment: CREAM-III
#Quantity: He
#Units: kinetic Energy per nucleon
#Url: https://lpsc.in2p3.fr/crdb
#Comments: Table 3
5.01137e+04 2.20000e-10 8.06796e-11 1.10495e-10 8.00000e-11 8.00000e-11 
3.16066e+04 8.50000e-10 2.04035e-10 2.33517e-10 2.00000e-10 2.00000e-10 
1.99143e+04 3.00000e-09 7.14357e-10 7.14357e-10 7.00000e-10 7.00000e-10 
1.25698e+04 9.40000e-09 1.75766e-09 1.75766e-09 1.70000e-09 1.70000e-09 
7.94355e+03 3.60000e-08 4.44231e-09 4.44231e-09 4.10000e-09 4.10000e-09 
5.01137e+03 1.19000e-07 1.14870e-08 1.14870e-08 1.00000e-08 1.00000e-08 
3.16066e+03 3.85000e-07 2.86083e-08 2.86083e-08 2.20000e-08 2.20000e-08 
1.99143e+03 1.30000e-06 7.94548e-08 7.94548e-08 5.00000e-08 5.00000e-08 
1.25698e+03 4.31000e-06 2.37302e-07 2.37302e-07 1.20000e-07 1.20000e-07 
7.94355e+02 1.37000e-05 7.16572e-07 7.16572e-07 3.00000e-07 3.00000e-07 
5.01137e+02 4.35000e-05 2.21571e-06 2.21571e-06 8.00000e-07 8.00000e-07 
3.16066e+02 1.38000e-04 6.85332e-06 6.85332e-06 2.00000e-06 2.00000e-06 
