# credit: CRDB Database lpsc.in2p3.fr/cosmic-rays-db 
# rigidity [GV] - flux [] - flux_error_low [] - flux_error_high [] 
1.54672e+03   7.09999e-06   2.00000e-07   2.00000e-07   
2.45894e+03   2.17500e-06   8.00000e-08   8.00000e-08   
3.88522e+03   6.55000e-07   3.50000e-08   3.50000e-08   
6.18714e+03   1.91500e-07   1.55000e-08   1.55000e-08   
9.80381e+03   6.35000e-08   7.00000e-09   7.00000e-09   
1.54680e+04   2.09500e-08   3.20000e-09   3.20000e-09   
2.45900e+04   5.75000e-09   1.35000e-09   1.35000e-09   
3.88529e+04   1.70000e-09   5.00000e-10   5.50000e-10   
6.18721e+04   4.10000e-10   1.90000e-10   2.45000e-10   
9.80388e+04   1.45000e-10   7.50000e-11   1.20000e-10   
