#Source: CRDB
#Ref: 10.3847/1538-4357/aa68e4 (2017ApJ...839....5Y)
#Experiment: CREAM-III
#Quantity: He
#Units: total Energy
#Url: https://lpsc.in2p3.fr/crdb
#Comments: Table 3
2.00458e+05 5.50000e-11 2.01699e-11 2.76238e-11 2.00000e-11 2.75000e-11 
1.26430e+05 2.12500e-10 5.10087e-11 5.83792e-11 5.00000e-11 5.75000e-11 
7.96611e+04 7.50000e-10 1.78589e-10 1.78589e-10 1.75000e-10 1.75000e-10 
5.02830e+04 2.35000e-09 4.39415e-10 4.39415e-10 4.25000e-10 4.25000e-10 
3.17780e+04 9.00000e-09 1.11058e-09 1.11058e-09 1.02500e-09 1.02500e-09 
2.00493e+04 2.97500e-08 2.87175e-09 2.87175e-09 2.50000e-09 2.50000e-09 
1.26465e+04 9.62500e-08 7.15207e-09 7.15207e-09 5.50000e-09 5.50000e-09 
7.96956e+03 3.25000e-07 1.98637e-08 1.98637e-08 1.25000e-08 1.25000e-08 
5.03175e+03 1.07750e-06 5.93255e-08 5.93255e-08 3.00000e-08 3.00000e-08 
3.18125e+03 3.42500e-06 1.79143e-07 1.79143e-07 7.50000e-08 7.50000e-08 
2.00837e+03 1.08750e-05 5.53929e-07 5.53929e-07 2.00000e-07 2.00000e-07 
1.26809e+03 3.45000e-05 1.71333e-06 1.71333e-06 5.00000e-07 5.00000e-07 
