#Source: 
#Ref:  ()
#Experiment: DAMPE
#Quantity: He
#Units: total Energy
#Url: 
#Comments: 
7.93725e+01 5.26100e-02 9.79319e-03 9.79319e-03 2.50000e-04 2.50000e-04 
1.08167e+02 2.36900e-02 4.41113e-03 4.41113e-03 1.00000e-04 1.00000e-04 
1.48661e+02 1.06600e-02 1.99040e-03 1.99040e-03 4.00000e-05 4.00000e-05 
1.97737e+02 4.65800e-03 8.67130e-04 8.67130e-04 1.50000e-05 1.50000e-05 
2.71293e+02 2.02200e-03 3.76065e-04 3.76065e-04 7.00000e-06 7.00000e-06 
3.70945e+02 8.84600e-04 1.70228e-04 1.70228e-04 3.10000e-06 3.10000e-06 
4.99400e+02 3.89400e-04 6.85143e-05 6.85143e-05 1.40000e-06 1.40000e-06 
6.76905e+02 1.72700e-04 3.04081e-05 3.04081e-05 7.00000e-07 7.00000e-07 
9.23688e+02 7.67400e-05 1.35143e-05 1.35143e-05 3.40000e-07 3.40000e-07 
1.26000e+03 3.42200e-05 6.03240e-06 6.03240e-06 1.70000e-07 1.70000e-07 
1.71035e+03 1.54900e-05 2.73148e-06 2.73148e-06 9.00000e-08 9.00000e-08 
2.32226e+03 7.16100e-06 1.47578e-06 1.47578e-06 4.80000e-08 4.80000e-08 
3.15797e+03 3.34800e-06 6.89529e-07 6.89529e-07 2.70000e-08 2.70000e-08 
4.29381e+03 1.54800e-06 3.19352e-07 3.19352e-07 1.50000e-08 1.50000e-08 
5.83678e+03 7.02100e-07 1.44844e-07 1.44844e-07 8.40000e-09 8.40000e-09 
7.93095e+03 3.22700e-07 6.66730e-08 6.66730e-08 4.80000e-09 4.80000e-09 
1.07958e+04 1.55200e-07 3.21223e-08 3.21223e-08 2.80000e-09 2.80000e-09 
1.46786e+04 7.45100e-08 1.54311e-08 1.54311e-08 1.58000e-09 1.58000e-09 
1.99178e+04 3.50400e-08 7.27712e-09 7.27712e-09 9.10000e-10 9.10000e-10 
2.70762e+04 1.65400e-08 3.44793e-09 3.44793e-09 5.10000e-10 5.10000e-10 
3.68190e+04 7.41600e-09 1.55355e-09 1.55355e-09 2.86000e-10 2.86000e-10 
5.00107e+04 3.10400e-09 6.59697e-10 6.59697e-10 1.60000e-10 1.60000e-10 
6.79940e+04 1.29900e-09 2.82392e-10 2.82392e-10 8.90000e-11 8.90000e-11 
