#Source: KCDC
#Ref: 10.1103/PhysRevD.100.082002 (2019PhRvD.100h2002A)
#Experiment: ICECUBE-ICETOP
#Quantity: He
#Units: total energy
#Url: https://kcdc.ikp.kit.edu/spectra/
#Comments: Sibyll-2.1 only
3.54813e+06 2.23200e-14 9.80570e-15 9.80570e-15 0.00000e+00 0.00000e+00 
4.46684e+06 1.52020e-14 4.00930e-15 4.00930e-15 0.00000e+00 0.00000e+00 
5.62341e+06 4.79810e-15 2.10950e-15 2.10950e-15 0.00000e+00 0.00000e+00 
7.07946e+06 2.80140e-15 1.16580e-15 1.16580e-15 0.00000e+00 0.00000e+00 
8.91251e+06 1.68190e-15 4.06260e-16 4.06260e-16 0.00000e+00 0.00000e+00 
1.12202e+07 6.06730e-16 3.12030e-16 3.12030e-16 0.00000e+00 0.00000e+00 
1.41254e+07 4.14580e-16 1.40750e-16 1.40750e-16 0.00000e+00 0.00000e+00 
1.77828e+07 2.24060e-16 6.48670e-17 6.48670e-17 0.00000e+00 0.00000e+00 
2.23872e+07 7.89310e-17 3.60260e-17 3.60260e-17 0.00000e+00 0.00000e+00 
2.81838e+07 2.19440e-17 1.69320e-17 1.69320e-17 0.00000e+00 0.00000e+00 
3.54813e+07 1.48210e-17 7.08070e-18 7.08070e-18 0.00000e+00 0.00000e+00 
4.46684e+07 1.18420e-19 1.18420e-19 1.18420e-19 0.00000e+00 0.00000e+00 
5.62341e+07 2.31560e-18 1.37960e-18 1.37960e-18 0.00000e+00 0.00000e+00 
7.07946e+07 1.40200e-18 9.21610e-19 9.21610e-19 0.00000e+00 0.00000e+00 
8.91251e+07 3.18200e-19 3.18200e-19 3.18200e-19 0.00000e+00 0.00000e+00 
1.25893e+08 8.14970e-21 8.14970e-21 8.14970e-21 0.00000e+00 0.00000e+00 
1.99526e+08 5.00140e-25 5.00140e-25 5.00140e-25 0.00000e+00 0.00000e+00 
3.16228e+08 1.18160e-24 1.18160e-24 1.18160e-24 0.00000e+00 0.00000e+00 
5.01187e+08 4.09570e-21 4.09570e-21 4.09570e-21 0.00000e+00 0.00000e+00 
7.94328e+08 2.78520e-21 2.78520e-21 2.78520e-21 0.00000e+00 0.00000e+00 
