#Source: KCDC
#Ref: 10.1016/j.astropartphys.2005.04.001
#Experiment: KASCADE
#Quantity: He
#Units: total Energy
#Url: https://kcdc.ikp.kit.edu/spectra/
#Comments: 
1.12202e+06 7.71513e-13 3.91907e-14 3.91907e-14 0.00000e+00 0.00000e+00 
1.41254e+06 3.49697e-13 1.75822e-14 1.75822e-14 0.00000e+00 0.00000e+00 
1.77828e+06 1.68633e-13 9.37661e-15 9.37661e-15 0.00000e+00 0.00000e+00 
2.23872e+06 9.42994e-14 5.41850e-15 5.41850e-15 0.00000e+00 0.00000e+00 
2.81838e+06 4.91704e-14 3.07765e-15 3.07765e-15 0.00000e+00 0.00000e+00 
3.54813e+06 2.69913e-14 1.93564e-15 1.93564e-15 0.00000e+00 0.00000e+00 
4.46684e+06 1.35074e-14 1.23954e-15 1.23954e-15 0.00000e+00 0.00000e+00 
5.62341e+06 5.77373e-15 5.84821e-16 5.84821e-16 0.00000e+00 0.00000e+00 
7.07946e+06 2.52531e-15 4.07418e-16 4.07418e-16 0.00000e+00 0.00000e+00 
8.91251e+06 7.22314e-16 1.96109e-16 1.96109e-16 0.00000e+00 0.00000e+00 
1.12202e+07 6.62897e-16 1.49088e-16 1.49088e-16 0.00000e+00 0.00000e+00 
1.41254e+07 4.25221e-17 2.38451e-17 2.38451e-17 0.00000e+00 0.00000e+00 
1.77828e+07 4.63642e-17 3.10850e-17 3.10850e-17 0.00000e+00 0.00000e+00 
2.23872e+07 4.09612e-17 2.35261e-17 2.35261e-17 0.00000e+00 0.00000e+00 
2.81838e+07 3.93284e-19 2.69285e-18 2.69285e-18 0.00000e+00 0.00000e+00 
3.54813e+07 0.00000e+00 3.81743e-19 3.81743e-19 0.00000e+00 0.00000e+00 
4.46684e+07 0.00000e+00 1.20725e-18 1.20725e-18 0.00000e+00 0.00000e+00 
5.62341e+07 0.00000e+00 3.63672e-19 3.63672e-19 0.00000e+00 0.00000e+00 
7.07946e+07 0.00000e+00 1.24519e-19 1.24519e-19 0.00000e+00 0.00000e+00 
8.91251e+07 0.00000e+00 4.53426e-19 4.53426e-19 0.00000e+00 0.00000e+00 
