#Source: CRDB
#Ref: 10.1016/j.asr.2019.10.004 (2019AdSpR..64.2546G)
#Experiment: NUCLEON
#Quantity: He
#Units: total energy
#Url: https://lpsc.in2p3.fr/crdb
#Comments: Table 2
7.94000e+05 2.31000e-12 1.60468e-12 1.60468e-12 4.51000e-13 4.51000e-13 
5.01000e+05 8.07000e-12 4.11688e-12 4.11688e-12 9.32000e-13 9.32000e-13 
3.16000e+05 2.74000e-11 9.81738e-12 9.81738e-12 2.19000e-12 2.19000e-12 
2.00000e+05 9.68000e-11 2.57700e-11 2.57700e-11 5.39000e-12 5.39000e-12 
1.26000e+05 3.26000e-10 6.37252e-11 6.37252e-11 1.43000e-11 1.43000e-11 
7.94000e+04 1.09000e-09 1.73367e-10 1.73367e-10 3.40000e-11 3.40000e-11 
5.01000e+04 3.64000e-09 4.88775e-10 4.88775e-10 9.22000e-11 9.22000e-11 
3.16000e+04 1.14000e-08 1.42570e-09 1.42570e-09 2.11000e-10 2.11000e-10 
2.00000e+04 3.61000e-08 4.25216e-09 4.25216e-09 5.22000e-10 5.22000e-10 
1.26000e+04 1.08000e-07 1.23527e-08 1.23527e-08 1.14000e-09 1.14000e-09 
7.94000e+03 3.28000e-07 3.71081e-08 3.71081e-08 2.83000e-09 2.83000e-09 
5.01000e+03 9.49000e-07 1.06184e-07 1.06184e-07 6.24000e-09 6.24000e-09 
3.16000e+03 2.79000e-06 3.12328e-07 3.12328e-07 1.43000e-08 1.43000e-08 
