#Source: CRDB
#Ref: 10.1126/science.1199172 (2011Sci...332...69A)
#Experiment: PAMELA
#Quantity: He
#Units: total energy
#Url: https://lpsc.in2p3.fr/crdb
#Comments: converted from original table
1.08988e+02 2.59652e-02 1.04464e-03 1.04464e-03 3.00176e-04 3.00176e-04 
9.94047e+01 3.38739e-02 1.54138e-03 1.54138e-03 3.50247e-04 3.50247e-04 
9.06711e+01 4.48380e-02 1.56737e-03 1.56737e-03 4.50381e-04 4.50381e-04 
8.27066e+01 5.60570e-02 2.06365e-03 2.06365e-03 5.00509e-04 5.00509e-04 
7.54427e+01 7.15875e-02 2.55263e-03 2.55263e-03 5.00612e-04 5.00612e-04 
6.88289e+01 9.21355e-02 3.54074e-03 3.54074e-03 5.00736e-04 5.00736e-04 
6.27947e+01 1.16706e-01 4.61793e-03 4.61793e-03 1.00177e-03 1.00177e-03 
5.72915e+01 1.52324e-01 5.10987e-03 5.10987e-03 1.00213e-03 1.00213e-03 
5.22680e+01 1.90486e-01 5.11206e-03 5.11206e-03 1.00256e-03 1.00256e-03 
4.76862e+01 2.43747e-01 1.01429e-02 1.01429e-02 1.50461e-03 1.50461e-03 
4.35250e+01 3.17669e-01 1.01492e-02 1.01492e-02 1.50554e-03 1.50554e-03 
3.97238e+01 3.96754e-01 1.51999e-02 1.51999e-02 2.00888e-03 2.00888e-03 
3.62548e+01 5.04177e-01 2.02632e-02 2.02632e-02 2.51334e-03 2.51334e-03 
3.31068e+01 6.50145e-01 2.53409e-02 2.53409e-02 3.01925e-03 3.01925e-03 
3.02296e+01 8.15736e-01 3.04361e-02 3.04361e-02 3.52696e-03 3.52696e-03 
2.76050e+01 1.02490e+00 4.05716e-02 4.05716e-02 4.03702e-03 4.03702e-03 
2.52218e+01 1.30941e+00 5.08087e-02 5.08087e-02 5.05565e-03 5.05565e-03 
2.30609e+01 1.63150e+00 5.09203e-02 5.09203e-02 5.06676e-03 5.06676e-03 
2.10914e+01 2.04730e+00 1.02110e-01 1.02110e-01 1.01603e-02 1.01603e-02 
1.92952e+01 2.57366e+00 1.02436e-01 1.02436e-01 1.01927e-02 1.01927e-02 
2.02825e+03 1.50000e-05 4.30117e-06 4.30117e-06 3.50001e-06 3.50001e-06 
1.50356e+03 2.55001e-05 3.53555e-06 3.53555e-06 2.50001e-06 2.50001e-06 
1.16714e+03 4.20002e-05 4.24266e-06 4.24266e-06 3.00001e-06 3.00001e-06 
9.70790e+02 7.00005e-05 6.40317e-06 6.40317e-06 5.00004e-06 5.00004e-06 
8.45520e+02 1.00001e-04 7.07114e-06 7.07114e-06 5.00005e-06 5.00005e-06 
7.36422e+02 1.40002e-04 1.11805e-05 1.11805e-05 1.00001e-05 1.00001e-05 
6.41400e+02 2.05003e-04 1.41424e-05 1.41424e-05 1.00002e-05 1.00002e-05 
5.58639e+02 2.80006e-04 1.80282e-05 1.80282e-05 1.00002e-05 1.00002e-05 
4.86553e+02 3.90012e-04 2.12138e-05 2.12138e-05 1.50004e-05 1.50004e-05 
4.23776e+02 6.05023e-04 3.20169e-05 3.20169e-05 2.00008e-05 2.00008e-05 
3.69098e+02 9.30047e-04 4.71723e-05 4.71723e-05 2.50013e-05 2.50013e-05 
3.21475e+02 1.37509e-03 6.10369e-05 6.10369e-05 3.50024e-05 3.50024e-05 
2.80007e+02 1.99018e-03 1.09668e-04 1.09668e-04 4.50040e-05 4.50040e-05 
2.43887e+02 2.90034e-03 1.11816e-04 1.11816e-04 5.00058e-05 5.00058e-05 
2.12416e+02 4.30066e-03 1.80305e-04 1.80305e-04 1.00015e-04 1.00015e-04 
1.89316e+02 6.05117e-03 2.69310e-04 2.69310e-04 1.00019e-04 1.00019e-04 
1.72667e+02 7.35172e-03 3.35488e-04 3.35488e-04 1.50035e-04 1.50035e-04 
1.57488e+02 9.50267e-03 3.80895e-04 3.80895e-04 1.50042e-04 1.50042e-04 
1.43636e+02 1.24542e-02 5.38698e-04 5.38698e-04 2.00067e-04 2.00067e-04 
1.31005e+02 1.59064e-02 5.38735e-04 5.38735e-04 2.00081e-04 2.00081e-04 
1.19492e+02 2.03599e-02 1.03128e-03 1.03128e-03 2.50122e-04 2.50122e-04 
6.31717e+00 4.33530e+01 1.86477e+00 1.86477e+00 1.24043e-01 1.24043e-01 
6.13308e+00 4.62556e+01 1.89475e+00 1.89475e+00 1.26037e-01 1.26037e-01 
5.95994e+00 4.93892e+01 1.93385e+00 1.93385e+00 1.92425e-01 1.92425e-01 
5.79766e+00 5.28537e+01 1.97218e+00 1.97218e+00 1.96239e-01 1.96239e-01 
5.64600e+00 5.67114e+01 2.01156e+00 2.01156e+00 2.00158e-01 2.00158e-01 
5.50480e+00 6.02140e+01 2.05133e+00 2.05133e+00 2.04115e-01 2.04115e-01 
5.37378e+00 6.29813e+01 2.09587e+00 2.09587e+00 2.08547e-01 2.08547e-01 
5.24568e+00 6.58389e+01 2.14597e+00 2.14597e+00 2.13532e-01 2.13532e-01 
5.12755e+00 6.91922e+01 2.92789e+00 2.92789e+00 2.91336e-01 2.91336e-01 
5.01909e+00 7.23725e+01 3.00241e+00 3.00241e+00 2.98751e-01 2.98751e-01 
4.91994e+00 7.53124e+01 3.08616e+00 3.08616e+00 3.07084e-01 3.07084e-01 
4.82978e+00 7.66847e+01 3.16823e+00 3.16823e+00 3.15251e-01 3.15251e-01 
4.74205e+00 7.87400e+01 3.25984e+00 3.25984e+00 3.24367e-01 3.24367e-01 
4.66283e+00 7.99323e+01 3.34713e+00 3.34713e+00 3.33051e-01 3.33051e-01 
4.59179e+00 7.98059e+01 2.60557e+00 2.60557e+00 3.44362e-01 3.44362e-01 
4.52281e+00 7.85051e+01 2.68778e+00 2.68778e+00 3.55227e-01 3.55227e-01 
4.45601e+00 7.43250e+01 2.76349e+00 2.76349e+00 3.65233e-01 3.65233e-01 
4.39670e+00 7.00334e+01 2.86432e+00 2.86432e+00 3.78559e-01 3.78559e-01 
4.34454e+00 6.19618e+01 1.99334e+00 1.99334e+00 3.90926e-01 3.90926e-01 
4.29408e+00 5.38146e+01 2.06317e+00 2.06317e+00 4.04621e-01 4.04621e-01 
4.24538e+00 4.45037e+01 2.14080e+00 2.14080e+00 4.19846e-01 4.19846e-01 
1.76612e+01 3.25352e+00 1.02822e-01 1.02822e-01 1.02312e-02 1.02312e-02 
1.61807e+01 4.04416e+00 1.54930e-01 1.54930e-01 1.54161e-02 1.54161e-02 
1.48427e+01 5.01642e+00 2.07230e-01 2.07230e-01 1.54987e-02 1.54987e-02 
1.36182e+01 6.25459e+00 2.60426e-01 2.60426e-01 1.55975e-02 1.55975e-02 
1.25082e+01 7.69591e+00 3.15031e-01 3.15031e-01 2.09555e-02 2.09555e-02 
1.15114e+01 9.55606e+00 3.70923e-01 3.70923e-01 2.64272e-02 2.64272e-02 
1.08300e+01 1.10435e+01 4.28308e-01 4.28308e-01 4.26183e-02 4.26183e-02 
1.03993e+01 1.22613e+01 4.83998e-01 4.83998e-01 4.28531e-02 4.28531e-02 
9.99010e+00 1.35452e+01 4.87526e-01 4.87526e-01 4.85106e-02 4.85106e-02 
9.61107e+00 1.49772e+01 5.45359e-01 5.45359e-01 5.42652e-02 5.42652e-02 
6.51242e+00 3.99310e+01 1.83576e+00 1.83576e+00 1.22113e-01 1.22113e-01 
6.71882e+00 3.71029e+01 1.20868e+00 1.20868e+00 1.20269e-01 1.20269e-01 
6.93659e+00 3.38129e+01 1.19233e+00 1.19233e+00 1.18642e-01 1.18642e-01 
7.16564e+00 3.12646e+01 1.17680e+00 1.17680e+00 1.17096e-01 1.17096e-01 
7.41471e+00 2.88172e+01 1.16309e+00 1.16309e+00 1.15732e-01 1.15732e-01 
7.68413e+00 2.63214e+01 1.15011e+00 1.15011e+00 1.14441e-01 1.14441e-01 
7.96544e+00 2.40045e+01 1.13370e+00 1.13370e+00 5.66145e-02 5.66145e-02 
8.25837e+00 2.17593e+01 1.12302e+00 1.12302e+00 5.60807e-02 5.60807e-02 
8.57200e+00 2.00546e+01 5.58301e-01 5.58301e-01 5.55531e-02 5.55531e-02 
8.89755e+00 1.81247e+01 5.53652e-01 5.53652e-01 5.50904e-02 5.50904e-02 
9.24368e+00 1.65077e+01 5.49340e-01 5.49340e-01 5.46614e-02 5.46614e-02 
