#Source: CRDB
#Ref: 10.1016/j.nima.2013.09.018 (2014NIMPA.756...94P )
#Experiment: TUNKA-133
#Quantity: He
#Units: total energy
#Url: https://lpsc.in2p3.fr/crdb
#Comments: QGSJet01
8.91250e+06 1.67682e-15 6.89214e-16 7.05317e-16 3.56646e-16 3.86849e-16 
1.12200e+07 7.63781e-16 3.10155e-16 3.18536e-16 1.41598e-16 1.59119e-16 
1.41252e+07 3.25533e-16 1.49339e-16 1.53471e-16 7.45979e-17 8.25602e-17 
1.77829e+07 1.56064e-16 7.13824e-17 7.34957e-17 3.32254e-17 3.75513e-17 
2.23871e+07 6.19183e-17 3.38857e-17 3.48553e-17 1.31920e-17 1.55140e-17 
2.81839e+07 3.32992e-17 1.86225e-17 1.90355e-17 9.21107e-18 1.00199e-17 
3.54808e+07 6.85095e-18 8.53606e-18 9.74532e-18 3.59650e-18 5.91961e-18 
4.46682e+07 3.89650e-18 4.52655e-18 4.78777e-18 2.26141e-18 2.74719e-18 
5.62341e+07 4.01000e-18 2.82255e-18 2.74929e-18 1.99965e-18 1.89485e-18 
7.07948e+07 8.59296e-19 1.14180e-18 1.34554e-18 4.51006e-19 8.42731e-19 
8.91250e+07 1.36992e-18 8.43500e-19 8.01372e-19 6.48314e-19 5.92465e-19 
1.41252e+08 2.27380e-19 1.98591e-19 2.05768e-19 1.49092e-19 1.58527e-19 
2.81839e+08 5.13540e-20 2.97978e-20 3.07607e-20 2.47162e-20 2.58689e-20 
5.62341e+08 2.05577e-21 1.75360e-21 3.47400e-21 7.48083e-22 3.09083e-21 
