#Source: SSDC
#Ref: 10.1016/j.physrep.2020.09.003 (2021PhR...894....1A)
#Experiment: AMS-02
#Quantity: He/O
#Units: rigidity(original)
#Url: https://tools.ssdc.asi.it/CosmicRays/
#Comments: 
2.27156e+00 4.03800e+01 1.19688e+00 1.19688e+00 8.30000e-02 8.30000e-02 
2.53140e+00 3.91400e+01 1.11546e+00 1.11546e+00 7.40000e-02 7.40000e-02 
2.81601e+00 3.84400e+01 1.07016e+00 1.07016e+00 6.80000e-02 6.80000e-02 
3.12591e+00 3.83700e+01 1.05008e+00 1.05008e+00 6.60000e-02 6.60000e-02 
3.46058e+00 3.84400e+01 1.04085e+00 1.04085e+00 6.20000e-02 6.20000e-02 
3.82528e+00 3.83800e+01 1.03180e+00 1.03180e+00 6.10000e-02 6.10000e-02 
4.22002e+00 3.82800e+01 1.02376e+00 1.02376e+00 6.00000e-02 6.00000e-02 
4.64956e+00 3.79800e+01 1.01261e+00 1.01261e+00 5.70000e-02 5.70000e-02 
5.11914e+00 3.74200e+01 9.95466e-01 9.95466e-01 5.40000e-02 5.40000e-02 
5.62877e+00 3.69400e+01 9.82431e-01 9.82431e-01 5.30000e-02 5.30000e-02 
6.17843e+00 3.64600e+01 9.69396e-01 9.69396e-01 5.20000e-02 5.20000e-02 
6.77291e+00 3.59100e+01 9.55362e-01 9.55362e-01 5.10000e-02 5.10000e-02 
7.41744e+00 3.55400e+01 9.46375e-01 9.46375e-01 5.10000e-02 5.10000e-02 
8.11202e+00 3.50900e+01 9.35337e-01 9.35337e-01 5.00000e-02 5.00000e-02 
8.86142e+00 3.47000e+01 9.26350e-01 9.26350e-01 5.00000e-02 5.00000e-02 
9.67088e+00 3.44000e+01 9.19472e-01 9.19472e-01 5.20000e-02 5.20000e-02 
1.05404e+01 3.42300e+01 9.16592e-01 9.16592e-01 5.40000e-02 5.40000e-02 
1.14891e+01 3.38000e+01 9.06670e-01 9.06670e-01 5.50000e-02 5.50000e-02 
1.24900e+01 3.35100e+01 8.99936e-01 8.99936e-01 5.90000e-02 5.90000e-02 
1.35388e+01 3.33400e+01 8.97076e-01 8.97076e-01 6.10000e-02 6.10000e-02 
1.46877e+01 3.32400e+01 8.96217e-01 8.96217e-01 6.30000e-02 6.30000e-02 
1.59367e+01 3.28500e+01 8.87384e-01 8.87384e-01 6.50000e-02 6.50000e-02 
1.72858e+01 3.26300e+01 8.82547e-01 8.82547e-01 6.70000e-02 6.70000e-02 
1.87350e+01 3.22200e+01 8.73729e-01 8.73729e-01 6.90000e-02 6.90000e-02 
2.02842e+01 3.19200e+01 8.67828e-01 8.67828e-01 7.00000e-02 7.00000e-02 
2.19335e+01 3.16200e+01 8.60933e-01 8.60933e-01 7.10000e-02 7.10000e-02 
2.37310e+01 3.14400e+01 8.57943e-01 8.57943e-01 7.10000e-02 7.10000e-02 
2.56805e+01 3.12200e+01 8.55122e-01 8.55122e-01 7.30000e-02 7.30000e-02 
2.77301e+01 3.10400e+01 8.52306e-01 8.52306e-01 7.50000e-02 7.50000e-02 
2.99279e+01 3.06100e+01 8.43431e-01 8.43431e-01 7.60000e-02 7.60000e-02 
3.22777e+01 3.03300e+01 8.37828e-01 8.37828e-01 8.00000e-02 8.00000e-02 
3.47757e+01 3.02200e+01 8.38120e-01 8.38120e-01 8.30000e-02 8.30000e-02 
3.74739e+01 2.98900e+01 8.32558e-01 8.32558e-01 8.70000e-02 8.70000e-02 
4.03721e+01 2.98800e+01 8.36188e-01 8.36188e-01 9.30000e-02 9.30000e-02 
4.34706e+01 2.95600e+01 8.30683e-01 8.30683e-01 9.70000e-02 9.70000e-02 
4.67691e+01 2.93100e+01 8.28428e-01 8.28428e-01 1.03000e-01 1.03000e-01 
5.03160e+01 2.90700e+01 8.25099e-01 8.25099e-01 1.08000e-01 1.08000e-01 
5.41149e+01 2.90200e+01 8.29015e-01 8.29015e-01 1.15000e-01 1.15000e-01 
5.81621e+01 2.91400e+01 8.37086e-01 8.37086e-01 1.23000e-01 1.23000e-01 
6.25095e+01 2.89200e+01 8.36167e-01 8.36167e-01 1.30000e-01 1.30000e-01 
6.72054e+01 2.90500e+01 8.45340e-01 8.45340e-01 1.38000e-01 1.38000e-01 
7.22532e+01 2.92400e+01 8.56067e-01 8.56067e-01 1.49000e-01 1.49000e-01 
7.76495e+01 2.90500e+01 8.56512e-01 8.56512e-01 1.57000e-01 1.57000e-01 
8.34461e+01 2.88500e+01 8.57226e-01 8.57226e-01 1.66000e-01 1.66000e-01 
8.96911e+01 2.90200e+01 8.69009e-01 8.69009e-01 1.76000e-01 1.76000e-01 
9.64365e+01 2.91600e+01 8.80523e-01 8.80523e-01 1.89000e-01 1.89000e-01 
1.03923e+02 2.89700e+01 8.80415e-01 8.80415e-01 1.93000e-01 1.93000e-01 
1.11929e+02 2.87500e+01 8.83803e-01 8.83803e-01 2.12000e-01 2.12000e-01 
1.20416e+02 2.84600e+01 8.82354e-01 8.82354e-01 2.18000e-01 2.18000e-01 
1.29904e+02 2.85400e+01 8.93123e-01 8.93123e-01 2.30000e-01 2.30000e-01 
1.40872e+02 2.85300e+01 9.00920e-01 9.00920e-01 2.34000e-01 2.34000e-01 
1.53362e+02 2.86800e+01 9.18123e-01 9.18123e-01 2.55000e-01 2.55000e-01 
1.67332e+02 2.85900e+01 9.25740e-01 9.25740e-01 2.65000e-01 2.65000e-01 
1.83303e+02 2.84300e+01 9.34615e-01 9.34615e-01 2.79000e-01 2.79000e-01 
2.01276e+02 2.81800e+01 9.41414e-01 9.41414e-01 2.95000e-01 2.95000e-01 
2.21727e+02 2.81500e+01 9.57925e-01 9.57925e-01 3.14000e-01 3.14000e-01 
2.45656e+02 2.83100e+01 9.82174e-01 9.82174e-01 3.33000e-01 3.33000e-01 
2.74534e+02 2.76600e+01 9.79186e-01 9.79186e-01 3.38000e-01 3.38000e-01 
3.09887e+02 2.79800e+01 1.01771e+00 1.01771e+00 3.65000e-01 3.65000e-01 
3.53652e+02 2.78400e+01 1.04491e+00 1.04491e+00 3.86000e-01 3.86000e-01 
4.08826e+02 2.81400e+01 1.10108e+00 1.10108e+00 4.22000e-01 4.22000e-01 
4.81170e+02 2.87700e+01 1.18596e+00 1.18596e+00 4.65000e-01 4.65000e-01 
5.81012e+02 2.86500e+01 1.26382e+00 1.26382e+00 4.97000e-01 4.97000e-01 
7.27012e+02 2.87200e+01 1.39329e+00 1.39329e+00 5.48000e-01 5.48000e-01 
9.63774e+02 2.76500e+01 1.52512e+00 1.52512e+00 5.69000e-01 5.69000e-01 
1.42618e+03 2.73900e+01 1.98562e+00 1.98562e+00 1.41500e+00 1.41500e+00 
2.32379e+03 2.80300e+01 2.68935e+00 2.68935e+00 2.05400e+00 2.05400e+00 
