#Source: mytables
#Ref: 10.1051/0004-6361/200913323 (2009A&A...508..561A)
#Experiment: HESS
#Y Quantity: e+e-
#X Quantity: totalEnergy
#Url: https://www.mpi-hd.mpg.de/hfm/HESS/pages/publications/auxiliary/auxinfo_electrons2.html
#Comments: systematic errors not official, derived from URL
#Colums: x, y, y total errors, y statistical errors
7.147e+02 4.071e-07 8.688e-08 8.514e-08 0.000e+00 0.000e+00 
9.300e+02 1.653e-07 3.572e-08 3.516e-08 0.000e+00 0.000e+00 
1.214e+03 6.028e-08 1.327e-08 1.330e-08 0.000e+00 0.000e+00 
1.579e+03 1.898e-08 4.425e-09 4.544e-09 0.000e+00 0.000e+00 
2.035e+03 7.530e-09 1.899e-09 1.963e-09 0.000e+00 0.000e+00 
2.655e+03 1.930e-09 6.013e-10 6.142e-10 0.000e+00 0.000e+00 
3.455e+03 5.716e-10 2.531e-10 2.573e-10 0.000e+00 0.000e+00 
4.510e+03 4.984e-10 2.154e-10 2.235e-10 0.000e+00 0.000e+00 
3.731e+02 2.881e-06 7.653e-07 7.920e-07 0.000e+00 0.000e+00 
4.486e+02 1.884e-06 4.995e-07 5.139e-07 0.000e+00 0.000e+00 
5.393e+02 9.542e-07 2.569e-07 2.572e-07 0.000e+00 0.000e+00 
6.403e+02 5.965e-07 1.614e-07 1.591e-07 0.000e+00 0.000e+00 
7.618e+02 3.425e-07 9.187e-08 9.178e-08 0.000e+00 0.000e+00 
9.159e+02 2.030e-07 5.403e-08 5.695e-08 0.000e+00 0.000e+00 
1.101e+03 8.752e-08 2.434e-08 2.486e-08 0.000e+00 0.000e+00 
1.324e+03 4.423e-08 1.271e-08 1.320e-08 0.000e+00 0.000e+00 
