#Source: KCDC
#Ref: 10.1103/PhysRevD.100.082002 (2019PhRvD.100h2002A)
#Experiment: ICECUBE-ICETOP (SIBYLL-2.1)
#Y Quantity: He
#X Quantity: totalEnergy
#Url: https://kcdc.ikp.kit.edu/spectra/
#Comments: 
#Colums: x, y, y statistical errors, y systematic errors
3.548e+06 2.232e-14 0.000e+00 0.000e+00 9.806e-15 9.806e-15 
4.467e+06 1.520e-14 0.000e+00 0.000e+00 4.009e-15 4.009e-15 
5.623e+06 4.798e-15 0.000e+00 0.000e+00 2.110e-15 2.110e-15 
7.079e+06 2.801e-15 0.000e+00 0.000e+00 1.166e-15 1.166e-15 
8.913e+06 1.682e-15 0.000e+00 0.000e+00 4.063e-16 4.063e-16 
1.122e+07 6.067e-16 0.000e+00 0.000e+00 3.120e-16 3.120e-16 
1.413e+07 4.146e-16 0.000e+00 0.000e+00 1.407e-16 1.407e-16 
1.778e+07 2.241e-16 0.000e+00 0.000e+00 6.487e-17 6.487e-17 
2.239e+07 7.893e-17 0.000e+00 0.000e+00 3.603e-17 3.603e-17 
2.818e+07 2.194e-17 0.000e+00 0.000e+00 1.693e-17 1.693e-17 
3.548e+07 1.482e-17 0.000e+00 0.000e+00 7.081e-18 7.081e-18 
4.467e+07 1.184e-19 0.000e+00 0.000e+00 1.184e-19 1.184e-19 
5.623e+07 2.316e-18 0.000e+00 0.000e+00 1.380e-18 1.380e-18 
7.079e+07 1.402e-18 0.000e+00 0.000e+00 9.216e-19 9.216e-19 
8.913e+07 3.182e-19 0.000e+00 0.000e+00 3.182e-19 3.182e-19 
1.259e+08 8.150e-21 0.000e+00 0.000e+00 8.150e-21 8.150e-21 
1.995e+08 5.001e-25 0.000e+00 0.000e+00 5.001e-25 5.001e-25 
3.162e+08 1.182e-24 0.000e+00 0.000e+00 1.182e-24 1.182e-24 
5.012e+08 4.096e-21 0.000e+00 0.000e+00 4.096e-21 4.096e-21 
7.943e+08 2.785e-21 0.000e+00 0.000e+00 2.785e-21 2.785e-21 
