#Source: mytables
#Ref: 10.1103/PhysRevD.100.082002 (2019PhRvD.100h2002A)
#Experiment: IceCube (SIBYLL-2.1)
#Y Quantity: H
#X Quantity: totalEnergy
#Url: 
#Comments: 
#Colums: x, y, y statistical errors, y systematic errors
3.548e+06 2.791e-14 4.480e-15 4.480e-15 4.710e-15 1.253e-14 
1.000e+00 1.000e-01 1.350e-14 1.350e-14 1.700e-15 1.730e-15 
1.000e+00 6.750e+00 1.000e-01 1.000e-01 7.838e-15 1.055e-15 
1.000e+00 3.790e-15 6.850e+00 6.850e+00 1.000e-01 3.456e-15 
1.000e+00 2.013e-15 2.045e-15 2.045e-15 6.950e+00 1.000e-01 
1.000e+00 2.070e-16 7.850e-16 7.850e-16 8.160e-16 7.050e+00 
1.259e+00 1.462e-16 1.550e-16 1.550e-16 4.106e-16 4.335e-16 
1.413e+07 2.656e-16 6.010e-17 6.010e-17 6.350e-17 1.771e-16 
1.000e+00 1.000e-01 1.040e-16 1.040e-16 2.300e-17 2.310e-17 
1.000e+00 7.350e+00 1.000e-01 1.000e-01 5.291e-17 1.556e-17 
1.000e+00 4.417e-17 7.450e+00 7.450e+00 1.000e-01 3.172e-17 
1.000e+00 2.218e-17 2.168e-17 2.168e-17 7.550e+00 1.000e-01 
1.000e+00 4.120e-18 1.082e-17 1.082e-17 1.037e-17 7.650e+00 
1.259e+00 1.609e-18 1.022e-18 1.022e-18 4.838e-18 4.461e-18 
5.623e+07 2.536e-18 6.460e-19 6.460e-19 6.910e-19 1.167e-18 
1.000e+00 1.000e-01 1.194e-18 1.194e-18 3.790e-19 4.310e-19 
1.000e+00 7.950e+00 1.000e-01 1.000e-01 8.318e-19 2.957e-19 
1.000e+00 2.819e-19 8.100e+00 8.100e+00 2.000e-01 2.422e-19 
1.000e+00 1.441e-19 1.101e-19 1.101e-19 8.300e+00 2.000e-01 
1.000e+00 1.589e-20 3.663e-20 3.663e-20 1.860e-20 8.500e+00 
1.585e+00 4.370e-21 4.060e-21 4.060e-21 6.310e-21 8.450e-21 
5.012e+08 3.562e-21 2.825e-21 2.825e-21 3.316e-21 2.908e-21 
1.000e+00 2.000e-01 1.600e-23 1.600e-23 1.600e-23 2.319e-21 
