#Source: mytables
#Ref: 10.1103/PhysRevD.100.082002 (2019PhRvD.100h2002A)
#Experiment: IceCube (SIBYLL-2.1)
#Y Quantity: O
#X Quantity: totalEnergy
#Url: 
#Comments: 
#Colums: x, y, y statistical errors, y systematic errors
3.548e+06 1.975e-14 9.720e-15 9.720e-15 9.420e-15 8.570e-15 
1.000e+00 1.000e-01 6.714e-15 6.714e-15 5.305e-15 5.097e-15 
1.000e+00 6.750e+00 1.000e-01 1.000e-01 5.803e-15 2.068e-15 
1.000e+00 1.016e-15 6.850e+00 6.850e+00 1.000e-01 2.766e-15 
1.000e+00 1.137e-15 6.900e-16 6.900e-16 6.950e+00 1.000e-01 
1.000e+00 3.860e-16 3.550e-16 3.550e-16 1.120e-16 7.050e+00 
1.259e+00 3.037e-16 3.055e-16 3.055e-16 2.852e-16 1.583e-16 
1.413e+07 2.831e-16 1.354e-16 1.354e-16 1.352e-16 1.531e-16 
1.000e+00 1.000e-01 9.002e-17 9.002e-17 7.871e-17 7.627e-17 
1.000e+00 7.350e+00 1.000e-01 1.000e-01 9.934e-17 3.663e-17 
1.000e+00 3.545e-17 7.450e+00 7.450e+00 1.000e-01 6.723e-17 
1.000e+00 3.490e-17 1.441e-17 1.441e-17 7.550e+00 1.000e-01 
1.000e+00 6.140e-18 2.095e-17 2.095e-17 1.069e-17 7.650e+00 
1.259e+00 3.110e-18 2.030e-18 2.030e-18 1.149e-17 3.400e-18 
5.623e+07 9.188e-18 1.493e-18 1.493e-18 1.517e-18 4.586e-18 
1.000e+00 1.000e-01 3.866e-18 3.866e-18 8.490e-19 8.890e-19 
1.000e+00 7.950e+00 1.000e-01 1.000e-01 1.792e-18 6.010e-19 
1.000e+00 7.190e-19 8.100e+00 8.100e+00 2.000e-01 7.187e-19 
1.000e+00 7.187e-19 4.681e-19 4.681e-19 8.300e+00 2.000e-01 
1.000e+00 3.960e-20 1.786e-19 1.786e-19 7.310e-20 8.500e+00 
1.585e+00 1.055e-20 1.058e-20 1.058e-20 1.055e-20 3.217e-20 
5.012e+08 1.000e-24 1.000e-24 1.000e-24 3.993e-21 1.000e-24 
1.000e+00 2.000e-01 1.000e-24 1.000e-24 1.000e-24 1.561e-21 
