#Source: KCDC
#Ref: 10.1103/PhysRevD.100.082002 (2019PhRvD.100h2002A)
#Experiment: ICECUBE-ICETOP (SIBYLL-2.1)
#Y Quantity: H
#X Quantity: totalEnergy
#Url: https://kcdc.ikp.kit.edu/spectra/
#Comments: 
#Colums: x, y, y total errors, y statistical errors
3.548e+06 2.791e-14 0.000e+00 0.000e+00 4.479e-15 4.479e-15 
4.467e+06 1.350e-14 0.000e+00 0.000e+00 1.697e-15 1.697e-15 
5.623e+06 7.838e-15 0.000e+00 0.000e+00 1.056e-15 1.056e-15 
7.079e+06 3.456e-15 0.000e+00 0.000e+00 5.422e-16 5.422e-16 
8.913e+06 1.393e-15 0.000e+00 0.000e+00 2.014e-16 2.014e-16 
1.122e+07 6.684e-16 0.000e+00 0.000e+00 1.462e-16 1.462e-16 
1.413e+07 2.656e-16 0.000e+00 0.000e+00 6.013e-17 6.013e-17 
1.778e+07 1.040e-16 0.000e+00 0.000e+00 2.300e-17 2.300e-17 
2.239e+07 5.291e-17 0.000e+00 0.000e+00 1.556e-17 1.556e-17 
2.818e+07 3.172e-17 0.000e+00 0.000e+00 8.067e-18 8.067e-18 
3.548e+07 1.294e-17 0.000e+00 0.000e+00 4.048e-18 4.048e-18 
4.467e+07 8.205e-18 0.000e+00 0.000e+00 1.609e-18 1.609e-18 
5.623e+07 2.536e-18 0.000e+00 0.000e+00 6.462e-19 6.462e-19 
7.079e+07 1.194e-18 0.000e+00 0.000e+00 3.794e-19 3.794e-19 
8.913e+07 8.318e-19 0.000e+00 0.000e+00 2.957e-19 2.957e-19 
1.259e+08 2.422e-19 0.000e+00 0.000e+00 1.118e-19 1.118e-19 
1.995e+08 5.257e-20 0.000e+00 0.000e+00 1.781e-20 1.781e-20 
3.162e+08 1.340e-20 0.000e+00 0.000e+00 4.369e-21 4.369e-21 
5.012e+08 3.562e-21 0.000e+00 0.000e+00 2.825e-21 2.825e-21 
7.943e+08 1.636e-23 0.000e+00 0.000e+00 1.636e-23 1.636e-23 
