#Source: KCDC
#Ref: 10.1103/PhysRevD.100.082002 (2019PhRvD.100h2002A)
#Experiment: ICECUBE-ICETOP (SIBYLL-2.1)
#Y Quantity: allParticle
#X Quantity: totalEnergy
#Url: https://kcdc.ikp.kit.edu/spectra/
#Comments: 
#Colums: x, y, y total errors, y statistical errors
3.548e+06 9.005e-14 0.000e+00 0.000e+00 8.424e-17 8.424e-17 
4.467e+06 4.612e-14 0.000e+00 0.000e+00 5.383e-17 5.383e-17 
5.623e+06 2.323e-14 0.000e+00 0.000e+00 3.425e-17 3.425e-17 
7.079e+06 1.158e-14 0.000e+00 0.000e+00 2.172e-17 2.172e-17 
8.913e+06 5.635e-15 0.000e+00 0.000e+00 1.355e-17 1.355e-17 
1.122e+07 2.698e-15 0.000e+00 0.000e+00 8.346e-18 8.346e-18 
1.413e+07 1.308e-15 0.000e+00 0.000e+00 5.175e-18 5.175e-18 
1.778e+07 6.473e-16 0.000e+00 0.000e+00 3.241e-18 3.241e-18 
2.239e+07 3.250e-16 0.000e+00 0.000e+00 2.045e-18 2.045e-18 
2.818e+07 1.657e-16 0.000e+00 0.000e+00 1.300e-18 1.300e-18 
3.548e+07 8.600e-17 0.000e+00 0.000e+00 8.338e-19 8.338e-19 
4.467e+07 4.399e-17 0.000e+00 0.000e+00 5.310e-19 5.310e-19 
5.623e+07 2.194e-17 0.000e+00 0.000e+00 3.339e-19 3.339e-19 
7.079e+07 1.132e-17 0.000e+00 0.000e+00 2.136e-19 2.136e-19 
8.913e+07 5.532e-18 0.000e+00 0.000e+00 1.329e-19 1.329e-19 
1.259e+08 2.062e-18 0.000e+00 0.000e+00 4.820e-20 4.820e-20 
1.995e+08 4.619e-19 0.000e+00 0.000e+00 1.809e-20 1.809e-20 
3.162e+08 9.966e-20 0.000e+00 0.000e+00 6.660e-21 6.660e-21 
5.012e+08 2.237e-20 0.000e+00 0.000e+00 2.502e-21 2.502e-21 
7.943e+08 5.283e-21 0.000e+00 0.000e+00 9.638e-22 9.638e-22 
