#Source: mytables
#Ref: 10.1103/PhysRevD.100.082002 (2019PhRvD.100h2002A)
#Experiment: IceCube (SIBYLL-2.1)
#Y Quantity: He
#X Quantity: totalEnergy
#Url: 
#Comments: 
#Colums: x, y, y statistical errors, y systematic errors
3.548e+06 2.232e-14 9.810e-15 9.810e-15 9.740e-15 7.610e-15 
1.000e+00 1.000e-01 1.520e-14 1.520e-14 4.010e-15 4.120e-15 
1.000e+00 6.750e+00 1.000e-01 1.000e-01 4.798e-15 2.109e-15 
1.000e+00 1.984e-15 6.850e+00 6.850e+00 1.000e-01 2.801e-15 
1.000e+00 1.360e-15 1.174e-15 1.174e-15 6.950e+00 1.000e-01 
1.000e+00 4.120e-16 3.010e-16 3.010e-16 2.190e-16 7.050e+00 
1.259e+00 3.120e-16 3.049e-16 3.049e-16 2.295e-16 1.549e-16 
1.413e+07 4.146e-16 1.407e-16 1.407e-16 1.399e-16 8.040e-17 
1.000e+00 1.000e-01 2.241e-16 2.241e-16 6.490e-17 6.740e-17 
1.000e+00 7.350e+00 1.000e-01 1.000e-01 7.893e-17 3.603e-17 
1.000e+00 1.885e-17 7.450e+00 7.450e+00 1.000e-01 2.194e-17 
1.000e+00 7.380e-18 1.121e-17 1.121e-17 7.550e+00 1.000e-01 
1.000e+00 7.200e-18 5.210e-18 5.210e-18 7.180e-18 7.650e+00 
1.259e+00 1.180e-19 3.143e-18 3.143e-18 1.180e-19 2.046e-18 
5.623e+07 2.316e-18 1.380e-18 1.380e-18 1.379e-18 9.480e-19 
1.000e+00 1.000e-01 1.402e-18 1.402e-18 9.220e-19 8.580e-19 
1.000e+00 7.950e+00 1.000e-01 1.000e-01 3.182e-19 3.182e-19 
1.000e+00 8.377e-19 8.100e+00 8.100e+00 2.000e-01 8.100e-21 
1.000e+00 8.100e-21 2.159e-19 2.159e-19 8.300e+00 2.000e-01 
1.000e+00 3.264e-20 0.000e+00 0.000e+00 7.476e-20 8.500e+00 
1.585e+00 1.000e-24 7.633e-21 7.633e-21 1.000e-24 7.000e-23 
5.012e+08 4.096e-21 4.096e-21 4.096e-21 4.094e-21 4.096e-21 
1.000e+00 2.000e-01 2.785e-21 2.785e-21 2.785e-21 1.181e-21 
