#Source: mytables
#Ref: 10.1103/PhysRevD.100.082002 (2019PhRvD.100h2002A)
#Experiment: IceCube (SIBYLL-2.1)
#Y Quantity: Fe
#X Quantity: totalEnergy
#Url: 
#Comments: 
#Colums: x, y, y statistical errors, y systematic errors
3.548e+06 2.008e-14 4.360e-15 4.600e-15 8.970e-15 1.733e-14 
4.467e+06 1.071e-14 2.570e-15 2.740e-15 4.750e-15 9.450e-15 
5.623e+06 4.795e-15 8.940e-16 9.490e-16 2.073e-15 4.133e-15 
7.079e+06 2.561e-15 4.770e-16 4.890e-16 1.107e-15 2.061e-15 
8.913e+06 1.354e-15 1.650e-16 1.760e-16 4.960e-16 9.890e-16 
1.122e+07 5.468e-16 1.395e-16 1.428e-16 2.907e-16 5.366e-16 
1.413e+07 3.450e-16 5.480e-17 5.670e-17 1.447e-16 2.791e-16 
1.778e+07 2.292e-16 3.320e-17 3.520e-17 9.530e-17 1.529e-16 
2.239e+07 9.378e-17 1.726e-17 1.759e-17 5.213e-17 9.010e-17 
2.818e+07 4.482e-17 6.790e-18 7.030e-18 2.183e-17 4.418e-17 
3.548e+07 3.177e-17 3.280e-18 3.530e-18 1.539e-17 2.486e-17 
4.467e+07 1.367e-17 1.450e-18 1.620e-18 6.300e-18 1.353e-17 
5.623e+07 7.904e-18 8.420e-19 8.530e-19 4.190e-18 6.535e-18 
7.079e+07 4.862e-18 4.410e-19 4.450e-19 2.142e-18 3.552e-18 
8.913e+07 2.590e-18 2.930e-19 2.990e-19 1.135e-18 1.809e-18 
1.259e+08 1.093e-18 1.210e-19 1.350e-19 4.800e-19 6.830e-19 
1.995e+08 1.993e-19 3.340e-20 3.540e-20 8.150e-20 1.818e-19 
3.162e+08 7.570e-20 1.043e-20 1.092e-20 3.116e-20 2.111e-20 
5.012e+08 1.471e-20 2.510e-21 2.860e-21 1.330e-21 4.190e-21 
