#Source: CRDB
#Ref: 10.1103/PhysRevD.100.082002  (2019PhRvD.100h2002A)
#Experiment: IceTop
#Y Quantity: allParticle
#X Quantity: totalEnergy
#Url: https://lpsc.in2p3.fr/crdb
#Comments: 
#Colums: x, y, y statistical errors, y systematic errors
2.818e+06 1.730e-13 1.000e-16 1.000e-16 1.510e-14 1.310e-14 
3.350e+06 1.063e-13 1.000e-16 1.000e-16 9.700e-15 8.500e-15 
3.758e+06 7.667e-14 6.000e-17 6.000e-17 7.340e-15 6.210e-15 
4.217e+06 5.508e-14 5.000e-17 5.000e-17 5.120e-15 4.480e-15 
4.732e+06 3.927e-14 4.000e-17 4.000e-17 3.800e-15 3.300e-15 
5.309e+06 2.787e-14 3.000e-17 3.000e-17 2.640e-15 2.350e-15 
5.957e+06 1.967e-14 2.000e-17 2.000e-17 1.900e-15 1.680e-15 
6.683e+06 1.390e-14 2.000e-17 2.000e-17 1.390e-15 1.200e-15 
7.499e+06 9.742e-15 1.500e-17 1.500e-17 9.430e-16 8.590e-16 
8.414e+06 6.797e-15 1.200e-17 1.200e-17 6.940e-16 6.140e-16 
9.441e+06 4.745e-15 9.000e-18 9.000e-18 4.550e-16 4.330e-16 
1.059e+07 3.288e-15 7.000e-18 7.000e-18 3.380e-16 3.050e-16 
1.189e+07 2.289e-15 6.000e-18 6.000e-18 2.250e-16 2.120e-16 
1.334e+07 1.604e-15 4.000e-18 4.000e-18 1.580e-16 1.420e-16 
1.496e+07 1.122e-15 4.000e-18 4.000e-18 1.080e-16 1.040e-16 
1.679e+07 7.893e-16 2.800e-18 2.800e-18 7.090e-17 7.090e-17 
1.884e+07 5.591e-16 2.200e-18 2.200e-18 5.470e-17 4.880e-17 
2.113e+07 3.960e-16 1.800e-18 1.800e-18 3.850e-17 3.680e-17 
2.371e+07 2.828e-16 1.400e-18 1.400e-18 2.480e-17 2.440e-17 
2.661e+07 2.011e-16 1.100e-18 1.100e-18 1.920e-17 1.880e-17 
2.985e+07 1.430e-16 9.000e-19 9.000e-19 1.320e-17 1.280e-17 
3.350e+07 1.031e-16 7.000e-19 7.000e-19 9.100e-18 9.300e-18 
3.758e+07 7.431e-17 5.800e-19 5.800e-19 6.310e-18 5.990e-18 
4.217e+07 5.350e-17 4.500e-19 4.500e-19 3.860e-18 5.070e-18 
4.732e+07 3.754e-17 3.600e-19 3.600e-19 4.230e-18 3.170e-18 
5.309e+07 2.640e-17 2.800e-19 2.800e-19 2.450e-18 2.580e-18 
5.957e+07 1.943e-17 2.300e-19 2.300e-19 1.410e-18 1.680e-18 
6.683e+07 1.369e-17 1.800e-19 1.800e-19 1.400e-18 1.090e-18 
7.499e+07 1.008e-17 1.500e-19 1.500e-19 8.600e-19 1.210e-18 
8.414e+07 6.912e-18 1.150e-19 1.150e-19 7.040e-19 5.290e-19 
9.441e+07 4.948e-18 9.200e-20 9.200e-20 3.930e-19 4.410e-19 
1.122e+08 2.934e-18 4.600e-20 4.600e-20 2.730e-19 2.910e-19 
1.413e+08 1.468e-18 2.900e-20 2.900e-20 1.790e-19 1.420e-19 
1.778e+08 6.991e-19 1.780e-20 1.780e-20 5.510e-20 7.250e-20 
2.239e+08 3.146e-19 1.060e-20 1.060e-20 3.240e-20 2.820e-20 
2.818e+08 1.602e-19 6.800e-21 6.800e-21 1.550e-20 1.440e-20 
3.548e+08 6.468e-20 3.820e-21 3.820e-21 7.980e-21 6.370e-21 
4.467e+08 3.169e-20 2.390e-21 2.390e-21 2.800e-21 3.900e-21 
5.623e+08 1.350e-20 1.390e-21 1.390e-21 3.550e-21 4.430e-21 
7.079e+08 6.091e-21 8.370e-22 8.370e-22 8.420e-22 6.210e-22 
8.913e+08 2.492e-21 4.800e-22 4.800e-22 4.400e-22 5.140e-22 
1.122e+09 8.199e-22 2.472e-22 2.472e-22 2.228e-22 4.278e-22 
