#Source: CRDB
#Ref:   ( )
#Experiment: ISS-CREAM
#Y Quantity: H
#X Quantity: kineticEnergy
#Url: https://lpsc.in2p3.fr/crdb
#Comments: 
#Colums: x, y, y statistical errors, y systematic errors
2.007e+03 1.240e-05 3.000e-07 3.000e-07 1.500e-06 2.300e-06 
3.190e+03 3.780e-06 8.000e-08 8.000e-08 3.600e-07 5.200e-07 
5.061e+03 1.140e-06 2.000e-08 2.000e-08 9.000e-08 9.000e-08 
8.042e+03 3.510e-07 9.000e-09 9.000e-09 2.300e-08 2.100e-08 
1.278e+04 1.000e-07 4.000e-09 4.000e-09 5.000e-09 5.000e-09 
2.028e+04 2.610e-08 1.400e-09 1.400e-09 1.400e-09 1.400e-09 
3.218e+04 7.100e-09 5.500e-10 5.500e-10 3.900e-10 3.600e-10 
5.110e+04 1.940e-09 2.300e-10 2.300e-10 1.000e-10 1.000e-10 
8.119e+04 5.720e-10 9.500e-11 9.500e-11 3.200e-11 2.900e-11 
1.292e+05 1.400e-10 3.600e-11 3.600e-11 8.000e-12 7.000e-12 
2.052e+05 4.080e-11 1.640e-11 1.640e-11 2.200e-12 2.000e-12 
3.253e+05 1.170e-11 7.000e-12 7.000e-12 6.000e-13 6.000e-13 
5.163e+05 3.880e-12 3.000e-12 3.000e-12 2.100e-13 2.000e-13 
