#Source: CRDB
#Ref: not available (none)
#Experiment: KASCADE-Grande (QGSJET-II-04)
#Y Quantity: light
#X Quantity: totalEnergy
#Url: https://lpsc.in2p3.fr/crdb
#Comments: 
#Colums: x, y, y statistical errors, y systematic errors
2.239e+06 1.617e-13 1.166e-15 1.166e-15 4.621e-14 4.621e-14 
2.818e+06 8.130e-14 3.709e-16 3.709e-16 2.351e-14 2.351e-14 
3.548e+06 4.306e-14 2.256e-16 2.256e-16 1.239e-14 1.239e-14 
4.467e+06 2.053e-14 9.536e-17 9.536e-17 6.092e-15 6.092e-15 
5.623e+06 1.017e-14 5.982e-17 5.982e-17 3.036e-15 3.036e-15 
7.079e+06 4.862e-15 3.686e-17 3.686e-17 1.498e-15 1.498e-15 
8.913e+06 2.271e-15 2.245e-17 2.245e-17 7.349e-16 7.349e-16 
1.122e+07 1.155e-15 4.378e-18 4.378e-18 3.634e-16 3.634e-16 
1.413e+07 5.468e-16 2.684e-18 2.684e-18 1.774e-16 1.774e-16 
1.778e+07 2.532e-16 1.628e-18 1.628e-18 8.478e-17 8.478e-17 
2.239e+07 1.225e-16 1.009e-18 1.009e-18 4.224e-17 4.224e-17 
2.818e+07 5.858e-17 6.221e-19 6.221e-19 2.148e-17 2.148e-17 
3.548e+07 2.972e-17 3.949e-19 3.949e-19 1.085e-17 1.085e-17 
4.467e+07 1.390e-17 2.407e-19 2.407e-19 5.461e-18 5.461e-18 
5.623e+07 6.988e-18 1.521e-19 1.521e-19 2.744e-18 2.744e-18 
7.079e+07 3.653e-18 9.800e-20 9.800e-20 1.477e-18 1.477e-18 
8.913e+07 1.872e-18 6.252e-20 6.252e-20 7.319e-19 7.319e-19 
1.122e+08 9.374e-19 3.944e-20 3.944e-20 3.647e-19 3.647e-19 
1.413e+08 5.364e-19 2.659e-20 2.659e-20 1.877e-19 1.877e-19 
1.778e+08 2.753e-19 1.698e-20 1.698e-20 9.129e-20 9.129e-20 
2.239e+08 1.322e-19 1.049e-20 1.049e-20 4.341e-20 4.341e-20 
2.818e+08 7.002e-20 6.801e-21 6.801e-21 2.167e-20 2.167e-20 
3.548e+08 3.830e-20 4.483e-21 4.483e-21 1.133e-20 1.133e-20 
5.012e+08 1.319e-20 1.565e-21 1.565e-21 4.012e-21 4.012e-21 
7.943e+08 3.867e-21 6.732e-22 6.732e-22 1.008e-21 1.008e-21 
1.259e+09 6.654e-22 2.218e-22 2.218e-22 1.922e-22 1.922e-22 
