#Source: KCDC
#Ref: 10.1016/j.astropartphys.2005.04.001 (2005APh....24....1A)
#Experiment: KASCADE (2005_SIBYLL-2.1)
#Y Quantity: He
#X Quantity: totalEnergy
#Url: https://kcdc.ikp.kit.edu/spectra/
#Comments: 
#Colums: x, y, y statistical errors, y systematic errors
1.122e+06 7.715e-13 0.000e+00 0.000e+00 3.919e-14 3.919e-14 
1.413e+06 3.497e-13 0.000e+00 0.000e+00 1.758e-14 1.758e-14 
1.778e+06 1.686e-13 0.000e+00 0.000e+00 9.377e-15 9.377e-15 
2.239e+06 9.430e-14 0.000e+00 0.000e+00 5.418e-15 5.418e-15 
2.818e+06 4.917e-14 0.000e+00 0.000e+00 3.078e-15 3.078e-15 
3.548e+06 2.699e-14 0.000e+00 0.000e+00 1.936e-15 1.936e-15 
4.467e+06 1.351e-14 0.000e+00 0.000e+00 1.240e-15 1.240e-15 
5.623e+06 5.774e-15 0.000e+00 0.000e+00 5.848e-16 5.848e-16 
7.079e+06 2.525e-15 0.000e+00 0.000e+00 4.074e-16 4.074e-16 
8.913e+06 7.223e-16 0.000e+00 0.000e+00 1.961e-16 1.961e-16 
1.122e+07 6.629e-16 0.000e+00 0.000e+00 1.491e-16 1.491e-16 
1.413e+07 4.252e-17 0.000e+00 0.000e+00 2.385e-17 2.385e-17 
1.778e+07 4.636e-17 0.000e+00 0.000e+00 3.108e-17 3.108e-17 
2.239e+07 4.096e-17 0.000e+00 0.000e+00 2.353e-17 2.353e-17 
2.818e+07 3.933e-19 0.000e+00 0.000e+00 2.693e-18 2.693e-18 
3.548e+07 0.000e+00 0.000e+00 0.000e+00 3.817e-19 3.817e-19 
4.467e+07 0.000e+00 0.000e+00 0.000e+00 1.207e-18 1.207e-18 
5.623e+07 0.000e+00 0.000e+00 0.000e+00 3.637e-19 3.637e-19 
7.079e+07 0.000e+00 0.000e+00 0.000e+00 1.245e-19 1.245e-19 
8.913e+07 0.000e+00 0.000e+00 0.000e+00 4.534e-19 4.534e-19 
