#Source: CRDB
#Ref: 10.48550/arXiv.0906.4007 (2009arXiv0906.4007K)
#Experiment: KASCADE-Grande (QGSJET-II-2)
#Y Quantity: H
#X Quantity: totalEnergy
#Url: https://lpsc.in2p3.fr/crdb
#Comments: 
#Columns: x, y, y statistical errors, y systematic errors
8.913e+06 1.947e-15 1.892e-21 1.892e-21 0.000e+00 0.000e+00 
1.122e+07 9.207e-16 3.921e-18 3.921e-18 0.000e+00 0.000e+00 
1.413e+07 4.300e-16 2.388e-18 2.388e-18 0.000e+00 0.000e+00 
1.778e+07 2.067e-16 1.476e-18 1.476e-18 0.000e+00 0.000e+00 
2.239e+07 9.839e-17 9.074e-19 9.074e-19 0.000e+00 0.000e+00 
2.818e+07 4.812e-17 5.655e-19 5.655e-19 0.000e+00 0.000e+00 
3.548e+07 2.426e-17 3.579e-19 3.579e-19 0.000e+00 0.000e+00 
4.467e+07 1.199e-17 2.242e-19 2.242e-19 0.000e+00 0.000e+00 
5.623e+07 5.607e-18 1.367e-19 1.367e-19 0.000e+00 0.000e+00 
7.079e+07 2.749e-18 8.530e-20 8.530e-20 0.000e+00 0.000e+00 
8.913e+07 1.412e-18 5.449e-20 5.449e-20 0.000e+00 0.000e+00 
1.122e+08 7.213e-19 3.470e-20 3.470e-20 0.000e+00 0.000e+00 
1.413e+08 3.342e-19 2.105e-20 2.105e-20 0.000e+00 0.000e+00 
1.778e+08 1.749e-19 1.357e-20 1.357e-20 0.000e+00 0.000e+00 
2.239e+08 9.707e-20 9.013e-21 9.013e-21 0.000e+00 0.000e+00 
2.818e+08 4.786e-20 5.640e-21 5.640e-21 0.000e+00 0.000e+00 
3.548e+08 2.534e-20 3.658e-21 3.658e-21 0.000e+00 0.000e+00 
4.467e+08 1.300e-20 2.335e-21 2.335e-21 0.000e+00 0.000e+00 
5.623e+08 7.329e-21 1.563e-21 1.563e-21 0.000e+00 0.000e+00 
7.079e+08 1.852e-21 7.001e-22 7.001e-22 0.000e+00 0.000e+00 
8.913e+08 1.892e-21 6.306e-22 6.306e-22 0.000e+00 0.000e+00 
