#Source: mytables
#Ref: 10.48550/arXiv.2312.08279 (2023arXiv231208279K)
#Experiment: KASCADE (Kuznetsov2024)
#Y Quantity: Fe
#X Quantity: totalEnergy
#Url: https://arxiv.org/pdf/2312.08279
#Comments: Tables 1 and 3 include theoretical uncertainties; reader combines them with basic systematic uncertainties in quadrature.
#Columns: x, y, y statistical errors, y systematic errors
1.571e+06 2.711e-14 5.900e-16 5.900e-16 1.007e-14 1.007e-14 
1.944e+06 1.503e-14 4.300e-16 4.300e-16 7.120e-15 7.120e-15 
2.406e+06 6.606e-15 2.170e-16 2.170e-16 2.079e-15 2.079e-15 
2.977e+06 3.711e-15 1.280e-16 1.280e-16 1.089e-15 1.089e-15 
3.683e+06 1.573e-15 7.300e-17 7.300e-17 4.080e-16 4.080e-16 
4.558e+06 8.312e-16 4.680e-17 4.680e-17 2.201e-16 2.201e-16 
5.640e+06 3.797e-16 2.870e-17 2.870e-17 1.212e-16 1.212e-16 
6.978e+06 3.045e-16 1.920e-17 1.920e-17 8.690e-17 8.690e-17 
8.635e+06 2.124e-16 1.310e-17 1.310e-17 6.410e-17 6.410e-17 
1.068e+07 1.418e-16 8.600e-18 8.600e-18 4.210e-17 4.210e-17 
1.322e+07 1.015e-16 4.200e-18 4.200e-18 2.850e-17 2.850e-17 
1.636e+07 6.321e-17 2.990e-18 2.990e-18 1.791e-17 1.791e-17 
2.024e+07 4.984e-17 2.250e-18 2.250e-18 1.350e-17 1.350e-17 
2.505e+07 3.040e-17 1.960e-18 1.960e-18 8.970e-18 8.970e-18 
3.099e+07 1.777e-17 1.090e-18 1.090e-18 5.140e-18 5.140e-18 
3.835e+07 8.163e-18 5.850e-19 5.850e-19 2.629e-18 2.629e-18 
4.745e+07 4.974e-18 5.140e-19 5.140e-19 1.675e-18 1.675e-18 
5.872e+07 3.423e-18 3.980e-19 3.980e-19 9.860e-19 9.860e-19 
7.265e+07 1.858e-18 2.190e-19 2.190e-19 5.400e-19 5.400e-19 
8.990e+07 1.104e-18 1.430e-19 1.430e-19 3.000e-19 3.000e-19 
