#Source: KCDC
#Ref: 10.22323/1.236.0359 (2015ICRC...34..359B)
#Experiment: KASCADE-Grande (EPOS-LHC)
#Y Quantity: allParticle
#X Quantity: totalEnergy
#Url: https://kcdc.ikp.kit.edu/spectra/
#Comments: 
#Colums: x, y, y total errors, y statistical errors
1.778e+07 4.461e-16 2.382e-18 2.382e-18 0.000e+00 0.000e+00 
2.239e+07 2.276e-16 1.313e-18 1.313e-18 0.000e+00 0.000e+00 
2.818e+07 1.115e-16 7.326e-19 7.326e-19 0.000e+00 0.000e+00 
3.548e+07 5.729e-17 4.680e-19 4.680e-19 0.000e+00 0.000e+00 
4.467e+07 2.832e-17 2.933e-19 2.933e-19 0.000e+00 0.000e+00 
5.623e+07 1.469e-17 1.882e-19 1.882e-19 0.000e+00 0.000e+00 
7.079e+07 7.268e-18 1.180e-19 1.180e-19 0.000e+00 0.000e+00 
8.913e+07 3.472e-18 7.268e-20 7.268e-20 0.000e+00 0.000e+00 
1.122e+08 1.667e-18 4.489e-20 4.489e-20 0.000e+00 0.000e+00 
1.413e+08 8.393e-19 2.839e-20 2.839e-20 0.000e+00 0.000e+00 
1.778e+08 4.156e-19 1.781e-20 1.781e-20 0.000e+00 0.000e+00 
2.239e+08 1.860e-19 1.062e-20 1.062e-20 0.000e+00 0.000e+00 
2.818e+08 9.193e-20 6.651e-21 6.651e-21 0.000e+00 0.000e+00 
3.548e+08 4.091e-20 3.954e-21 3.954e-21 0.000e+00 0.000e+00 
5.012e+08 1.687e-20 1.491e-21 1.491e-21 0.000e+00 0.000e+00 
7.943e+08 2.994e-21 4.991e-22 4.991e-22 0.000e+00 0.000e+00 
