#Source: mytables
#Ref: 10.48550/arXiv.2312.08279 (2023arXiv231208279K)
#Experiment: KASCADE (Kuznetsov2024)
#Y Quantity: Si
#X Quantity: totalEnergy
#Url: https://arxiv.org/pdf/2312.08279
#Comments: Tables 1 and 3 include theoretical uncertainties; reader combines them with basic systematic uncertainties in quadrature.
#Columns: x, y, y statistical errors, y systematic errors
1.571e+06 6.735e-14 8.900e-16 8.900e-16 1.654e-14 1.654e-14 
1.944e+06 2.497e-14 7.800e-16 7.800e-16 1.592e-14 1.592e-14 
2.406e+06 2.276e-14 4.700e-16 4.700e-16 4.810e-15 4.810e-15 
2.977e+06 1.091e-14 2.700e-16 2.700e-16 2.210e-15 2.210e-15 
3.683e+06 6.738e-15 1.570e-16 1.570e-16 1.234e-15 1.234e-15 
4.558e+06 3.893e-15 1.040e-16 1.040e-16 6.960e-16 6.960e-16 
5.640e+06 2.244e-15 6.800e-17 6.800e-17 4.090e-16 4.090e-16 
6.978e+06 1.028e-15 3.900e-17 3.900e-17 2.070e-16 2.070e-16 
8.635e+06 5.513e-16 2.410e-17 2.410e-17 1.232e-16 1.232e-16 
1.068e+07 3.097e-16 1.420e-17 1.420e-17 6.950e-17 6.950e-17 
1.322e+07 1.560e-16 5.300e-18 5.300e-18 3.460e-17 3.460e-17 
1.636e+07 1.037e-16 4.000e-18 4.000e-18 2.400e-17 2.400e-17 
2.024e+07 6.769e-17 2.520e-18 2.520e-18 1.533e-17 1.533e-17 
2.505e+07 4.381e-17 2.830e-18 2.830e-18 1.124e-17 1.124e-17 
3.099e+07 2.277e-17 1.260e-18 1.260e-18 5.490e-18 5.490e-18 
3.835e+07 1.077e-17 6.900e-19 6.900e-19 2.910e-18 2.910e-18 
4.745e+07 7.968e-18 7.540e-19 7.540e-19 2.301e-18 2.301e-18 
5.872e+07 5.482e-18 5.700e-19 5.700e-19 1.464e-18 1.464e-18 
7.265e+07 2.426e-18 2.490e-19 2.490e-19 6.330e-19 6.330e-19 
8.990e+07 1.300e-18 1.490e-19 1.490e-19 3.220e-19 3.220e-19 
