#Source: KCDC
#Ref: 10.1016/j.astropartphys.2005.04.001 (2005APh....24....1A)
#Experiment: KASCADE (2005_QGSJET-01)
#Y Quantity: He
#X Quantity: totalEnergy
#Url: https://kcdc.ikp.kit.edu/spectra/
#Comments: 
#Colums: x, y, y statistical errors, y systematic errors
1.122e+06 1.259e-12 0.000e+00 0.000e+00 4.559e-14 4.559e-14 
1.413e+06 6.308e-13 0.000e+00 0.000e+00 2.939e-14 2.939e-14 
1.778e+06 3.694e-13 0.000e+00 0.000e+00 1.849e-14 1.849e-14 
2.239e+06 1.967e-13 0.000e+00 0.000e+00 8.729e-15 8.729e-15 
2.818e+06 9.891e-14 0.000e+00 0.000e+00 5.531e-15 5.531e-15 
3.548e+06 6.094e-14 0.000e+00 0.000e+00 3.682e-15 3.682e-15 
4.467e+06 2.979e-14 0.000e+00 0.000e+00 1.886e-15 1.886e-15 
5.623e+06 1.585e-14 0.000e+00 0.000e+00 1.282e-15 1.282e-15 
7.079e+06 7.539e-15 0.000e+00 0.000e+00 7.385e-16 7.385e-16 
8.913e+06 4.487e-15 0.000e+00 0.000e+00 5.003e-16 5.003e-16 
1.122e+07 2.023e-15 0.000e+00 0.000e+00 2.724e-16 2.724e-16 
1.413e+07 6.535e-16 0.000e+00 0.000e+00 1.445e-16 1.445e-16 
1.778e+07 3.054e-16 0.000e+00 0.000e+00 8.951e-17 8.951e-17 
2.239e+07 1.669e-16 0.000e+00 0.000e+00 5.611e-17 5.611e-17 
2.818e+07 3.647e-17 0.000e+00 0.000e+00 2.343e-17 2.343e-17 
3.548e+07 9.840e-18 0.000e+00 0.000e+00 1.041e-17 1.041e-17 
4.467e+07 6.657e-19 0.000e+00 0.000e+00 1.975e-18 1.975e-18 
5.623e+07 1.424e-19 0.000e+00 0.000e+00 1.230e-18 1.230e-18 
7.079e+07 0.000e+00 0.000e+00 0.000e+00 8.087e-19 8.087e-19 
8.913e+07 0.000e+00 0.000e+00 0.000e+00 1.063e-18 1.063e-18 
