#Source: mytables
#Ref: 10.48550/arXiv.2312.08279 (2023arXiv231208279K)
#Experiment: KASCADE (Kuznetsov2024)
#Y Quantity: lnA
#X Quantity: totalEnergy
#Url: https://arxiv.org/pdf/2312.08279
#Comments: Tables 1 and 3 include theoretical uncertainties; reader combines them with basic systematic uncertainties in quadrature.
#Columns: x, y, y statistical errors, y systematic errors
1.571e+06 1.114e+00 8.000e-03 8.000e-03 4.024e-01 5.389e-01 
1.944e+06 1.007e+00 1.300e-02 1.300e-02 3.632e-01 5.554e-01 
2.406e+06 9.570e-01 1.100e-02 1.100e-02 3.306e-01 4.578e-01 
2.977e+06 9.140e-01 1.100e-02 1.100e-02 3.227e-01 4.513e-01 
3.683e+06 9.800e-01 1.300e-02 1.300e-02 3.842e-01 3.940e-01 
4.558e+06 9.550e-01 1.500e-02 1.500e-02 3.674e-01 3.976e-01 
5.640e+06 9.730e-01 1.700e-02 1.700e-02 3.716e-01 4.182e-01 
6.978e+06 1.058e+00 2.000e-02 2.000e-02 3.966e-01 4.657e-01 
8.635e+06 1.165e+00 2.300e-02 2.300e-02 4.407e-01 5.329e-01 
1.068e+07 1.303e+00 2.700e-02 2.700e-02 4.680e-01 5.811e-01 
1.322e+07 1.638e+00 2.500e-02 2.500e-02 6.376e-01 4.377e-01 
1.636e+07 1.799e+00 3.400e-02 3.400e-02 7.685e-01 4.981e-01 
2.024e+07 1.967e+00 3.800e-02 3.800e-02 7.152e-01 5.310e-01 
2.505e+07 2.060e+00 6.400e-02 6.400e-02 8.242e-01 6.112e-01 
3.099e+07 2.200e+00 6.400e-02 6.400e-02 6.939e-01 6.430e-01 
3.835e+07 2.359e+00 8.200e-02 8.200e-02 8.556e-01 7.502e-01 
4.745e+07 2.482e+00 1.310e-01 1.310e-01 9.353e-01 8.395e-01 
5.872e+07 2.492e+00 1.550e-01 1.550e-01 8.713e-01 7.387e-01 
7.265e+07 2.502e+00 1.480e-01 1.480e-01 7.364e-01 7.191e-01 
8.990e+07 2.549e+00 1.740e-01 1.740e-01 8.238e-01 7.109e-01 
