#Source: mytables
#Ref: 10.48550/arXiv.2312.08279 (2023arXiv231208279K)
#Experiment: KASCADE (Kuznetsov2024)
#Y Quantity: C
#X Quantity: totalEnergy
#Url: https://arxiv.org/pdf/2312.08279
#Comments: Tables 1 and 3 include theoretical uncertainties; reader combines them with basic systematic uncertainties in quadrature.
#Columns: x, y, y statistical errors, y systematic errors
1.571e+06 6.513e-14 6.400e-16 6.400e-16 1.544e-14 1.544e-14 
1.944e+06 6.701e-14 1.280e-15 1.280e-15 2.424e-14 2.424e-14 
2.406e+06 2.691e-14 5.000e-16 5.000e-16 6.070e-15 6.070e-15 
2.977e+06 1.293e-14 2.600e-16 2.600e-16 2.700e-15 2.700e-15 
3.683e+06 7.357e-15 1.720e-16 1.720e-16 1.493e-15 1.493e-15 
4.558e+06 3.814e-15 1.030e-16 1.030e-16 7.350e-16 7.350e-16 
5.640e+06 1.930e-15 6.300e-17 6.300e-17 3.750e-16 3.750e-16 
6.978e+06 1.125e-15 3.600e-17 3.600e-17 2.180e-16 2.180e-16 
8.635e+06 6.811e-16 2.240e-17 2.240e-17 1.399e-16 1.399e-16 
1.068e+07 4.218e-16 1.350e-17 1.350e-17 8.690e-17 8.690e-17 
1.322e+07 2.580e-16 6.600e-18 6.600e-18 5.680e-17 5.680e-17 
1.636e+07 1.437e-16 4.500e-18 4.500e-18 3.190e-17 3.190e-17 
2.024e+07 8.669e-17 2.880e-18 2.880e-18 1.881e-17 1.881e-17 
2.505e+07 5.732e-17 2.870e-18 2.870e-18 1.386e-17 1.386e-17 
3.099e+07 2.570e-17 1.300e-18 1.300e-18 5.830e-18 5.830e-18 
3.835e+07 1.138e-17 6.900e-19 6.900e-19 2.810e-18 2.810e-18 
4.745e+07 7.481e-18 6.500e-19 6.500e-19 2.013e-18 2.013e-18 
5.872e+07 3.607e-18 4.200e-19 4.200e-19 9.390e-19 9.390e-19 
7.265e+07 2.271e-18 2.370e-19 2.370e-19 5.850e-19 5.850e-19 
8.990e+07 9.971e-19 1.282e-19 1.282e-19 2.534e-19 2.534e-19 
