#Source: KCDC
#Ref: 10.22323/1.301.0316 (2017ICRC...35..316A)
#Experiment: KASCADE-Grande (EPOS-LHC)
#Y Quantity: light
#X Quantity: totalEnergy
#Url: https://kcdc.ikp.kit.edu/spectra/
#Comments: 
#Colums: x, y, y statistical errors, y systematic errors
1.778e+07 2.372e-16 0.000e+00 0.000e+00 1.736e-18 1.736e-18 
2.239e+07 1.220e-16 0.000e+00 0.000e+00 9.618e-19 9.618e-19 
2.818e+07 6.023e-17 0.000e+00 0.000e+00 5.384e-19 5.384e-19 
3.548e+07 2.776e-17 0.000e+00 0.000e+00 3.257e-19 3.257e-19 
4.467e+07 1.341e-17 0.000e+00 0.000e+00 2.018e-19 2.018e-19 
5.623e+07 6.731e-18 0.000e+00 0.000e+00 1.274e-19 1.274e-19 
7.079e+07 3.035e-18 0.000e+00 0.000e+00 7.626e-20 7.626e-20 
8.913e+07 1.464e-18 0.000e+00 0.000e+00 4.721e-20 4.721e-20 
1.122e+08 7.145e-19 0.000e+00 0.000e+00 2.939e-20 2.939e-20 
1.413e+08 3.659e-19 0.000e+00 0.000e+00 1.874e-20 1.874e-20 
1.778e+08 1.831e-19 0.000e+00 0.000e+00 1.182e-20 1.182e-20 
2.239e+08 8.543e-20 0.000e+00 0.000e+00 7.194e-21 7.194e-21 
2.818e+08 4.380e-20 0.000e+00 0.000e+00 4.591e-21 4.591e-21 
3.548e+08 2.217e-20 0.000e+00 0.000e+00 2.911e-21 2.911e-21 
5.012e+08 8.568e-21 0.000e+00 0.000e+00 1.063e-21 1.063e-21 
7.943e+08 1.580e-21 0.000e+00 0.000e+00 3.625e-22 3.625e-22 
