#Source: mytables
#Ref: 10.48550/arXiv.2312.08279 (2023arXiv231208279K)
#Experiment: KASCADE (Kuznetsov2024)
#Y Quantity: allParticle
#X Quantity: totalEnergy
#Url: https://arxiv.org/pdf/2312.08279
#Comments: Tables 1 and 3 include theoretical uncertainties; reader combines them with basic systematic uncertainties in quadrature.
#Columns: x, y, y statistical errors, y systematic errors
1.571e+06 5.738e-13 1.200e-15 1.200e-15 1.668e-13 1.421e-13 
1.944e+06 3.594e-13 9.000e-16 9.000e-16 9.166e-14 1.028e-13 
2.406e+06 2.189e-13 6.000e-16 6.000e-16 6.519e-14 5.293e-14 
2.977e+06 1.188e-13 4.000e-16 4.000e-16 4.128e-14 2.616e-14 
3.683e+06 6.073e-14 2.900e-16 2.900e-16 1.744e-14 1.587e-14 
4.558e+06 3.459e-14 1.900e-16 1.900e-16 1.350e-14 7.566e-15 
5.640e+06 1.855e-14 1.300e-16 1.300e-16 6.199e-15 4.196e-15 
6.978e+06 9.678e-15 8.500e-17 8.500e-17 3.289e-15 2.135e-15 
8.635e+06 5.267e-15 5.700e-17 5.700e-17 1.727e-15 1.179e-15 
1.068e+07 2.787e-15 3.900e-17 3.900e-17 1.075e-15 6.491e-16 
1.322e+07 1.238e-15 2.400e-17 2.400e-17 4.487e-16 2.956e-16 
1.636e+07 6.576e-16 1.520e-17 1.520e-17 2.462e-16 1.610e-16 
2.024e+07 3.929e-16 1.010e-17 1.010e-17 1.447e-16 1.360e-16 
2.505e+07 2.296e-16 6.800e-18 6.800e-18 1.000e-16 5.784e-17 
3.099e+07 1.096e-16 4.100e-18 4.100e-18 5.305e-17 3.055e-17 
3.835e+07 4.602e-17 2.650e-18 2.650e-18 1.383e-17 1.627e-17 
4.745e+07 2.818e-17 1.990e-18 1.990e-18 1.194e-17 1.477e-17 
5.872e+07 1.762e-17 1.290e-18 1.290e-18 1.029e-17 5.247e-18 
7.265e+07 9.231e-18 8.910e-19 8.910e-19 3.241e-18 2.816e-18 
8.990e+07 4.788e-18 4.750e-19 4.750e-19 3.454e-18 1.416e-18 
