#Source: mytables
#Ref: 10.48550/arXiv.2312.08279 (2023arXiv231208279K)
#Experiment: KASCADE (Kuznetsov2024)
#Y Quantity: H
#X Quantity: totalEnergy
#Url: https://arxiv.org/pdf/2312.08279
#Comments: Tables 1 and 3 include theoretical uncertainties; reader combines them with basic systematic uncertainties in quadrature.
#Columns: x, y, y statistical errors, y systematic errors
1.571e+06 3.105e-13 1.000e-15 1.000e-15 5.280e-14 5.280e-14 
1.944e+06 2.152e-13 7.000e-16 7.000e-16 3.480e-14 3.480e-14 
2.406e+06 1.336e-13 5.000e-16 5.000e-16 2.140e-14 2.140e-14 
2.977e+06 7.307e-14 3.400e-16 3.400e-16 1.164e-14 1.164e-14 
3.683e+06 3.610e-14 1.900e-16 1.900e-16 5.650e-15 5.650e-15 
4.558e+06 2.082e-14 1.300e-16 1.300e-16 3.290e-15 3.290e-15 
5.640e+06 1.093e-14 9.000e-17 9.000e-17 1.740e-15 1.740e-15 
6.978e+06 5.204e-15 5.300e-17 5.300e-17 8.780e-16 8.780e-16 
8.635e+06 2.558e-15 3.400e-17 3.400e-17 4.840e-16 4.840e-16 
1.068e+07 1.207e-15 2.000e-17 2.000e-17 2.560e-16 2.560e-16 
1.322e+07 3.916e-16 8.000e-18 8.000e-18 9.200e-17 9.200e-17 
1.636e+07 1.837e-16 5.000e-18 5.000e-18 4.540e-17 4.540e-17 
2.024e+07 9.385e-17 3.020e-18 3.020e-18 2.289e-17 2.289e-17 
2.505e+07 5.316e-17 2.570e-18 2.570e-18 1.430e-17 1.430e-17 
3.099e+07 2.181e-17 1.180e-18 1.180e-18 6.070e-18 6.070e-18 
3.835e+07 7.364e-18 5.460e-19 5.460e-19 2.333e-18 2.333e-18 
4.745e+07 4.285e-18 4.580e-19 4.580e-19 1.510e-18 1.510e-18 
5.872e+07 3.000e-18 3.560e-19 3.560e-19 9.250e-19 9.250e-19 
7.265e+07 1.312e-18 1.780e-19 1.780e-19 4.340e-19 4.340e-19 
8.990e+07 6.995e-19 1.096e-19 1.096e-19 2.247e-19 2.247e-19 
