#Source: CRDB
#Ref: 10.1103/PhysRevLett.107.171104 (2011PhRvL.107q1104A)
#Experiment: KASCADE-Grande (QGSJet-II-3)
#Y Quantity: allParticle
#X Quantity: totalEnergy
#Url: https://lpsc.in2p3.fr/crdb
#Comments: 
#Colums: x, y, y statistical errors, y systematic errors
1.122e+07 2.577e-15 1.576e-17 1.576e-17 0.000e+00 0.000e+00 
1.413e+07 1.230e-15 6.863e-18 6.863e-18 0.000e+00 0.000e+00 
1.778e+07 5.718e-16 3.404e-18 3.404e-18 0.000e+00 0.000e+00 
2.239e+07 2.897e-16 1.871e-18 1.871e-18 0.000e+00 0.000e+00 
2.818e+07 1.488e-16 1.069e-18 1.069e-18 0.000e+00 0.000e+00 
3.548e+07 7.446e-17 6.737e-19 6.737e-19 0.000e+00 0.000e+00 
4.467e+07 3.763e-17 4.269e-19 4.269e-19 0.000e+00 0.000e+00 
5.623e+07 1.882e-17 2.691e-19 2.691e-19 0.000e+00 0.000e+00 
7.079e+07 9.561e-18 1.709e-19 1.709e-19 0.000e+00 0.000e+00 
8.913e+07 4.714e-18 1.070e-19 1.070e-19 0.000e+00 0.000e+00 
1.122e+08 2.236e-18 6.567e-20 6.567e-20 0.000e+00 0.000e+00 
1.413e+08 1.041e-18 3.994e-20 3.994e-20 0.000e+00 0.000e+00 
1.778e+08 5.510e-19 2.589e-20 2.589e-20 0.000e+00 0.000e+00 
2.239e+08 2.589e-19 1.582e-20 1.582e-20 0.000e+00 0.000e+00 
2.818e+08 1.197e-19 9.584e-21 9.584e-21 0.000e+00 0.000e+00 
3.548e+08 5.852e-20 5.975e-21 5.975e-21 0.000e+00 0.000e+00 
5.012e+08 2.418e-20 2.254e-21 2.254e-21 0.000e+00 0.000e+00 
7.943e+08 4.244e-21 7.502e-22 7.502e-22 0.000e+00 0.000e+00 
1.413e+09 6.667e-22 1.782e-22 1.782e-22 0.000e+00 0.000e+00 
2.818e+09 1.432e-22 5.847e-23 5.847e-23 0.000e+00 0.000e+00 
