#Source: KCDC
#Ref: 10.22323/1.301.0316 (2017ICRC...35..316A)
#Experiment: KASCADE-Grande (SIBYLL-2.1)
#Y Quantity: light
#X Quantity: totalEnergy
#Url: https://kcdc.ikp.kit.edu/spectra/
#Comments: 
#Colums: x, y, y statistical errors, y systematic errors
1.778e+07 2.335e-16 0.000e+00 0.000e+00 2.176e-18 2.176e-18 
2.239e+07 1.107e-16 0.000e+00 0.000e+00 1.157e-18 1.157e-18 
2.818e+07 5.853e-17 0.000e+00 0.000e+00 6.703e-19 6.703e-19 
3.548e+07 2.617e-17 0.000e+00 0.000e+00 3.994e-19 3.994e-19 
4.467e+07 1.066e-17 0.000e+00 0.000e+00 2.272e-19 2.272e-19 
5.623e+07 4.939e-18 0.000e+00 0.000e+00 1.378e-19 1.378e-19 
7.079e+07 2.218e-18 0.000e+00 0.000e+00 8.234e-20 8.234e-20 
8.913e+07 9.976e-19 0.000e+00 0.000e+00 4.920e-20 4.920e-20 
1.122e+08 4.858e-19 0.000e+00 0.000e+00 3.061e-20 3.061e-20 
1.413e+08 2.358e-19 0.000e+00 0.000e+00 1.901e-20 1.901e-20 
1.778e+08 1.229e-19 0.000e+00 0.000e+00 1.223e-20 1.223e-20 
2.239e+08 7.150e-20 0.000e+00 0.000e+00 8.312e-21 8.312e-21 
2.818e+08 2.763e-20 0.000e+00 0.000e+00 4.606e-21 4.606e-21 
3.548e+08 1.097e-20 0.000e+00 0.000e+00 2.587e-21 2.587e-21 
5.012e+08 7.358e-21 0.000e+00 0.000e+00 1.244e-21 1.244e-21 
7.943e+08 1.725e-21 0.000e+00 0.000e+00 4.780e-22 4.780e-22 
