#Source: KCDC
#Ref: 10.1016/j.astropartphys.2005.04.001 (2005APh....24....1A)
#Experiment: KASCADE (2005_QGSJET-01)
#Y Quantity: allParticle
#X Quantity: totalEnergy
#Url: https://kcdc.ikp.kit.edu/spectra/
#Comments: 
#Colums: x, y, y total errors, y statistical errors
1.778e+06 6.541e-13 0.000e+00 0.000e+00 2.517e-14 2.517e-14 
2.239e+06 3.543e-13 0.000e+00 0.000e+00 1.252e-14 1.252e-14 
2.818e+06 1.800e-13 0.000e+00 0.000e+00 7.526e-15 7.526e-15 
3.548e+06 1.007e-13 0.000e+00 0.000e+00 5.104e-15 5.104e-15 
4.467e+06 4.904e-14 0.000e+00 0.000e+00 2.677e-15 2.677e-15 
5.623e+06 2.594e-14 0.000e+00 0.000e+00 1.761e-15 1.761e-15 
7.079e+06 1.199e-14 0.000e+00 0.000e+00 1.045e-15 1.045e-15 
8.913e+06 6.409e-15 0.000e+00 0.000e+00 6.181e-16 6.181e-16 
1.122e+07 2.813e-15 0.000e+00 0.000e+00 3.543e-16 3.543e-16 
1.413e+07 1.538e-15 0.000e+00 0.000e+00 2.156e-16 2.156e-16 
1.778e+07 6.244e-16 0.000e+00 0.000e+00 1.349e-16 1.349e-16 
2.239e+07 3.088e-16 0.000e+00 0.000e+00 7.829e-17 7.829e-17 
2.818e+07 1.985e-16 0.000e+00 0.000e+00 4.477e-17 4.477e-17 
3.548e+07 8.096e-17 0.000e+00 0.000e+00 2.518e-17 2.518e-17 
4.467e+07 4.218e-17 0.000e+00 0.000e+00 1.161e-17 1.161e-17 
5.623e+07 1.826e-17 0.000e+00 0.000e+00 7.369e-18 7.369e-18 
7.079e+07 1.367e-17 0.000e+00 0.000e+00 3.989e-18 3.989e-18 
8.913e+07 6.069e-18 0.000e+00 0.000e+00 2.870e-18 2.870e-18 
