#Source: mytables
#Ref: 10.48550/arXiv.2312.08279 (2023arXiv231208279K)
#Experiment: KASCADE (Kuznetsov2024)
#Y Quantity: He
#X Quantity: totalEnergy
#Url: https://arxiv.org/pdf/2312.08279
#Comments: Tables 1 and 3 include theoretical uncertainties; reader combines them with basic systematic uncertainties in quadrature.
#Columns: x, y, y statistical errors, y systematic errors
1.571e+06 1.037e-13 1.200e-15 1.200e-15 2.530e-14 2.530e-14 
1.944e+06 3.724e-14 9.900e-16 9.900e-16 2.056e-14 2.056e-14 
2.406e+06 2.898e-14 6.000e-16 6.000e-16 7.420e-15 7.420e-15 
2.977e+06 1.819e-14 3.800e-16 3.800e-16 4.050e-15 4.050e-15 
3.683e+06 8.963e-15 2.110e-16 2.110e-16 1.981e-15 1.981e-15 
4.558e+06 5.234e-15 1.380e-16 1.380e-16 1.079e-15 1.079e-15 
5.640e+06 3.064e-15 9.200e-17 9.200e-17 5.910e-16 5.910e-16 
6.978e+06 2.017e-15 5.800e-17 5.800e-17 3.780e-16 3.780e-16 
8.635e+06 1.264e-15 3.800e-17 3.800e-17 2.500e-16 2.500e-16 
1.068e+07 7.069e-16 2.210e-17 2.210e-17 1.438e-16 1.438e-16 
1.322e+07 3.308e-16 7.700e-18 7.700e-18 6.930e-17 6.930e-17 
1.636e+07 1.633e-16 4.800e-18 4.800e-18 3.240e-17 3.240e-17 
2.024e+07 9.485e-17 2.810e-18 2.810e-18 1.789e-17 1.789e-17 
2.505e+07 4.490e-17 2.760e-18 2.760e-18 1.085e-17 1.085e-17 
3.099e+07 2.152e-17 1.120e-18 1.120e-18 4.780e-18 4.780e-18 
3.835e+07 8.341e-18 5.460e-19 5.460e-19 2.179e-18 2.179e-18 
4.745e+07 3.475e-18 4.450e-19 4.450e-19 1.281e-18 1.281e-18 
5.872e+07 2.112e-18 3.170e-19 3.170e-19 6.440e-19 6.440e-19 
7.265e+07 1.364e-18 1.610e-19 1.610e-19 4.100e-19 4.100e-19 
8.990e+07 6.873e-19 9.260e-20 9.260e-20 1.927e-19 1.927e-19 
