#Source: CRDB
#Ref: 10.1103/PhysRevD.87.081101 (2013PhRvD..87h1101A)
#Experiment: KASCADE-Grande (QGSJet-II-2)
#Y Quantity: allParticle
#X Quantity: totalEnergy
#Url: https://lpsc.in2p3.fr/crdb
#Comments: 
#Colums: x, y, y statistical errors, y systematic errors
1.778e+07 5.816e-16 2.272e-18 2.272e-18 0.000e+00 0.000e+00 
2.239e+07 2.859e-16 1.420e-18 1.420e-18 0.000e+00 0.000e+00 
2.818e+07 1.443e-16 8.991e-19 8.991e-19 0.000e+00 0.000e+00 
3.548e+07 7.346e-17 5.718e-19 5.718e-19 0.000e+00 0.000e+00 
4.467e+07 3.672e-17 3.603e-19 3.603e-19 0.000e+00 0.000e+00 
5.623e+07 1.883e-17 2.299e-19 2.299e-19 0.000e+00 0.000e+00 
7.079e+07 9.454e-18 1.452e-19 1.452e-19 0.000e+00 0.000e+00 
8.913e+07 4.601e-18 9.028e-20 9.028e-20 0.000e+00 0.000e+00 
1.122e+08 2.194e-18 5.556e-20 5.556e-20 0.000e+00 0.000e+00 
1.413e+08 1.060e-18 3.442e-20 3.442e-20 0.000e+00 0.000e+00 
1.778e+08 5.398e-19 2.189e-20 2.189e-20 0.000e+00 0.000e+00 
2.239e+08 2.454e-19 1.316e-20 1.316e-20 0.000e+00 0.000e+00 
2.818e+08 1.294e-19 8.514e-21 8.514e-21 0.000e+00 0.000e+00 
3.548e+08 5.829e-20 5.093e-21 5.093e-21 0.000e+00 0.000e+00 
5.012e+08 2.063e-20 1.803e-21 1.803e-21 0.000e+00 0.000e+00 
7.943e+08 4.273e-21 6.517e-22 6.517e-22 0.000e+00 0.000e+00 
1.259e+09 1.129e-21 2.660e-22 2.660e-22 0.000e+00 0.000e+00 
2.239e+09 1.175e-22 5.257e-23 5.257e-23 0.000e+00 0.000e+00 
