#Source: KCDC
#Ref: 10.22323/1.236.0359 (2015ICRC...34..359B)
#Experiment: KASCADE-Grande (QGSJET-II-04)
#Y Quantity: allParticle
#X Quantity: totalEnergy
#Url: https://kcdc.ikp.kit.edu/spectra/
#Comments: 
#Colums: x, y, y statistical errors, y systematic errors
1.778e+07 5.369e-16 0.000e+00 0.000e+00 3.299e-18 3.299e-18 
2.239e+07 2.686e-16 0.000e+00 0.000e+00 1.801e-18 1.801e-18 
2.818e+07 1.291e-16 0.000e+00 0.000e+00 9.953e-19 9.953e-19 
3.548e+07 6.675e-17 0.000e+00 0.000e+00 6.380e-19 6.380e-19 
4.467e+07 3.260e-17 0.000e+00 0.000e+00 3.974e-19 3.974e-19 
5.623e+07 1.676e-17 0.000e+00 0.000e+00 2.539e-19 2.539e-19 
7.079e+07 8.531e-18 0.000e+00 0.000e+00 1.614e-19 1.614e-19 
8.913e+07 4.085e-18 0.000e+00 0.000e+00 9.957e-20 9.957e-20 
1.122e+08 1.866e-18 0.000e+00 0.000e+00 5.999e-20 5.999e-20 
1.413e+08 9.493e-19 0.000e+00 0.000e+00 3.813e-20 3.813e-20 
1.778e+08 4.952e-19 0.000e+00 0.000e+00 2.454e-20 2.454e-20 
2.239e+08 2.193e-19 0.000e+00 0.000e+00 1.456e-20 1.456e-20 
2.818e+08 1.082e-19 0.000e+00 0.000e+00 9.116e-21 9.116e-21 
3.548e+08 5.242e-20 0.000e+00 0.000e+00 5.654e-21 5.654e-21 
5.012e+08 2.228e-20 0.000e+00 0.000e+00 2.165e-21 2.165e-21 
7.943e+08 3.316e-21 0.000e+00 0.000e+00 6.632e-22 6.632e-22 
