#Source: CRDB
#Ref: 10.1103/PhysRevD.87.081101 (2013PhRvD..87h1101A)
#Experiment: KASCADE-Grande (QGSJET-II-02)
#Y Quantity: light
#X Quantity: totalEnergy
#Url: https://lpsc.in2p3.fr/crdb
#Comments: 
#Colums: x, y, y statistical errors, y systematic errors
4.467e+07 1.639e-17 2.407e-19 2.407e-19 0.000e+00 0.000e+00 
5.623e+07 8.131e-18 1.511e-19 1.511e-19 0.000e+00 0.000e+00 
7.079e+07 3.829e-18 9.241e-20 9.241e-20 0.000e+00 0.000e+00 
8.913e+07 1.777e-18 5.610e-20 5.610e-20 0.000e+00 0.000e+00 
1.122e+08 8.598e-19 3.478e-20 3.478e-20 0.000e+00 0.000e+00 
1.413e+08 4.080e-19 2.135e-20 2.135e-20 0.000e+00 0.000e+00 
1.778e+08 2.424e-19 1.467e-20 1.467e-20 0.000e+00 0.000e+00 
2.239e+08 9.662e-20 8.254e-21 8.254e-21 0.000e+00 0.000e+00 
2.818e+08 5.714e-20 5.658e-21 5.658e-21 0.000e+00 0.000e+00 
3.548e+08 3.115e-20 3.723e-21 3.723e-21 0.000e+00 0.000e+00 
5.012e+08 1.024e-20 1.270e-21 1.270e-21 0.000e+00 0.000e+00 
7.943e+08 2.385e-21 4.869e-22 4.869e-22 0.000e+00 0.000e+00 
1.259e+09 5.643e-22 1.881e-22 1.881e-22 0.000e+00 0.000e+00 
