#Source: CRDB
#Ref: 10.1103/PhysRevLett.107.171104 (2011PhRvL.107q1104A)
#Experiment: KASCADE-Grande (QGSJET-II-03)
#Y Quantity: light
#X Quantity: totalEnergy
#Url: https://lpsc.in2p3.fr/crdb
#Comments: 
#Colums: x, y, y statistical errors, y systematic errors
1.122e+07 1.501e-15 8.110e-18 8.110e-18 0.000e+00 0.000e+00 
1.413e+07 7.544e-16 3.424e-18 3.424e-18 0.000e+00 0.000e+00 
1.778e+07 3.160e-16 1.579e-18 1.579e-18 0.000e+00 0.000e+00 
2.239e+07 1.470e-16 7.498e-19 7.498e-19 0.000e+00 0.000e+00 
2.818e+07 7.900e-17 4.377e-19 4.377e-19 0.000e+00 0.000e+00 
3.548e+07 3.453e-17 2.478e-19 2.478e-19 0.000e+00 0.000e+00 
4.467e+07 1.648e-17 1.424e-19 1.424e-19 0.000e+00 0.000e+00 
5.623e+07 7.970e-18 8.893e-20 8.893e-20 0.000e+00 0.000e+00 
7.079e+07 3.883e-18 5.365e-20 5.365e-20 0.000e+00 0.000e+00 
8.913e+07 1.788e-18 3.237e-20 3.237e-20 0.000e+00 0.000e+00 
1.122e+08 8.214e-19 2.149e-20 2.149e-20 0.000e+00 0.000e+00 
1.413e+08 3.997e-19 1.308e-20 1.308e-20 0.000e+00 0.000e+00 
1.778e+08 2.311e-19 9.619e-21 9.619e-21 0.000e+00 0.000e+00 
2.239e+08 1.044e-19 5.114e-21 5.114e-21 0.000e+00 0.000e+00 
2.818e+08 4.913e-20 3.070e-21 3.070e-21 0.000e+00 0.000e+00 
3.548e+08 3.110e-20 2.220e-21 2.220e-21 0.000e+00 0.000e+00 
5.012e+08 1.135e-20 8.583e-22 8.583e-22 0.000e+00 0.000e+00 
7.943e+08 1.725e-21 4.414e-22 4.414e-22 0.000e+00 0.000e+00 
1.413e+09 2.857e-22 1.166e-22 1.166e-22 0.000e+00 0.000e+00 
2.818e+09 1.193e-22 5.337e-23 5.337e-23 0.000e+00 0.000e+00 
