#Source: 
#Ref: 10.1051/0004-6361/200913323 (2009A&A...508..561A)
#Experiment: HESS
#Quantity: leptons
#Units: total energy
#Url: 
#Comments: systematic errors not official, derived from https://www.mpi-hd.mpg.de/hfm/HESS/pages/publications/auxiliary/auxinfo_electrons2.html
7.14713e+02 4.07082e-07 8.68848e-08 8.51359e-08 1.45993e-08 1.45993e-08 
9.29980e+02 1.65298e-07 3.57169e-08 3.51621e-08 7.09930e-09 5.66949e-09 
1.21376e+03 6.02809e-08 1.32687e-08 1.33012e-08 2.67878e-09 2.67878e-09 
1.57933e+03 1.89831e-08 4.42534e-09 4.54356e-09 1.25911e-09 1.46727e-09 
2.03457e+03 7.53023e-09 1.89883e-09 1.96337e-09 6.24551e-10 7.01729e-10 
2.65541e+03 1.92963e-09 6.01272e-10 6.14222e-10 3.14038e-10 3.14038e-10 
3.45520e+03 5.71642e-10 2.53055e-10 2.57275e-10 1.79153e-10 1.79153e-10 
4.50953e+03 4.98445e-10 2.15365e-10 2.23531e-10 9.11617e-11 9.68320e-11 
3.73110e+02 2.88096e-06 7.65330e-07 7.91954e-07 1.44780e-07 1.08585e-07 
4.48580e+02 1.88445e-06 4.99462e-07 5.13867e-07 7.20101e-08 9.59397e-08 
5.39310e+02 9.54220e-07 2.56856e-07 2.57196e-07 5.32955e-08 5.32955e-08 
6.40330e+02 5.96497e-07 1.61398e-07 1.59079e-07 3.29461e-08 3.95354e-08 
7.61790e+02 3.42468e-07 9.18749e-08 9.17753e-08 2.06521e-08 2.06521e-08 
9.15880e+02 2.03040e-07 5.40345e-08 5.69536e-08 1.59579e-08 1.59579e-08 
1.10113e+03 8.75211e-08 2.43396e-08 2.48570e-08 9.58725e-09 9.58725e-09 
1.32385e+03 4.42256e-08 1.27099e-08 1.32033e-08 5.83583e-09 6.73232e-09 
1.59162e+03 2.17387e-08 6.58171e-09 6.78887e-09 3.67065e-09 3.86411e-09 
