#Source: mytables
#Ref: arXiv:2511.05013 (none)
#Experiment: LHAASO (QGSJET-II-04)
#Y Quantity: light
#X Quantity: totalEnergy
#Url: https://arxiv.org/pdf/2511.05013
#Comments: 
#Columns: x, y, y statistical errors, y systematic errors
1.778e+05 2.008e-10 2.000e-13 2.000e-13 9.800e-12 9.800e-12 
2.239e+05 1.074e-10 1.000e-13 1.000e-13 5.000e-12 5.000e-12 
2.818e+05 5.661e-11 7.000e-14 7.000e-14 2.870e-12 2.870e-12 
3.548e+05 3.003e-11 5.000e-14 5.000e-14 1.600e-12 1.600e-12 
4.467e+05 1.600e-11 3.000e-14 3.000e-14 8.500e-13 8.500e-13 
5.623e+05 8.445e-12 2.000e-14 2.000e-14 4.700e-13 4.700e-13 
7.079e+05 4.455e-12 1.300e-14 1.300e-14 2.520e-13 2.520e-13 
8.913e+05 2.379e-12 8.000e-15 8.000e-15 1.290e-13 1.290e-13 
1.122e+06 1.286e-12 6.000e-15 6.000e-15 6.300e-14 6.300e-14 
1.413e+06 7.021e-13 3.700e-15 3.700e-15 2.920e-14 2.920e-14 
1.778e+06 3.806e-13 2.500e-15 2.500e-15 1.340e-14 1.340e-14 
2.239e+06 2.026e-13 1.600e-15 1.600e-15 6.200e-15 6.200e-15 
2.818e+06 1.066e-13 1.000e-15 1.000e-15 3.000e-15 3.000e-15 
3.548e+06 5.503e-14 6.700e-16 6.700e-16 1.420e-15 1.420e-15 
4.467e+06 2.852e-14 4.300e-16 4.300e-16 7.100e-16 7.100e-16 
5.623e+06 1.416e-14 2.700e-16 2.700e-16 3.500e-16 3.500e-16 
7.079e+06 6.338e-15 1.590e-16 1.590e-16 1.540e-16 1.540e-16 
8.913e+06 2.946e-15 9.600e-17 9.600e-17 6.500e-17 6.500e-17 
1.122e+07 1.258e-15 5.500e-17 5.500e-17 3.900e-17 3.900e-17 
