#Source: mytables
#Ref: arXiv:2511.05013 (none)
#Experiment: LHAASO (SIBYLL-2.3d)
#Y Quantity: H
#X Quantity: totalEnergy
#Url: https://arxiv.org/pdf/2511.05013
#Comments: 
#Columns: x, y, y statistical errors, y systematic errors
1.778e+05 7.110e-11 1.000e-13 1.000e-13 3.900e-12 3.900e-12 
2.239e+05 3.790e-11 6.000e-14 6.000e-14 2.070e-12 2.070e-12 
2.818e+05 2.036e-11 4.000e-14 4.000e-14 1.090e-12 1.090e-12 
3.548e+05 1.112e-11 3.000e-14 3.000e-14 5.900e-13 5.900e-13 
4.467e+05 6.280e-12 1.800e-14 1.800e-14 3.350e-13 3.350e-13 
5.623e+05 3.537e-12 1.200e-14 1.200e-14 1.890e-13 1.890e-13 
7.079e+05 1.982e-12 9.000e-15 9.000e-15 1.050e-13 1.050e-13 
8.913e+05 1.109e-12 6.000e-15 6.000e-15 5.600e-14 5.600e-14 
1.122e+06 6.328e-13 4.000e-15 4.000e-15 3.050e-14 3.050e-14 
1.413e+06 3.510e-13 2.700e-15 2.700e-15 1.580e-14 1.580e-14 
1.778e+06 1.906e-13 1.800e-15 1.800e-15 7.900e-15 7.900e-15 
2.239e+06 1.039e-13 1.160e-15 1.160e-15 4.000e-15 4.000e-15 
2.818e+06 5.478e-14 7.600e-16 7.600e-16 2.020e-15 2.020e-15 
3.548e+06 2.766e-14 4.800e-16 4.800e-16 1.010e-15 1.010e-15 
4.467e+06 1.314e-14 2.900e-16 2.900e-16 4.800e-16 4.800e-16 
5.623e+06 6.060e-15 1.720e-16 1.720e-16 2.250e-16 2.250e-16 
7.079e+06 2.622e-15 1.000e-16 1.000e-16 9.800e-17 9.800e-17 
8.913e+06 1.227e-15 6.200e-17 6.200e-17 4.700e-17 4.700e-17 
1.122e+07 5.714e-16 3.800e-17 3.800e-17 2.190e-17 2.190e-17 
