#Source: mytables
#Ref: 10.1103/PhysRevLett.132.131002 (none)
#Experiment: LHAASO (QGSJET-II-04)
#Y Quantity: allParticle
#X Quantity: totalEnergy
#Url: https://arxiv.org/pdf/2403.10010
#Comments: Systematic uncertainties exclude hadronic interaction model uncertainty.
#Columns: x, y, y statistical errors, y systematic errors
3.548e+05 5.353e-11 1.100e-14 1.100e-14 1.795e-12 1.795e-12 
4.467e+05 2.846e-11 7.000e-15 7.000e-15 9.550e-13 9.550e-13 
5.623e+05 1.516e-11 5.000e-15 5.000e-15 5.090e-13 5.090e-13 
7.079e+05 8.054e-12 3.100e-15 3.100e-15 2.701e-13 2.701e-13 
8.913e+05 4.274e-12 2.000e-15 2.000e-15 1.434e-13 1.434e-13 
1.122e+06 2.271e-12 1.300e-15 1.300e-15 7.620e-14 7.620e-14 
1.413e+06 1.207e-12 8.000e-16 8.000e-16 4.050e-14 4.050e-14 
1.778e+06 6.419e-13 5.500e-16 5.500e-16 2.153e-14 2.153e-14 
2.239e+06 3.387e-13 3.500e-16 3.500e-16 1.136e-14 1.136e-14 
2.818e+06 1.772e-13 2.300e-16 2.300e-16 5.940e-15 5.940e-15 
3.548e+06 9.128e-14 1.460e-16 1.460e-16 3.062e-15 3.062e-15 
4.467e+06 4.623e-14 9.200e-17 9.200e-17 1.551e-15 1.551e-15 
5.623e+06 2.307e-14 5.800e-17 5.800e-17 7.740e-16 7.740e-16 
7.079e+06 1.131e-14 3.600e-17 3.600e-17 3.790e-16 3.790e-16 
8.913e+06 5.426e-15 2.250e-17 2.250e-17 1.820e-16 1.820e-16 
1.122e+07 2.648e-15 1.400e-17 1.400e-17 8.880e-17 8.880e-17 
1.413e+07 1.284e-15 8.700e-18 8.700e-18 4.300e-17 4.300e-17 
1.778e+07 6.384e-16 5.470e-18 5.470e-18 2.141e-17 2.141e-17 
2.239e+07 3.122e-16 3.410e-18 3.410e-18 1.047e-17 1.047e-17 
2.818e+07 1.580e-16 2.160e-18 2.160e-18 5.300e-18 5.300e-18 
