#Source: mytables
#Ref: arXiv:2511.05013 (none)
#Experiment: LHAASO (EPOS-LHC)
#Y Quantity: He
#X Quantity: totalEnergy
#Url: https://arxiv.org/pdf/2511.05013
#Comments: 
#Columns: x, y, y statistical errors, y systematic errors
1.778e+05 1.134e-10 2.000e-13 2.000e-13 1.000e-11 1.000e-11 
2.239e+05 5.975e-11 1.200e-13 1.200e-13 5.210e-12 5.210e-12 
2.818e+05 3.091e-11 8.000e-14 8.000e-14 2.890e-12 2.890e-12 
3.548e+05 1.573e-11 5.000e-14 5.000e-14 1.630e-12 1.630e-12 
4.467e+05 8.090e-12 3.400e-14 3.400e-14 8.870e-13 8.870e-13 
5.623e+05 4.063e-12 2.300e-14 2.300e-14 5.480e-13 5.480e-13 
7.079e+05 2.084e-12 1.500e-14 1.500e-14 3.090e-13 3.090e-13 
8.913e+05 1.057e-12 1.000e-14 1.000e-14 1.660e-13 1.660e-13 
1.122e+06 5.483e-13 6.800e-15 6.800e-15 8.590e-14 8.590e-14 
1.413e+06 2.960e-13 4.500e-15 4.500e-15 4.050e-14 4.050e-14 
1.778e+06 1.608e-13 3.000e-15 3.000e-15 1.830e-14 1.830e-14 
2.239e+06 8.686e-14 2.000e-15 2.000e-15 8.050e-15 8.050e-15 
2.818e+06 4.480e-14 1.310e-15 1.310e-15 3.790e-15 3.790e-15 
3.548e+06 2.386e-14 8.400e-16 8.400e-16 1.850e-15 1.850e-15 
4.467e+06 1.385e-14 5.300e-16 5.300e-16 9.200e-16 9.200e-16 
5.623e+06 7.353e-15 3.250e-16 3.250e-16 4.520e-16 4.520e-16 
7.079e+06 3.838e-15 1.970e-16 1.970e-16 2.330e-16 2.330e-16 
8.913e+06 1.524e-15 1.140e-16 1.140e-16 9.800e-17 9.800e-17 
1.122e+07 6.449e-16 6.720e-17 6.720e-17 4.430e-17 4.430e-17 
