#Source: mytables
#Ref: arXiv:2511.05013 (none)
#Experiment: LHAASO (QGSJET-II-04)
#Y Quantity: He
#X Quantity: totalEnergy
#Url: https://arxiv.org/pdf/2511.05013
#Comments: 
#Columns: x, y, y statistical errors, y systematic errors
1.778e+05 1.186e-10 2.000e-13 2.000e-13 1.050e-11 1.050e-11 
2.239e+05 6.358e-11 1.300e-13 1.300e-13 5.540e-12 5.540e-12 
2.818e+05 3.314e-11 8.000e-14 8.000e-14 3.090e-12 3.090e-12 
3.548e+05 1.736e-11 6.000e-14 6.000e-14 1.790e-12 1.790e-12 
4.467e+05 8.967e-12 3.600e-14 3.600e-14 9.800e-13 9.800e-13 
5.623e+05 4.551e-12 2.400e-14 2.400e-14 6.110e-13 6.110e-13 
7.079e+05 2.288e-12 1.600e-14 1.600e-14 3.380e-13 3.380e-13 
8.913e+05 1.185e-12 1.000e-14 1.000e-14 1.850e-13 1.850e-13 
1.122e+06 6.084e-13 7.000e-15 7.000e-15 9.480e-14 9.480e-14 
1.413e+06 3.311e-13 4.700e-15 4.700e-15 4.490e-14 4.490e-14 
1.778e+06 1.799e-13 3.100e-15 3.100e-15 2.020e-14 2.020e-14 
2.239e+06 9.468e-14 2.010e-15 2.010e-15 8.590e-15 8.590e-15 
2.818e+06 5.010e-14 1.300e-15 1.300e-15 4.090e-15 4.090e-15 
3.548e+06 2.661e-14 8.300e-16 8.300e-16 1.980e-15 1.980e-15 
4.467e+06 1.475e-14 5.300e-16 5.300e-16 9.500e-16 9.500e-16 
5.623e+06 7.781e-15 3.260e-16 3.260e-16 4.650e-16 4.650e-16 
7.079e+06 3.580e-15 1.920e-16 1.920e-16 2.170e-16 2.170e-16 
8.913e+06 1.693e-15 1.160e-16 1.160e-16 1.050e-16 1.050e-16 
1.122e+07 6.809e-16 6.800e-17 6.800e-17 4.570e-17 4.570e-17 
