#Source: mytables
#Ref: 10.1103/PhysRevLett.132.131002 (none)
#Experiment: LHAASO (EPOS-LHC)
#Y Quantity: allParticle
#X Quantity: totalEnergy
#Url: https://arxiv.org/pdf/2403.10010
#Comments: Systematic uncertainties exclude hadronic interaction model uncertainty.
#Columns: x, y, y statistical errors, y systematic errors
3.548e+05 5.141e-11 1.100e-14 1.100e-14 1.724e-12 1.724e-12 
4.467e+05 2.735e-11 7.000e-15 7.000e-15 9.170e-13 9.170e-13 
5.623e+05 1.457e-11 5.000e-15 5.000e-15 4.890e-13 4.890e-13 
7.079e+05 7.736e-12 3.000e-15 3.000e-15 2.595e-13 2.595e-13 
8.913e+05 4.105e-12 2.000e-15 2.000e-15 1.377e-13 1.377e-13 
1.122e+06 2.182e-12 1.300e-15 1.300e-15 7.320e-14 7.320e-14 
1.413e+06 1.160e-12 8.000e-16 8.000e-16 3.900e-14 3.900e-14 
1.778e+06 6.162e-13 5.400e-16 5.400e-16 2.067e-14 2.067e-14 
2.239e+06 3.251e-13 3.500e-16 3.500e-16 1.091e-14 1.091e-14 
2.818e+06 1.697e-13 2.200e-16 2.200e-16 5.690e-15 5.690e-15 
3.548e+06 8.736e-14 1.430e-16 1.430e-16 2.930e-15 2.930e-15 
4.467e+06 4.421e-14 9.100e-17 9.100e-17 1.483e-15 1.483e-15 
5.623e+06 2.200e-14 5.700e-17 5.700e-17 7.380e-16 7.380e-16 
7.079e+06 1.076e-14 3.600e-17 3.600e-17 3.610e-16 3.610e-16 
8.913e+06 5.138e-15 2.190e-17 2.190e-17 1.723e-16 1.723e-16 
1.122e+07 2.530e-15 1.370e-17 1.370e-17 8.490e-17 8.490e-17 
1.413e+07 1.224e-15 8.500e-18 8.500e-18 4.110e-17 4.110e-17 
1.778e+07 6.062e-16 5.330e-18 5.330e-18 2.033e-17 2.033e-17 
2.239e+07 3.000e-16 3.340e-18 3.340e-18 1.006e-17 1.006e-17 
2.818e+07 1.511e-16 2.110e-18 2.110e-18 5.070e-18 5.070e-18 
