#Source: mytables
#Ref: arXiv:2511.05013 (none)
#Experiment: LHAASO (EPOS-LHC)
#Y Quantity: light
#X Quantity: totalEnergy
#Url: https://arxiv.org/pdf/2511.05013
#Comments: 
#Columns: x, y, y statistical errors, y systematic errors
1.778e+05 1.873e-10 2.000e-13 2.000e-13 1.010e-11 1.010e-11 
2.239e+05 9.960e-11 1.000e-13 1.000e-13 5.200e-12 5.200e-12 
2.818e+05 5.236e-11 7.000e-14 7.000e-14 3.050e-12 3.050e-12 
3.548e+05 2.744e-11 4.000e-14 4.000e-14 1.710e-12 1.710e-12 
4.467e+05 1.467e-11 3.000e-14 3.000e-14 9.200e-13 9.200e-13 
5.623e+05 7.792e-12 1.900e-14 1.900e-14 5.330e-13 5.330e-13 
7.079e+05 4.191e-12 1.200e-14 1.200e-14 2.950e-13 2.950e-13 
8.913e+05 2.242e-12 8.000e-15 8.000e-15 1.570e-13 1.570e-13 
1.122e+06 1.226e-12 5.000e-15 5.000e-15 8.100e-14 8.100e-14 
1.413e+06 6.699e-13 3.600e-15 3.600e-15 3.810e-14 3.810e-14 
1.778e+06 3.671e-13 2.400e-15 2.400e-15 1.730e-14 1.730e-14 
2.239e+06 1.998e-13 1.600e-15 1.600e-15 7.700e-15 7.700e-15 
2.818e+06 1.057e-13 1.000e-15 1.000e-15 3.600e-15 3.600e-15 
3.548e+06 5.484e-14 6.700e-16 6.700e-16 1.760e-15 1.760e-15 
4.467e+06 2.848e-14 4.300e-16 4.300e-16 8.700e-16 8.700e-16 
5.623e+06 1.418e-14 2.700e-16 2.700e-16 4.300e-16 4.300e-16 
7.079e+06 6.811e-15 1.650e-16 1.650e-16 2.190e-16 2.190e-16 
8.913e+06 2.892e-15 9.400e-17 9.400e-17 9.000e-17 9.000e-17 
1.122e+07 1.269e-15 5.400e-17 5.400e-17 3.600e-17 3.600e-17 
