#Source: mytables
#Ref: arXiv:2511.05013 (none)
#Experiment: LHAASO (EPOS-LHC)
#Y Quantity: H
#X Quantity: totalEnergy
#Url: https://arxiv.org/pdf/2511.05013
#Comments: 
#Columns: x, y, y statistical errors, y systematic errors
1.778e+05 7.390e-11 1.000e-13 1.000e-13 4.100e-12 4.100e-12 
2.239e+05 3.982e-11 6.000e-14 6.000e-14 2.170e-12 2.170e-12 
2.818e+05 2.146e-11 4.000e-14 4.000e-14 1.150e-12 1.150e-12 
3.548e+05 1.171e-11 3.000e-14 3.000e-14 6.200e-13 6.200e-13 
4.467e+05 6.581e-12 1.800e-14 1.800e-14 3.510e-13 3.510e-13 
5.623e+05 3.729e-12 1.300e-14 1.300e-14 1.990e-13 1.990e-13 
7.079e+05 2.108e-12 9.000e-15 9.000e-15 1.120e-13 1.120e-13 
8.913e+05 1.185e-12 6.000e-15 6.000e-15 6.000e-14 6.000e-14 
1.122e+06 6.782e-13 4.100e-15 4.100e-15 3.270e-14 3.270e-14 
1.413e+06 3.739e-13 2.700e-15 2.700e-15 1.680e-14 1.680e-14 
1.778e+06 2.062e-13 1.800e-15 1.800e-15 8.500e-15 8.500e-15 
2.239e+06 1.130e-13 1.210e-15 1.210e-15 4.350e-15 4.350e-15 
2.818e+06 6.094e-14 8.000e-16 8.000e-16 2.250e-15 2.250e-15 
3.548e+06 3.097e-14 5.100e-16 5.100e-16 1.130e-15 1.130e-15 
4.467e+06 1.463e-14 3.100e-16 3.100e-16 5.400e-16 5.400e-16 
5.623e+06 6.827e-15 1.830e-16 1.830e-16 2.540e-16 2.540e-16 
7.079e+06 2.973e-15 1.070e-16 1.070e-16 1.110e-16 1.110e-16 
8.913e+06 1.368e-15 6.500e-17 6.500e-17 5.200e-17 5.200e-17 
1.122e+07 6.241e-16 3.950e-17 3.950e-17 2.390e-17 2.390e-17 
