#Source: mytables
#Ref: unpublished (2025arXiv250514447T)
#Experiment: LHAASO (QGSJETII-04)
#Y Quantity: H
#X Quantity: totalEnergy
#Url: 
#Comments: 
#Colums: x, y, y statistical errors, y systematic errors
1.778e+05 9.051e-11 1.900e-13 1.900e-13 5.130e-12 5.130e-12 
2.239e+05 4.803e-11 1.200e-13 1.200e-13 2.740e-12 2.740e-12 
2.818e+05 2.561e-11 8.000e-14 8.000e-14 1.470e-12 1.470e-12 
3.548e+05 1.372e-11 5.000e-14 5.000e-14 8.000e-13 8.000e-13 
4.467e+05 7.491e-12 3.300e-14 3.300e-14 4.400e-13 4.400e-13 
5.623e+05 4.114e-12 2.200e-14 2.200e-14 2.450e-13 2.450e-13 
7.079e+05 2.241e-12 1.400e-14 1.400e-14 1.360e-13 1.360e-13 
8.913e+05 1.243e-12 9.000e-15 9.000e-15 7.700e-14 7.700e-14 
1.122e+06 6.955e-13 6.400e-15 6.400e-15 4.460e-14 4.460e-14 
1.413e+06 3.789e-13 4.200e-15 4.200e-15 2.520e-14 2.520e-14 
1.778e+06 2.085e-13 2.800e-15 2.800e-15 1.450e-14 1.450e-14 
2.239e+06 1.104e-13 1.800e-15 1.800e-15 8.100e-15 8.100e-15 
2.818e+06 5.752e-14 1.140e-15 1.140e-15 4.520e-15 4.520e-15 
3.548e+06 2.857e-14 7.200e-16 7.200e-16 2.430e-15 2.430e-15 
4.467e+06 1.392e-14 4.500e-16 4.500e-16 1.300e-15 1.300e-15 
5.623e+06 6.375e-15 2.670e-16 2.670e-16 6.610e-16 6.610e-16 
7.079e+06 2.684e-15 1.530e-16 1.530e-16 3.140e-16 3.140e-16 
8.913e+06 1.207e-15 9.000e-17 9.000e-17 1.620e-16 1.620e-16 
1.122e+07 5.741e-16 5.500e-17 5.500e-17 8.960e-17 8.960e-17 
