#Source: mytables
#Ref: arXiv:2511.05013 (none)
#Experiment: LHAASO (SIBYLL-2.3d)
#Y Quantity: He
#X Quantity: totalEnergy
#Url: https://arxiv.org/pdf/2511.05013
#Comments: 
#Columns: x, y, y statistical errors, y systematic errors
1.778e+05 1.122e-10 2.000e-13 2.000e-13 9.900e-12 9.900e-12 
2.239e+05 5.983e-11 1.200e-13 1.200e-13 5.200e-12 5.200e-12 
2.818e+05 3.143e-11 8.000e-14 8.000e-14 2.930e-12 2.930e-12 
3.548e+05 1.638e-11 5.000e-14 5.000e-14 1.690e-12 1.690e-12 
4.467e+05 8.558e-12 3.400e-14 3.400e-14 9.340e-13 9.340e-13 
5.623e+05 4.302e-12 2.300e-14 2.300e-14 5.780e-13 5.780e-13 
7.079e+05 2.221e-12 1.500e-14 1.500e-14 3.280e-13 3.280e-13 
8.913e+05 1.148e-12 1.000e-14 1.000e-14 1.800e-13 1.800e-13 
1.122e+06 5.890e-13 6.700e-15 6.700e-15 9.180e-14 9.180e-14 
1.413e+06 3.185e-13 4.500e-15 4.500e-15 4.320e-14 4.320e-14 
1.778e+06 1.747e-13 3.000e-15 3.000e-15 1.960e-14 1.960e-14 
2.239e+06 9.542e-14 1.960e-15 1.960e-15 8.650e-15 8.650e-15 
2.818e+06 5.151e-14 1.280e-15 1.280e-15 4.190e-15 4.190e-15 
3.548e+06 2.787e-14 8.200e-16 8.200e-16 2.060e-15 2.060e-15 
4.467e+06 1.575e-14 5.200e-16 5.200e-16 1.000e-15 1.000e-15 
5.623e+06 8.529e-15 3.230e-16 3.230e-16 5.010e-16 5.010e-16 
7.079e+06 3.886e-15 1.900e-16 1.900e-16 2.320e-16 2.320e-16 
8.913e+06 1.800e-15 1.150e-16 1.150e-16 1.110e-16 1.110e-16 
1.122e+07 7.097e-16 6.690e-17 6.690e-17 4.750e-17 4.750e-17 
