#Source: mytables
#Ref: arXiv:2511.05013 (none)
#Experiment: LHAASO (QGSJET-II-04)
#Y Quantity: H
#X Quantity: totalEnergy
#Url: https://arxiv.org/pdf/2511.05013
#Comments: 
#Columns: x, y, y statistical errors, y systematic errors
1.778e+05 8.220e-11 1.000e-13 1.000e-13 4.600e-12 4.600e-12 
2.239e+05 4.384e-11 7.000e-14 7.000e-14 2.390e-12 2.390e-12 
2.818e+05 2.347e-11 4.000e-14 4.000e-14 1.250e-12 1.250e-12 
3.548e+05 1.267e-11 3.000e-14 3.000e-14 6.700e-13 6.700e-13 
4.467e+05 7.035e-12 2.000e-14 2.000e-14 3.750e-13 3.750e-13 
5.623e+05 3.894e-12 1.300e-14 1.300e-14 2.080e-13 2.080e-13 
7.079e+05 2.167e-12 9.000e-15 9.000e-15 1.150e-13 1.150e-13 
8.913e+05 1.194e-12 6.000e-15 6.000e-15 6.100e-14 6.100e-14 
1.122e+06 6.776e-13 4.200e-15 4.200e-15 3.270e-14 3.270e-14 
1.413e+06 3.709e-13 2.800e-15 2.800e-15 1.670e-14 1.670e-14 
1.778e+06 2.006e-13 1.800e-15 1.800e-15 8.300e-15 8.300e-15 
2.239e+06 1.080e-13 1.210e-15 1.210e-15 4.150e-15 4.150e-15 
2.818e+06 5.653e-14 7.800e-16 7.800e-16 2.090e-15 2.090e-15 
3.548e+06 2.842e-14 4.900e-16 4.900e-16 1.040e-15 1.040e-15 
4.467e+06 1.378e-14 3.100e-16 3.100e-16 5.100e-16 5.100e-16 
5.623e+06 6.381e-15 1.840e-16 1.840e-16 2.370e-16 2.370e-16 
7.079e+06 2.758e-15 1.080e-16 1.080e-16 1.030e-16 1.030e-16 
8.913e+06 1.253e-15 6.400e-17 6.400e-17 4.800e-17 4.800e-17 
1.122e+07 5.766e-16 3.940e-17 3.940e-17 2.210e-17 2.210e-17 
