#Source: mytables
#Ref: arXiv:2511.05013 (none)
#Experiment: LHAASO (SIBYLL-2.3d)
#Y Quantity: light
#X Quantity: totalEnergy
#Url: https://arxiv.org/pdf/2511.05013
#Comments: 
#Columns: x, y, y statistical errors, y systematic errors
1.778e+05 1.833e-10 2.000e-13 2.000e-13 9.400e-12 9.400e-12 
2.239e+05 9.770e-11 1.000e-13 1.000e-13 5.000e-12 5.000e-12 
2.818e+05 5.179e-11 7.000e-14 7.000e-14 3.010e-12 3.010e-12 
3.548e+05 2.750e-11 4.000e-14 4.000e-14 1.670e-12 1.670e-12 
4.467e+05 1.484e-11 3.000e-14 3.000e-14 9.100e-13 9.100e-13 
5.623e+05 7.839e-12 1.900e-14 1.900e-14 4.990e-13 4.990e-13 
7.079e+05 4.203e-12 1.200e-14 1.200e-14 2.750e-13 2.750e-13 
8.913e+05 2.257e-12 8.000e-15 8.000e-15 1.440e-13 1.440e-13 
1.122e+06 1.222e-12 5.000e-15 5.000e-15 7.300e-14 7.300e-14 
1.413e+06 6.695e-13 3.600e-15 3.600e-15 3.530e-14 3.530e-14 
1.778e+06 3.653e-13 2.400e-15 2.400e-15 1.700e-14 1.700e-14 
2.239e+06 1.994e-13 1.600e-15 1.600e-15 8.100e-15 8.100e-15 
2.818e+06 1.063e-13 1.000e-15 1.000e-15 4.100e-15 4.100e-15 
3.548e+06 5.554e-14 6.700e-16 6.700e-16 1.800e-15 1.800e-15 
4.467e+06 2.889e-14 4.300e-16 4.300e-16 8.500e-16 8.500e-16 
5.623e+06 1.459e-14 2.700e-16 2.700e-16 4.300e-16 4.300e-16 
7.079e+06 6.508e-15 1.610e-16 1.610e-16 2.030e-16 2.030e-16 
8.913e+06 3.027e-15 9.700e-17 9.700e-17 8.500e-17 8.500e-17 
1.122e+07 1.281e-15 5.500e-17 5.500e-17 4.200e-17 4.200e-17 
