#Source: mytables
#Ref: 10.1103/PhysRevLett.132.131002 (none)
#Experiment: LHAASO (SIBYLL-2.3d)
#Y Quantity: allParticle
#X Quantity: totalEnergy
#Url: https://arxiv.org/pdf/2403.10010
#Comments: Systematic uncertainties exclude hadronic interaction model uncertainty.
#Columns: x, y, y statistical errors, y systematic errors
3.548e+05 5.195e-11 1.100e-14 1.100e-14 1.743e-12 1.743e-12 
4.467e+05 2.766e-11 7.000e-15 7.000e-15 9.280e-13 9.280e-13 
5.623e+05 1.475e-11 5.000e-15 5.000e-15 4.950e-13 4.950e-13 
7.079e+05 7.844e-12 3.000e-15 3.000e-15 2.631e-13 2.631e-13 
8.913e+05 4.169e-12 2.000e-15 2.000e-15 1.398e-13 1.398e-13 
1.122e+06 2.218e-12 1.300e-15 1.300e-15 7.440e-14 7.440e-14 
1.413e+06 1.180e-12 8.000e-16 8.000e-16 3.960e-14 3.960e-14 
1.778e+06 6.282e-13 5.400e-16 5.400e-16 2.107e-14 2.107e-14 
2.239e+06 3.319e-13 3.500e-16 3.500e-16 1.113e-14 1.113e-14 
2.818e+06 1.737e-13 2.300e-16 2.300e-16 5.820e-15 5.820e-15 
3.548e+06 8.958e-14 1.450e-16 1.450e-16 3.004e-15 3.004e-15 
4.467e+06 4.539e-14 9.200e-17 9.200e-17 1.522e-15 1.522e-15 
5.623e+06 2.268e-14 5.800e-17 5.800e-17 7.610e-16 7.610e-16 
7.079e+06 1.112e-14 3.600e-17 3.600e-17 3.730e-16 3.730e-16 
8.913e+06 5.337e-15 2.230e-17 2.230e-17 1.790e-16 1.790e-16 
1.122e+07 2.614e-15 1.390e-17 1.390e-17 8.770e-17 8.770e-17 
1.413e+07 1.270e-15 8.700e-18 8.700e-18 4.260e-17 4.260e-17 
1.778e+07 6.313e-16 5.440e-18 5.440e-18 2.118e-17 2.118e-17 
2.239e+07 3.099e-16 3.400e-18 3.400e-18 1.039e-17 1.039e-17 
2.818e+07 1.569e-16 2.150e-18 2.150e-18 5.260e-18 5.260e-18 
