#Source: SSDC
#Ref: 10.1103/PhysRevLett.120.021101 (2018PhRvL.120b1101A)
#Experiment: AMS-02
#Quantity: Li
#Units: rigidity(original)
#Url: https://tools.ssdc.asi.it/CosmicRays/
#Comments: Z=3
2.03099e+00 2.42200e-01 7.48997e-03 7.48997e-03 1.50600e-03 1.50600e-03 
2.27076e+00 2.53600e-01 7.13539e-03 7.13539e-03 1.36300e-03 1.36300e-03 
2.53056e+00 2.54100e-01 6.83351e-03 6.83351e-03 1.22400e-03 1.22400e-03 
2.81508e+00 2.45400e-01 6.45728e-03 6.45728e-03 1.07600e-03 1.07600e-03 
3.12495e+00 2.29700e-01 5.97200e-03 5.97200e-03 9.49700e-04 9.49700e-04 
3.45955e+00 2.07500e-01 5.35425e-03 5.35425e-03 8.01000e-04 8.01000e-04 
3.82418e+00 1.83500e-01 4.71380e-03 4.71380e-03 6.90200e-04 6.90200e-04 
4.21886e+00 1.60800e-01 4.12135e-03 4.12135e-03 5.89300e-04 5.89300e-04 
4.64829e+00 1.38300e-01 3.54000e-03 3.54000e-03 4.82200e-04 4.82200e-04 
5.11777e+00 1.17800e-01 3.01474e-03 3.01474e-03 3.93100e-04 3.93100e-04 
5.62731e+00 9.89800e-02 2.53554e-03 2.53554e-03 3.29800e-04 3.29800e-04 
6.17690e+00 8.21700e-02 2.10816e-03 2.10816e-03 2.76100e-04 2.76100e-04 
6.77126e+00 6.80300e-02 1.74789e-03 1.74789e-03 2.27700e-04 2.27700e-04 
7.41568e+00 5.55800e-02 1.43129e-03 1.43129e-03 1.87200e-04 1.87200e-04 
8.11015e+00 4.51900e-02 1.16624e-03 1.16624e-03 1.54200e-04 1.54200e-04 
8.85942e+00 3.66700e-02 9.48576e-04 9.48576e-04 1.28000e-04 1.28000e-04 
9.66876e+00 2.96500e-02 7.68922e-04 7.68922e-04 1.08000e-04 1.08000e-04 
1.05382e+01 2.38000e-02 6.19251e-04 6.19251e-04 9.18600e-05 9.18600e-05 
1.14866e+01 1.89200e-02 4.93571e-04 4.93571e-04 7.65400e-05 7.65400e-05 
1.24877e+01 1.53700e-02 4.02678e-04 4.02678e-04 6.79700e-05 6.79700e-05 
1.35362e+01 1.22700e-02 3.22290e-04 3.22290e-04 5.70500e-05 5.70500e-05 
1.46849e+01 9.92600e-03 2.61505e-04 2.61505e-04 4.83300e-05 4.83300e-05 
1.59337e+01 7.91000e-03 2.09090e-04 2.09090e-04 4.06500e-05 4.06500e-05 
1.72825e+01 6.25000e-03 1.65727e-04 1.65727e-04 3.40100e-05 3.40100e-05 
1.87315e+01 4.99800e-03 1.33007e-04 1.33007e-04 2.85800e-05 2.85800e-05 
2.02806e+01 3.97500e-03 1.06101e-04 1.06101e-04 2.37900e-05 2.37900e-05 
2.19297e+01 3.18700e-03 8.52984e-05 8.52984e-05 1.97100e-05 1.97100e-05 
2.37266e+01 2.54200e-03 6.81675e-05 6.81675e-05 1.59300e-05 1.59300e-05 
2.56760e+01 2.00500e-03 5.39911e-05 5.39911e-05 1.32500e-05 1.32500e-05 
2.77255e+01 1.60500e-03 4.33917e-05 4.33917e-05 1.11300e-05 1.11300e-05 
2.99228e+01 1.29300e-03 3.50853e-05 3.50853e-05 9.30100e-06 9.30100e-06 
3.22725e+01 1.01900e-03 2.78649e-05 2.78649e-05 7.93900e-06 7.93900e-06 
3.47700e+01 8.10900e-04 2.23149e-05 2.23149e-05 6.71700e-06 6.71700e-06 
3.74678e+01 6.43600e-04 1.78528e-05 1.78528e-05 5.72500e-06 5.72500e-06 
4.03656e+01 5.19100e-04 1.45417e-05 1.45417e-05 4.95900e-06 4.95900e-06 
4.34637e+01 4.11900e-04 1.16786e-05 1.16786e-05 4.27000e-06 4.27000e-06 
4.67619e+01 3.34200e-04 9.58763e-06 9.58763e-06 3.72600e-06 3.72600e-06 
5.03081e+01 2.57500e-04 7.50577e-06 7.50577e-06 3.13000e-06 3.13000e-06 
5.41067e+01 2.08300e-04 6.17518e-06 6.17518e-06 2.73800e-06 2.73800e-06 
5.81533e+01 1.66000e-04 5.01036e-06 5.01036e-06 2.35200e-06 2.35200e-06 
6.25001e+01 1.35300e-04 4.15656e-06 4.15656e-06 2.04800e-06 2.04800e-06 
6.71949e+01 1.06000e-04 3.33060e-06 3.33060e-06 1.73500e-06 1.73500e-06 
7.22423e+01 8.54300e-05 2.75305e-06 2.75305e-06 1.51000e-06 1.51000e-06 
7.76378e+01 6.67400e-05 2.21592e-06 2.21592e-06 1.28400e-06 1.28400e-06 
8.34335e+01 5.33200e-05 1.82427e-06 1.82427e-06 1.10700e-06 1.10700e-06 
8.96774e+01 4.38400e-05 1.53822e-06 1.53822e-06 9.63600e-07 9.63600e-07 
9.64217e+01 3.30700e-05 1.21536e-06 1.21536e-06 8.05600e-07 8.05600e-07 
1.03905e+02 2.68100e-05 1.00571e-06 1.00571e-06 6.77800e-07 6.77800e-07 
1.11912e+02 2.03000e-05 8.17494e-07 8.17494e-07 5.89000e-07 5.89000e-07 
1.20396e+02 1.60200e-05 6.68083e-07 6.68083e-07 4.92700e-07 4.92700e-07 
1.29881e+02 1.29100e-05 5.57274e-07 5.57274e-07 4.19100e-07 4.19100e-07 
1.40842e+02 1.07000e-05 4.64640e-07 4.64640e-07 3.47800e-07 3.47800e-07 
1.53330e+02 8.31900e-06 3.81707e-07 3.81707e-07 2.94200e-07 2.94200e-07 
1.67293e+02 6.40000e-06 3.06150e-07 3.06150e-07 2.39900e-07 2.39900e-07 
1.83257e+02 4.66600e-06 2.38589e-07 2.38589e-07 1.92100e-07 1.92100e-07 
2.01224e+02 3.46000e-06 1.89478e-07 1.89478e-07 1.56100e-07 1.56100e-07 
2.21664e+02 2.54200e-06 1.48266e-07 1.48266e-07 1.24100e-07 1.24100e-07 
2.45576e+02 2.06500e-06 1.23233e-07 1.23233e-07 1.02700e-07 1.02700e-07 
2.74426e+02 1.27800e-06 8.48803e-08 8.48803e-08 7.26400e-08 7.26400e-08 
3.09744e+02 9.32400e-07 6.54216e-08 6.54216e-08 5.60800e-08 5.60800e-08 
3.53455e+02 7.16200e-07 5.16995e-08 5.16995e-08 4.37600e-08 4.37600e-08 
4.08553e+02 4.97000e-07 3.83682e-08 3.83682e-08 3.23500e-08 3.23500e-08 
4.80744e+02 2.20300e-07 2.10599e-08 2.10599e-08 1.84800e-08 1.84800e-08 
5.87746e+02 1.57300e-07 1.48390e-08 1.48390e-08 1.23000e-08 1.23000e-08 
7.60270e+02 7.16200e-08 8.00089e-09 8.00089e-09 6.49800e-09 6.49800e-09 
1.06486e+03 2.74200e-08 3.78400e-09 3.78400e-09 2.90900e-09 2.90900e-09 
2.02084e+03 5.20000e-09 1.38071e-09 1.38071e-09 1.26600e-09 1.26600e-09 
