#Source: SSDC
#Ref: 10.1103/PhysRevLett.120.021101 (2018PhRvL.120b1101A)
#Experiment: AMS-02
#Quantity: Li/B
#Units: rigidity(original)
#Url: https://tools.ssdc.asi.it/CosmicRays/
#Comments: 
2.27156e+00 5.96300e-01 1.71185e-02 1.71185e-02 4.10100e-03 4.10100e-03 
2.53140e+00 6.01700e-01 1.67949e-02 1.67949e-02 3.71000e-03 3.71000e-03 
2.81601e+00 6.23400e-01 1.68515e-02 1.68515e-02 3.51900e-03 3.51900e-03 
3.12591e+00 6.43200e-01 1.69139e-02 1.69139e-02 3.44200e-03 3.44200e-03 
3.46058e+00 6.51700e-01 1.67507e-02 1.67507e-02 3.26200e-03 3.26200e-03 
3.82528e+00 6.56400e-01 1.65927e-02 1.65927e-02 3.20600e-03 3.20600e-03 
4.22002e+00 6.66900e-01 1.66277e-02 1.66277e-02 3.18400e-03 3.18400e-03 
4.64956e+00 6.82900e-01 1.68408e-02 1.68408e-02 3.11600e-03 3.11600e-03 
5.11914e+00 6.86900e-01 1.68006e-02 1.68006e-02 3.00300e-03 3.00300e-03 
5.62877e+00 6.98600e-01 1.69981e-02 1.69981e-02 3.06200e-03 3.06200e-03 
6.17843e+00 7.05400e-01 1.71077e-02 1.71077e-02 3.12400e-03 3.12400e-03 
6.77291e+00 7.14000e-01 1.72714e-02 1.72714e-02 3.15900e-03 3.15900e-03 
7.41744e+00 7.20900e-01 1.74194e-02 1.74194e-02 3.21600e-03 3.21600e-03 
8.11202e+00 7.24200e-01 1.74998e-02 1.74998e-02 3.27800e-03 3.27800e-03 
8.86142e+00 7.26600e-01 1.75657e-02 1.75657e-02 3.36700e-03 3.36700e-03 
9.67088e+00 7.30800e-01 1.77079e-02 1.77079e-02 3.54200e-03 3.54200e-03 
1.05404e+01 7.25100e-01 1.76266e-02 1.76266e-02 3.71800e-03 3.71800e-03 
1.14891e+01 7.25900e-01 1.76962e-02 1.76962e-02 3.90500e-03 3.90500e-03 
1.24900e+01 7.30300e-01 1.79043e-02 1.79043e-02 4.30100e-03 4.30100e-03 
1.35388e+01 7.26700e-01 1.78948e-02 1.78948e-02 4.49900e-03 4.49900e-03 
1.46877e+01 7.32100e-01 1.81055e-02 1.81055e-02 4.75500e-03 4.75500e-03 
1.59367e+01 7.24700e-01 1.80157e-02 1.80157e-02 4.95800e-03 4.95800e-03 
1.72858e+01 7.27100e-01 1.81913e-02 1.81913e-02 5.27400e-03 5.27400e-03 
1.87350e+01 7.16500e-01 1.80315e-02 1.80315e-02 5.44400e-03 5.44400e-03 
2.02842e+01 7.17900e-01 1.81806e-02 1.81806e-02 5.71200e-03 5.71200e-03 
2.19335e+01 7.22900e-01 1.84003e-02 1.84003e-02 5.95500e-03 5.95500e-03 
2.37310e+01 7.23600e-01 1.84762e-02 1.84762e-02 6.04300e-03 6.04300e-03 
2.56805e+01 7.13300e-01 1.83514e-02 1.83514e-02 6.26200e-03 6.26200e-03 
2.77301e+01 7.06700e-01 1.83113e-02 1.83113e-02 6.49700e-03 6.49700e-03 
2.99279e+01 7.33400e-01 1.91568e-02 1.91568e-02 7.05600e-03 7.05600e-03 
3.22777e+01 7.25800e-01 1.92126e-02 1.92126e-02 7.54300e-03 7.54300e-03 
3.47757e+01 7.11300e-01 1.90441e-02 1.90441e-02 7.83000e-03 7.83000e-03 
3.74739e+01 7.12700e-01 1.93710e-02 1.93710e-02 8.43100e-03 8.43100e-03 
4.03721e+01 7.34700e-01 2.03248e-02 2.03248e-02 9.40100e-03 9.40100e-03 
4.34706e+01 7.20700e-01 2.03404e-02 2.03404e-02 9.96900e-03 9.96900e-03 
4.67691e+01 7.15600e-01 2.06124e-02 2.06124e-02 1.06300e-02 1.06300e-02 
5.03160e+01 7.10100e-01 2.10018e-02 2.10018e-02 1.14900e-02 1.14900e-02 
5.41149e+01 7.09300e-01 2.15516e-02 2.15516e-02 1.24100e-02 1.24100e-02 
5.81621e+01 7.08900e-01 2.21662e-02 2.21662e-02 1.33700e-02 1.33700e-02 
6.25095e+01 7.28500e-01 2.34765e-02 2.34765e-02 1.47800e-02 1.47800e-02 
6.72054e+01 7.16500e-01 2.38662e-02 2.38662e-02 1.56600e-02 1.56600e-02 
7.22532e+01 7.22800e-01 2.50094e-02 2.50094e-02 1.71000e-02 1.71000e-02 
7.76495e+01 6.91300e-01 2.48832e-02 2.48832e-02 1.76400e-02 1.76400e-02 
8.34461e+01 6.92600e-01 2.60126e-02 2.60126e-02 1.90900e-02 1.90900e-02 
8.96911e+01 6.96000e-01 2.70674e-02 2.70674e-02 2.03300e-02 2.03300e-02 
9.64365e+01 6.81300e-01 2.81347e-02 2.81347e-02 2.19500e-02 2.19500e-02 
1.03923e+02 7.08100e-01 3.01649e-02 3.01649e-02 2.38800e-02 2.38800e-02 
1.11929e+02 6.84600e-01 3.18695e-02 3.18695e-02 2.63200e-02 2.63200e-02 
1.20416e+02 6.33300e-01 3.04367e-02 3.04367e-02 2.54000e-02 2.54000e-02 
1.29904e+02 6.85400e-01 3.47415e-02 3.47415e-02 2.95000e-02 2.95000e-02 
1.40872e+02 7.22500e-01 3.71117e-02 3.71117e-02 3.15200e-02 3.15200e-02 
1.53362e+02 7.69100e-01 4.26593e-02 4.26593e-02 3.70300e-02 3.70300e-02 
1.67332e+02 7.32900e-01 4.23189e-02 4.23189e-02 3.70000e-02 3.70000e-02 
1.83303e+02 6.66000e-01 4.08846e-02 4.08846e-02 3.61700e-02 3.61700e-02 
2.01276e+02 6.81300e-01 4.54205e-02 4.54205e-02 4.07900e-02 4.07900e-02 
2.21727e+02 6.68000e-01 4.75909e-02 4.75909e-02 4.31100e-02 4.31100e-02 
2.45656e+02 7.22400e-01 5.33186e-02 5.33186e-02 4.83200e-02 4.83200e-02 
2.74534e+02 6.88900e-01 5.67572e-02 5.67572e-02 5.21500e-02 5.21500e-02 
3.09887e+02 6.55200e-01 5.65735e-02 5.65735e-02 5.19500e-02 5.19500e-02 
3.53652e+02 8.07500e-01 7.42565e-02 7.42565e-02 6.82100e-02 6.82100e-02 
4.08826e+02 8.26300e-01 8.15196e-02 8.15196e-02 7.48000e-02 7.48000e-02 
4.81170e+02 5.69900e-01 6.61058e-02 6.61058e-02 6.13300e-02 6.13300e-02 
5.88643e+02 6.80000e-01 7.85328e-02 7.85328e-02 7.08200e-02 7.08200e-02 
7.62102e+02 7.10500e-01 9.71893e-02 9.71893e-02 8.67500e-02 8.67500e-02 
1.06958e+03 6.20400e-01 1.00584e-01 1.00584e-01 8.61600e-02 8.61600e-02 
2.07123e+03 9.86500e-01 3.72454e-01 3.72454e-01 3.60100e-01 3.60100e-01 
