#Source: SSDC
#Ref: 10.1016/j.physrep.2020.09.003 (2021PhR...894....1A)
#Experiment: AMS-02
#Quantity: Li/C
#Units: rigidity(original)
#Url: https://tools.ssdc.asi.it/CosmicRays/
#Comments: 
2.03175e+00 1.67000e-01 5.08035e-03 5.08035e-03 9.00000e-04 9.00000e-04 
2.27156e+00 1.72300e-01 4.76760e-03 4.76760e-03 8.00000e-04 8.00000e-04 
2.53140e+00 1.80500e-01 4.76760e-03 4.76760e-03 8.00000e-04 8.00000e-04 
2.81601e+00 1.91700e-01 4.94975e-03 4.94975e-03 7.00000e-04 7.00000e-04 
3.12591e+00 2.02300e-01 5.04876e-03 5.04876e-03 7.00000e-04 7.00000e-04 
3.46058e+00 2.10200e-01 5.04876e-03 5.04876e-03 7.00000e-04 7.00000e-04 
3.82528e+00 2.14500e-01 5.04876e-03 5.04876e-03 7.00000e-04 7.00000e-04 
4.22002e+00 2.18300e-01 5.04876e-03 5.04876e-03 7.00000e-04 7.00000e-04 
4.64956e+00 2.19700e-01 5.04876e-03 5.04876e-03 7.00000e-04 7.00000e-04 
5.11914e+00 2.20100e-01 5.03587e-03 5.03587e-03 6.00000e-04 6.00000e-04 
5.62877e+00 2.21100e-01 5.03587e-03 5.03587e-03 6.00000e-04 6.00000e-04 
6.17843e+00 2.19100e-01 4.93660e-03 4.93660e-03 6.00000e-04 6.00000e-04 
6.77291e+00 2.18000e-01 4.83735e-03 4.83735e-03 6.00000e-04 6.00000e-04 
7.41744e+00 2.17000e-01 4.83735e-03 4.83735e-03 6.00000e-04 6.00000e-04 
8.11202e+00 2.13400e-01 4.73814e-03 4.73814e-03 6.00000e-04 6.00000e-04 
8.86142e+00 2.11100e-01 4.73814e-03 4.73814e-03 6.00000e-04 6.00000e-04 
9.67088e+00 2.08900e-01 4.65296e-03 4.65296e-03 7.00000e-04 7.00000e-04 
1.05404e+01 2.03800e-01 4.55412e-03 4.55412e-03 7.00000e-04 7.00000e-04 
1.14891e+01 1.99900e-01 4.45533e-03 4.45533e-03 7.00000e-04 7.00000e-04 
1.24900e+01 1.97100e-01 4.47214e-03 4.47214e-03 8.00000e-04 8.00000e-04 
1.35388e+01 1.92500e-01 4.37379e-03 4.37379e-03 8.00000e-04 8.00000e-04 
1.46877e+01 1.88400e-01 4.27551e-03 4.27551e-03 8.00000e-04 8.00000e-04 
1.59367e+01 1.84200e-01 4.17732e-03 4.17732e-03 8.00000e-04 8.00000e-04 
1.72858e+01 1.79000e-01 4.07922e-03 4.07922e-03 8.00000e-04 8.00000e-04 
1.87350e+01 1.74800e-01 4.00250e-03 4.00250e-03 9.00000e-04 9.00000e-04 
2.02842e+01 1.69200e-01 3.90512e-03 3.90512e-03 9.00000e-04 9.00000e-04 
2.19335e+01 1.64900e-01 3.80789e-03 3.80789e-03 9.00000e-04 9.00000e-04 
2.37310e+01 1.62400e-01 3.80789e-03 3.80789e-03 9.00000e-04 9.00000e-04 
2.56805e+01 1.57700e-01 3.71080e-03 3.71080e-03 9.00000e-04 9.00000e-04 
2.77301e+01 1.53100e-01 3.61386e-03 3.61386e-03 9.00000e-04 9.00000e-04 
2.99279e+01 1.50400e-01 3.51710e-03 3.51710e-03 9.00000e-04 9.00000e-04 
3.22777e+01 1.45600e-01 3.44819e-03 3.44819e-03 1.00000e-03 1.00000e-03 
3.47757e+01 1.40700e-01 3.35261e-03 3.35261e-03 1.00000e-03 1.00000e-03 
3.74739e+01 1.36700e-01 3.25730e-03 3.25730e-03 1.00000e-03 1.00000e-03 
4.03721e+01 1.33800e-01 3.28938e-03 3.28938e-03 1.10000e-03 1.10000e-03 
4.34706e+01 1.29100e-01 3.19531e-03 3.19531e-03 1.10000e-03 1.10000e-03 
4.67691e+01 1.29600e-01 3.23110e-03 3.23110e-03 1.20000e-03 1.20000e-03 
5.03160e+01 1.20700e-01 3.04631e-03 3.04631e-03 1.20000e-03 1.20000e-03 
5.41149e+01 1.18400e-01 3.08707e-03 3.08707e-03 1.30000e-03 1.30000e-03 
5.81621e+01 1.13500e-01 3.04138e-03 3.04138e-03 1.40000e-03 1.40000e-03 
6.25095e+01 1.12700e-01 3.04138e-03 3.04138e-03 1.40000e-03 1.40000e-03 
6.72054e+01 1.07900e-01 3.00167e-03 3.00167e-03 1.50000e-03 1.50000e-03 
7.22532e+01 1.07500e-01 3.05287e-03 3.05287e-03 1.60000e-03 1.60000e-03 
7.76495e+01 9.99000e-02 2.88444e-03 2.88444e-03 1.60000e-03 1.60000e-03 
8.34461e+01 9.92000e-02 2.94109e-03 2.94109e-03 1.70000e-03 1.70000e-03 
8.96911e+01 9.70000e-02 3.00000e-03 3.00000e-03 1.80000e-03 1.80000e-03 
9.64365e+01 9.45000e-02 2.98329e-03 2.98329e-03 1.90000e-03 1.90000e-03 
1.03923e+02 8.99000e-02 2.90689e-03 2.90689e-03 1.90000e-03 1.90000e-03 
1.11929e+02 8.46000e-02 2.90000e-03 2.90000e-03 2.00000e-03 2.00000e-03 
1.20416e+02 8.08000e-02 2.96985e-03 2.96985e-03 2.10000e-03 2.10000e-03 
1.29904e+02 8.21000e-02 3.04138e-03 3.04138e-03 2.20000e-03 2.20000e-03 
1.40872e+02 7.98000e-02 3.04138e-03 3.04138e-03 2.20000e-03 2.20000e-03 
1.53362e+02 8.18000e-02 3.18904e-03 3.18904e-03 2.40000e-03 2.40000e-03 
1.67332e+02 7.76000e-02 3.26497e-03 3.26497e-03 2.50000e-03 2.50000e-03 
1.83303e+02 7.52000e-02 3.28024e-03 3.28024e-03 2.60000e-03 2.60000e-03 
2.01276e+02 7.25000e-02 3.36006e-03 3.36006e-03 2.70000e-03 2.70000e-03 
2.21727e+02 6.96000e-02 3.44093e-03 3.44093e-03 2.80000e-03 2.80000e-03 
2.45656e+02 6.97000e-02 3.52278e-03 3.52278e-03 2.90000e-03 2.90000e-03 
2.74534e+02 6.03000e-02 3.32866e-03 3.32866e-03 2.80000e-03 2.80000e-03 
3.09887e+02 6.09000e-02 3.55106e-03 3.55106e-03 3.00000e-03 3.00000e-03 
3.53652e+02 6.25000e-02 3.77359e-03 3.77359e-03 3.20000e-03 3.20000e-03 
4.08826e+02 6.59000e-02 4.27200e-03 4.27200e-03 3.60000e-03 3.60000e-03 
4.81170e+02 5.17000e-02 3.80789e-03 3.80789e-03 3.30000e-03 3.30000e-03 
5.88643e+02 5.27000e-02 4.04969e-03 4.04969e-03 3.40000e-03 3.40000e-03 
7.62102e+02 5.10000e-02 4.52217e-03 4.52217e-03 3.70000e-03 3.70000e-03 
1.06958e+03 4.69000e-02 5.12250e-03 5.12250e-03 4.00000e-03 4.00000e-03 
2.07123e+03 4.86000e-02 9.88989e-03 9.88989e-03 9.00000e-03 9.00000e-03 
