#Source: KCDC
#Ref: KASCADE-Grande Collaboration, ICRC Proc. 301, 316 (2017)
#Experiment: KASCADE-Grande
#Quantity: light
#Units: total energy
#Url: https://kcdc.ikp.kit.edu/spectra/
#Comments: 
1.77828e+07 2.59237e-16 2.29232e-18 2.29232e-18 0.00000e+00 0.00000e+00 
2.23872e+07 1.19739e-16 1.20240e-18 1.20240e-18 0.00000e+00 0.00000e+00 
2.81838e+07 6.03040e-17 6.80343e-19 6.80343e-19 0.00000e+00 0.00000e+00 
3.54813e+07 2.63749e-17 4.01097e-19 4.01097e-19 0.00000e+00 0.00000e+00 
4.46684e+07 1.26335e-17 2.47346e-19 2.47346e-19 0.00000e+00 0.00000e+00 
5.62341e+07 6.23063e-18 1.54813e-19 1.54813e-19 0.00000e+00 0.00000e+00 
7.07946e+07 2.90908e-18 9.42714e-20 9.42714e-20 0.00000e+00 0.00000e+00 
8.91251e+07 1.46606e-18 5.96458e-20 5.96458e-20 0.00000e+00 0.00000e+00 
1.12202e+08 6.26611e-19 3.47625e-20 3.47625e-20 0.00000e+00 0.00000e+00 
1.41254e+08 3.09359e-19 2.17651e-20 2.17651e-20 0.00000e+00 0.00000e+00 
1.77828e+08 2.05594e-19 1.58153e-20 1.58153e-20 0.00000e+00 0.00000e+00 
2.23872e+08 9.37354e-20 9.51643e-21 9.51643e-21 0.00000e+00 0.00000e+00 
2.81838e+08 4.14452e-20 5.64011e-21 5.64011e-21 0.00000e+00 0.00000e+00 
3.54813e+08 2.37780e-20 3.80737e-21 3.80737e-21 0.00000e+00 0.00000e+00 
5.01187e+08 1.07218e-20 1.50131e-21 1.50131e-21 0.00000e+00 0.00000e+00 
7.94328e+08 1.45887e-21 4.39905e-22 4.39905e-22 0.00000e+00 0.00000e+00 
