#Source: KCDC
#Ref: KASCADE-Grande Collaboration, ICRC Proc. 301, 316 (2017)
#Experiment: KASCADE-Grande
#Quantity: light
#Units: total Energy
#Url: https://kcdc.ikp.kit.edu/spectra/
#Comments: 
1.77828e+07 2.33500e-16 2.17631e-18 2.17631e-18 0.00000e+00 0.00000e+00 
2.23872e+07 1.10716e-16 1.15657e-18 1.15657e-18 0.00000e+00 0.00000e+00 
2.81838e+07 5.85349e-17 6.70343e-19 6.70343e-19 0.00000e+00 0.00000e+00 
3.54813e+07 2.61684e-17 3.99445e-19 3.99445e-19 0.00000e+00 0.00000e+00 
4.46684e+07 1.06592e-17 2.27159e-19 2.27159e-19 0.00000e+00 0.00000e+00 
5.62341e+07 4.93923e-18 1.37836e-19 1.37836e-19 0.00000e+00 0.00000e+00 
7.07946e+07 2.21843e-18 8.23396e-20 8.23396e-20 0.00000e+00 0.00000e+00 
8.91251e+07 9.97589e-19 4.92009e-20 4.92009e-20 0.00000e+00 0.00000e+00 
1.12202e+08 4.85826e-19 3.06109e-20 3.06109e-20 0.00000e+00 0.00000e+00 
1.41254e+08 2.35834e-19 1.90055e-20 1.90055e-20 0.00000e+00 0.00000e+00 
1.77828e+08 1.22872e-19 1.22260e-20 1.22260e-20 0.00000e+00 0.00000e+00 
2.23872e+08 7.15019e-20 8.31188e-21 8.31188e-21 0.00000e+00 0.00000e+00 
2.81838e+08 2.76327e-20 4.60570e-21 4.60570e-21 0.00000e+00 0.00000e+00 
3.54813e+08 1.09742e-20 2.58674e-21 2.58674e-21 0.00000e+00 0.00000e+00 
5.01187e+08 7.35815e-21 1.24360e-21 1.24360e-21 0.00000e+00 0.00000e+00 
7.94328e+08 1.72454e-21 4.78025e-22 4.78025e-22 0.00000e+00 0.00000e+00 
