#Source: SSDC
#Ref: 10.1016/j.physrep.2020.09.003 (2021PhR...894....1A)
#Experiment: AMS-02
#Quantity: Li/O
#Units: rigidity(original)
#Url: https://tools.ssdc.asi.it/CosmicRays/
#Comments: 
2.27156e+00 1.83500e-01 5.47449e-03 5.47449e-03 9.00000e-04 9.00000e-04 
2.53140e+00 1.97100e-01 5.55788e-03 5.55788e-03 8.00000e-04 8.00000e-04 
2.81601e+00 2.08700e-01 5.55788e-03 5.55788e-03 8.00000e-04 8.00000e-04 
3.12591e+00 2.17800e-01 5.45894e-03 5.45894e-03 8.00000e-04 8.00000e-04 
3.46058e+00 2.24700e-01 5.45894e-03 5.45894e-03 8.00000e-04 8.00000e-04 
3.82528e+00 2.27200e-01 5.36004e-03 5.36004e-03 8.00000e-04 8.00000e-04 
4.22002e+00 2.31000e-01 5.36004e-03 5.36004e-03 8.00000e-04 8.00000e-04 
4.64956e+00 2.32600e-01 5.34603e-03 5.34603e-03 7.00000e-04 7.00000e-04 
5.11914e+00 2.32700e-01 5.24690e-03 5.24690e-03 7.00000e-04 7.00000e-04 
5.62877e+00 2.32700e-01 5.24690e-03 5.24690e-03 7.00000e-04 7.00000e-04 
6.17843e+00 2.30100e-01 5.14782e-03 5.14782e-03 7.00000e-04 7.00000e-04 
6.77291e+00 2.27900e-01 5.14782e-03 5.14782e-03 7.00000e-04 7.00000e-04 
7.41744e+00 2.26200e-01 5.04876e-03 5.04876e-03 7.00000e-04 7.00000e-04 
8.11202e+00 2.21600e-01 5.04876e-03 5.04876e-03 7.00000e-04 7.00000e-04 
8.86142e+00 2.18100e-01 4.94975e-03 4.94975e-03 7.00000e-04 7.00000e-04 
9.67088e+00 2.14300e-01 4.85077e-03 4.85077e-03 7.00000e-04 7.00000e-04 
1.05404e+01 2.09100e-01 4.75184e-03 4.75184e-03 7.00000e-04 7.00000e-04 
1.14891e+01 2.03300e-01 4.65296e-03 4.65296e-03 7.00000e-04 7.00000e-04 
1.24900e+01 1.98900e-01 4.57056e-03 4.57056e-03 8.00000e-04 8.00000e-04 
1.35388e+01 1.94500e-01 4.47214e-03 4.47214e-03 8.00000e-04 8.00000e-04 
1.46877e+01 1.90300e-01 4.37379e-03 4.37379e-03 8.00000e-04 8.00000e-04 
1.59367e+01 1.84500e-01 4.27551e-03 4.27551e-03 8.00000e-04 8.00000e-04 
1.72858e+01 1.78800e-01 4.17732e-03 4.17732e-03 8.00000e-04 8.00000e-04 
1.87350e+01 1.73400e-01 4.10000e-03 4.10000e-03 9.00000e-04 9.00000e-04 
2.02842e+01 1.67600e-01 3.90512e-03 3.90512e-03 9.00000e-04 9.00000e-04 
2.19335e+01 1.62400e-01 3.80789e-03 3.80789e-03 9.00000e-04 9.00000e-04 
2.37310e+01 1.59500e-01 3.80789e-03 3.80789e-03 9.00000e-04 9.00000e-04 
2.56805e+01 1.54500e-01 3.71080e-03 3.71080e-03 9.00000e-04 9.00000e-04 
2.77301e+01 1.49600e-01 3.61386e-03 3.61386e-03 9.00000e-04 9.00000e-04 
2.99279e+01 1.44800e-01 3.51710e-03 3.51710e-03 9.00000e-04 9.00000e-04 
3.22777e+01 1.39900e-01 3.42053e-03 3.42053e-03 9.00000e-04 9.00000e-04 
3.47757e+01 1.35200e-01 3.35261e-03 3.35261e-03 1.00000e-03 1.00000e-03 
3.74739e+01 1.30500e-01 3.25730e-03 3.25730e-03 1.00000e-03 1.00000e-03 
4.03721e+01 1.28300e-01 3.25730e-03 3.25730e-03 1.00000e-03 1.00000e-03 
4.34706e+01 1.22200e-01 3.10161e-03 3.10161e-03 1.10000e-03 1.10000e-03 
4.67691e+01 1.22100e-01 3.19531e-03 3.19531e-03 1.10000e-03 1.10000e-03 
5.03160e+01 1.14100e-01 3.04631e-03 3.04631e-03 1.20000e-03 1.20000e-03 
5.41149e+01 1.11400e-01 2.95466e-03 2.95466e-03 1.20000e-03 1.20000e-03 
5.81621e+01 1.07600e-01 2.99666e-03 2.99666e-03 1.30000e-03 1.30000e-03 
6.25095e+01 1.04700e-01 2.90689e-03 2.90689e-03 1.30000e-03 1.30000e-03 
6.72054e+01 1.00800e-01 2.86531e-03 2.86531e-03 1.40000e-03 1.40000e-03 
7.22532e+01 1.00800e-01 3.00167e-03 3.00167e-03 1.50000e-03 1.50000e-03 
7.76495e+01 9.33000e-02 2.83019e-03 2.83019e-03 1.50000e-03 1.50000e-03 
8.34461e+01 9.12000e-02 2.88444e-03 2.88444e-03 1.60000e-03 1.60000e-03 
8.96911e+01 9.01000e-02 2.94109e-03 2.94109e-03 1.70000e-03 1.70000e-03 
9.64365e+01 8.66000e-02 2.86007e-03 2.86007e-03 1.70000e-03 1.70000e-03 
1.03923e+02 8.29000e-02 2.78029e-03 2.78029e-03 1.70000e-03 1.70000e-03 
1.11929e+02 7.70000e-02 2.83196e-03 2.83196e-03 1.90000e-03 1.90000e-03 
1.20416e+02 7.33000e-02 2.75862e-03 2.75862e-03 1.90000e-03 1.90000e-03 
1.29904e+02 7.44000e-02 2.90000e-03 2.90000e-03 2.00000e-03 2.00000e-03 
1.40872e+02 7.24000e-02 2.90000e-03 2.90000e-03 2.00000e-03 2.00000e-03 
1.53362e+02 7.34000e-02 3.04138e-03 3.04138e-03 2.20000e-03 2.20000e-03 
1.67332e+02 6.93000e-02 2.97321e-03 2.97321e-03 2.20000e-03 2.20000e-03 
1.83303e+02 6.64000e-02 3.04795e-03 3.04795e-03 2.30000e-03 2.30000e-03 
2.01276e+02 6.46000e-02 3.12410e-03 3.12410e-03 2.40000e-03 2.40000e-03 
2.21727e+02 6.11000e-02 3.06105e-03 3.06105e-03 2.40000e-03 2.40000e-03 
2.45656e+02 6.32000e-02 3.34215e-03 3.34215e-03 2.60000e-03 2.60000e-03 
2.74534e+02 5.41000e-02 3.08058e-03 3.08058e-03 2.50000e-03 2.50000e-03 
3.09887e+02 5.41000e-02 3.30151e-03 3.30151e-03 2.70000e-03 2.70000e-03 
3.53652e+02 5.61000e-02 3.58050e-03 3.58050e-03 2.90000e-03 2.90000e-03 
4.08826e+02 5.77000e-02 3.88330e-03 3.88330e-03 3.20000e-03 3.20000e-03 
4.81170e+02 4.91000e-02 3.74433e-03 3.74433e-03 3.10000e-03 3.10000e-03 
5.88643e+02 4.93000e-02 3.94081e-03 3.94081e-03 3.20000e-03 3.20000e-03 
7.62102e+02 4.64000e-02 4.28019e-03 4.28019e-03 3.40000e-03 3.40000e-03 
1.06958e+03 4.05000e-02 4.54533e-03 4.54533e-03 3.50000e-03 3.50000e-03 
2.07123e+03 4.59000e-02 9.43716e-03 9.43716e-03 8.50000e-03 8.50000e-03 
