#Source: CRDB
#Ref:  ()
#Experiment: AMS-02
#Quantity: Mg
#Units: total energy
#Url: https://lpsc.in2p3.fr/crdb
#Comments: converted from original table
4.84982e+02 6.76802e-05 2.47212e-06 2.47212e-06 4.67163e-07 4.67163e-07 
5.22126e+02 5.69355e-05 2.09383e-06 2.09383e-06 4.17049e-07 4.17049e-07 
5.61675e+02 4.61532e-05 1.69795e-06 1.69795e-06 3.58617e-07 3.58617e-07 
6.04206e+02 3.80844e-05 1.41196e-06 1.41196e-06 3.16883e-07 3.16883e-07 
6.49764e+02 3.12852e-05 1.16691e-06 1.16691e-06 2.75163e-07 2.75163e-07 
6.98304e+02 2.58132e-05 9.64607e-07 9.64607e-07 2.41791e-07 2.41791e-07 
7.50448e+02 2.11094e-05 7.97048e-07 7.97048e-07 2.16763e-07 2.16763e-07 
8.06775e+02 1.73066e-05 6.59588e-07 6.59588e-07 1.83404e-07 1.83404e-07 
8.67327e+02 1.42881e-05 5.48538e-07 5.48538e-07 1.58386e-07 1.58386e-07 
9.32063e+02 1.14116e-05 4.40218e-07 4.40218e-07 1.41707e-07 1.41707e-07 
1.00160e+03 9.64407e-06 3.71744e-07 3.71744e-07 1.25031e-07 1.25031e-07 
1.07653e+03 7.85753e-06 3.07788e-07 3.07788e-07 1.07523e-07 1.07523e-07 
1.15745e+03 6.48704e-06 2.56310e-07 2.56310e-07 9.41842e-08 9.41842e-08 
1.24728e+03 5.18666e-06 2.06636e-07 2.06636e-07 7.91794e-08 7.91794e-08 
1.34333e+03 4.33310e-06 1.75341e-07 1.75341e-07 7.16766e-08 7.16766e-08 
1.44516e+03 3.55292e-06 1.44655e-07 1.44655e-07 6.16740e-08 6.16740e-08 
2.27684e+04 2.10750e-09 3.14025e-10 3.14025e-10 2.66667e-10 2.66667e-10 
1.21905e+04 1.15417e-08 9.38455e-10 9.38455e-10 5.75001e-10 5.75001e-10 
9.04073e+03 2.36751e-08 1.64237e-09 1.64237e-09 1.07500e-09 1.07500e-09 
7.06375e+03 5.06919e-08 3.02726e-09 3.02726e-09 1.90834e-09 1.90834e-09 
5.77409e+03 7.81506e-08 4.50319e-09 4.50319e-09 3.00002e-09 3.00002e-09 
4.90597e+03 1.18001e-07 6.43618e-09 6.43618e-09 4.25004e-09 4.25004e-09 
4.24389e+03 1.81586e-07 9.41090e-09 9.41090e-09 6.00008e-09 6.00008e-09 
3.71871e+03 2.70588e-07 1.33682e-08 1.33682e-08 8.16681e-09 8.16681e-09 
3.29449e+03 3.58758e-07 1.73171e-08 1.73171e-08 1.04169e-08 1.04169e-08 
2.94796e+03 4.96014e-07 2.32405e-08 2.32405e-08 1.35004e-08 1.35004e-08 
2.66082e+03 6.54773e-07 2.99800e-08 2.99800e-08 1.69173e-08 1.69173e-08 
2.41541e+03 8.54203e-07 3.86058e-08 3.86058e-08 2.08342e-08 2.08342e-08 
2.19975e+03 1.07922e-06 4.71723e-08 4.71723e-08 2.50013e-08 2.50013e-08 
2.00811e+03 1.39425e-06 5.97485e-08 5.97485e-08 3.00019e-08 3.00019e-08 
1.84048e+03 1.79513e-06 7.60904e-08 7.60904e-08 3.66694e-08 3.66694e-08 
1.69062e+03 2.28020e-06 9.42965e-08 9.42965e-08 4.25037e-08 4.25037e-08 
1.55901e+03 2.88780e-06 1.18899e-07 1.18899e-07 5.25054e-08 5.25054e-08 
3.52705e+01 3.31971e-02 1.43142e-03 1.43142e-03 1.61622e-04 1.61622e-04 
3.77327e+01 2.90476e-02 1.19609e-03 1.19609e-03 1.24135e-04 1.24135e-04 
4.05344e+01 2.48951e-02 9.94045e-04 9.94045e-04 9.99003e-05 9.99003e-05 
4.36824e+01 2.12710e-02 8.19420e-04 8.19420e-04 8.72954e-05 8.72954e-05 
4.71765e+01 1.84620e-02 6.93956e-04 6.93956e-04 6.62399e-05 6.62399e-05 
5.10713e+01 1.56814e-02 5.86524e-04 5.86524e-04 5.56078e-05 5.56078e-05 
5.53676e+01 1.33164e-02 4.84885e-04 4.84885e-04 4.55416e-05 4.55416e-05 
6.01184e+01 1.12297e-02 4.05540e-04 4.05540e-04 3.59064e-05 3.59064e-05 
6.53818e+01 9.48809e-03 3.38009e-04 3.38009e-04 2.66021e-05 2.66021e-05 
7.11583e+01 7.92421e-03 2.84649e-04 2.84649e-04 2.54544e-05 2.54544e-05 
7.74469e+01 6.53022e-03 2.34187e-04 2.34187e-04 2.08883e-05 2.08883e-05 
8.43013e+01 5.41536e-03 1.93500e-04 1.93500e-04 1.72849e-05 1.72849e-05 
9.17809e+01 4.47119e-03 1.59542e-04 1.59542e-04 1.37470e-05 1.37470e-05 
9.98845e+01 3.68249e-03 1.31362e-04 1.31362e-04 1.19700e-05 1.19700e-05 
1.08667e+02 3.01952e-03 1.07701e-04 1.07701e-04 9.36681e-06 9.36681e-06 
1.18189e+02 2.47292e-03 8.78205e-05 8.78205e-05 8.48636e-06 8.48636e-06 
4.50242e+02 8.37699e-05 3.04513e-06 3.04513e-06 5.00617e-07 5.00617e-07 
4.17908e+02 1.02229e-04 3.71810e-06 3.71810e-06 5.84169e-07 5.84169e-07 
3.87978e+02 1.24206e-04 4.48734e-06 4.48734e-06 7.51247e-07 7.51247e-07 
3.59831e+02 1.51041e-04 5.49099e-06 5.49099e-06 8.34944e-07 8.34944e-07 
3.33513e+02 1.82827e-04 6.59128e-06 6.59128e-06 1.00225e-06 1.00225e-06 
3.08978e+02 2.22666e-04 8.02317e-06 8.02317e-06 1.16973e-06 1.16973e-06 
2.85650e+02 2.72418e-04 9.78817e-06 9.78817e-06 1.33743e-06 1.33743e-06 
2.64152e+02 3.33194e-04 1.19931e-05 1.19931e-05 1.67266e-06 1.67266e-06 
2.44437e+02 4.07707e-04 1.46159e-05 1.46159e-05 2.00841e-06 2.00841e-06 
2.25931e+02 5.01793e-04 1.79909e-05 1.79909e-05 2.34483e-06 2.34483e-06 
2.08634e+02 6.10092e-04 2.18005e-05 2.18005e-05 2.76590e-06 2.76590e-06 
1.92546e+02 7.48724e-04 2.67969e-05 2.67969e-05 3.27210e-06 3.27210e-06 
1.77668e+02 9.16442e-04 3.30282e-05 3.30282e-05 4.20001e-06 4.20001e-06 
1.64000e+02 1.11035e-03 3.97584e-05 3.97584e-05 4.20588e-06 4.20588e-06 
1.51541e+02 1.34975e-03 4.82902e-05 4.82902e-05 5.05525e-06 5.05525e-06 
1.39675e+02 1.64873e-03 5.85491e-05 5.85491e-05 5.90943e-06 5.90943e-06 
1.28450e+02 2.03265e-03 7.22477e-05 7.22477e-05 6.76987e-06 6.76987e-06 
