#Source: SSDC
#Ref: 110.1103/PhysRevLett.124.211102 (2020PhRvL.124u1102A)
#Experiment: AMS-02
#Quantity: Mg
#Units: rigidity(original)
#Url: https://tools.ssdc.asi.it/CosmicRays/
#Comments: 
2.27076e+00 3.08100e-01 1.32850e-02 1.32850e-02 1.50000e-03 1.50000e-03 
2.53056e+00 2.80800e-01 1.15624e-02 1.15624e-02 1.20000e-03 1.20000e-03 
2.81508e+00 2.49200e-01 9.95038e-03 9.95038e-03 1.00000e-03 1.00000e-03 
3.12495e+00 2.19300e-01 8.44808e-03 8.44808e-03 9.00000e-04 9.00000e-04 
3.45955e+00 1.95100e-01 7.33348e-03 7.33348e-03 7.00000e-04 7.00000e-04 
3.82418e+00 1.69200e-01 6.32851e-03 6.32851e-03 6.00000e-04 6.00000e-04 
4.21886e+00 1.46200e-01 5.32353e-03 5.32353e-03 5.00000e-04 5.00000e-04 
4.64829e+00 1.25100e-01 4.51774e-03 4.51774e-03 4.00000e-04 4.00000e-04 
5.11777e+00 1.07000e-01 3.81182e-03 3.81182e-03 3.00000e-04 3.00000e-04 
5.62731e+00 9.02800e-02 3.24299e-03 3.24299e-03 2.90000e-04 2.90000e-04 
6.17690e+00 7.50300e-02 2.69072e-03 2.69072e-03 2.40000e-04 2.40000e-04 
6.77126e+00 6.26600e-02 2.23895e-03 2.23895e-03 2.00000e-04 2.00000e-04 
7.41568e+00 5.20400e-02 1.85691e-03 1.85691e-03 1.60000e-04 1.60000e-04 
8.11015e+00 4.30700e-02 1.53639e-03 1.53639e-03 1.40000e-04 1.40000e-04 
8.85942e+00 3.54600e-02 1.26479e-03 1.26479e-03 1.10000e-04 1.10000e-04 
9.66876e+00 2.91400e-02 1.03484e-03 1.03484e-03 1.00000e-04 1.00000e-04 
1.05382e+01 2.40200e-02 8.53756e-04 8.53756e-04 8.00000e-05 8.00000e-05 
1.14866e+01 1.95300e-02 6.93542e-04 6.93542e-04 7.00000e-05 7.00000e-05 
1.24877e+01 1.60200e-02 5.73149e-04 5.73149e-04 6.00000e-05 6.00000e-05 
1.35362e+01 1.32000e-02 4.72652e-04 4.72652e-04 5.00000e-05 5.00000e-05 
1.46849e+01 1.09100e-02 3.93192e-04 3.93192e-04 5.00000e-05 5.00000e-05 
1.59337e+01 8.92400e-03 3.19390e-04 3.19390e-04 3.90000e-05 3.90000e-05 
1.72825e+01 7.27900e-03 2.60102e-04 2.60102e-04 3.30000e-05 3.30000e-05 
1.87315e+01 5.99200e-03 2.14832e-04 2.14832e-04 2.80000e-05 2.80000e-05 
2.02806e+01 4.87200e-03 1.74657e-04 1.74657e-04 2.40000e-05 2.40000e-05 
2.19297e+01 3.98400e-03 1.43402e-04 1.43402e-04 2.00000e-05 2.00000e-05 
2.37266e+01 3.25900e-03 1.17098e-04 1.17098e-04 1.60000e-05 1.60000e-05 
2.56760e+01 2.66500e-03 9.60260e-05 9.60260e-05 1.40000e-05 1.40000e-05 
2.77255e+01 2.18900e-03 7.89177e-05 7.89177e-05 1.20000e-05 1.20000e-05 
2.99228e+01 1.80900e-03 6.57647e-05 6.57647e-05 1.00000e-05 1.00000e-05 
3.22725e+01 1.48800e-03 5.37587e-05 5.37587e-05 9.00000e-06 9.00000e-06 
3.47700e+01 1.22500e-03 4.45533e-05 4.45533e-05 7.00000e-06 7.00000e-06 
3.74678e+01 1.00400e-03 3.64966e-05 3.64966e-05 6.00000e-06 6.00000e-06 
4.03656e+01 8.11300e-04 2.96339e-05 2.96339e-05 5.60000e-06 5.60000e-06 
4.34637e+01 6.82600e-04 2.51030e-05 2.51030e-05 5.00000e-06 5.00000e-06 
4.67619e+01 5.53400e-04 2.03593e-05 2.03593e-05 4.30000e-06 4.30000e-06 
5.03081e+01 4.56700e-04 1.69319e-05 1.69319e-05 3.80000e-06 3.80000e-06 
5.41067e+01 3.75200e-04 1.39946e-05 1.39946e-05 3.30000e-06 3.30000e-06 
5.81533e+01 3.09600e-04 1.15694e-05 1.15694e-05 2.90000e-06 2.90000e-06 
6.25001e+01 2.53200e-04 9.56033e-06 9.56033e-06 2.60000e-06 2.60000e-06 
6.71949e+01 2.07600e-04 7.91202e-06 7.91202e-06 2.20000e-06 2.20000e-06 
7.22423e+01 1.71400e-04 6.58027e-06 6.58027e-06 1.90000e-06 1.90000e-06 
7.76378e+01 1.36900e-04 5.28110e-06 5.28110e-06 1.70000e-06 1.70000e-06 
8.34335e+01 1.15700e-04 4.45982e-06 4.45982e-06 1.50000e-06 1.50000e-06 
8.96774e+01 9.42700e-05 3.69265e-06 3.69265e-06 1.29000e-06 1.29000e-06 
9.64217e+01 7.78300e-05 3.07514e-06 3.07514e-06 1.13000e-06 1.13000e-06 
1.03905e+02 6.22300e-05 2.47923e-06 2.47923e-06 9.50000e-07 9.50000e-07 
1.11912e+02 5.19900e-05 2.10381e-06 2.10381e-06 8.60000e-07 8.60000e-07 
1.20396e+02 4.26300e-05 1.73566e-06 1.73566e-06 7.40000e-07 7.40000e-07 
1.29881e+02 3.46500e-05 1.42664e-06 1.42664e-06 6.30000e-07 6.30000e-07 
1.40842e+02 2.73600e-05 1.13146e-06 1.13146e-06 5.10000e-07 5.10000e-07 
1.53330e+02 2.15400e-05 9.13017e-07 9.13017e-07 4.40000e-07 4.40000e-07 
1.67293e+02 1.67300e-05 7.16938e-07 7.16938e-07 3.60000e-07 3.60000e-07 
1.83257e+02 1.29500e-05 5.66039e-07 5.66039e-07 3.00000e-07 3.00000e-07 
2.01224e+02 1.02500e-05 4.63249e-07 4.63249e-07 2.50000e-07 2.50000e-07 
2.21664e+02 7.85700e-06 3.59747e-07 3.59747e-07 2.03000e-07 2.03000e-07 
2.45576e+02 5.95200e-06 2.78878e-07 2.78878e-07 1.62000e-07 1.62000e-07 
2.74426e+02 4.30500e-06 2.07800e-07 2.07800e-07 1.25000e-07 1.25000e-07 
3.09744e+02 3.24700e-06 1.60415e-07 1.60415e-07 9.80000e-08 9.80000e-08 
3.53455e+02 2.17900e-06 1.12929e-07 1.12929e-07 7.20000e-08 7.20000e-08 
4.08553e+02 1.41600e-06 7.72334e-08 7.72334e-08 5.10000e-08 5.10000e-08 
4.80744e+02 9.37800e-07 5.40379e-08 5.40379e-08 3.60000e-08 3.60000e-08 
5.87746e+02 6.08300e-07 3.63270e-08 3.63270e-08 2.29000e-08 2.29000e-08 
7.51858e+02 2.84100e-07 1.97084e-08 1.97084e-08 1.29000e-08 1.29000e-08 
1.01260e+03 1.38500e-07 1.12614e-08 1.12614e-08 6.90000e-09 6.90000e-09 
1.85265e+03 2.52900e-08 3.76830e-09 3.76830e-09 3.20000e-09 3.20000e-09 
