#Source: CRDB
#Ref: Ahn et al., ApJ 707, 593 (2009)
#Experiment: CREAM-II
#Quantity: Mg
#Units: kinetic Energy per nucleon
#Url: https://lpsc.in2p3.fr/crdb
#Comments: 
2.82843e+01 4.68000e-04 8.22662e-05 8.22662e-05 6.70000e-05 6.70000e-05 
4.81664e+01 1.07000e-04 1.93679e-05 1.93679e-05 1.60000e-05 1.60000e-05 
7.65376e+01 2.91000e-05 4.14972e-06 4.14972e-06 2.90000e-06 2.90000e-06 
1.32947e+02 5.41000e-06 7.86197e-07 7.86197e-07 5.60000e-07 5.60000e-07 
2.30651e+02 1.42000e-06 2.46939e-07 2.46939e-07 2.00000e-07 2.00000e-07 
4.01019e+02 3.72000e-07 8.22724e-08 8.22724e-08 7.30000e-08 7.30000e-08 
6.97245e+02 8.50000e-08 2.55180e-08 3.41199e-08 2.40000e-08 2.40000e-08 
1.21146e+03 1.90000e-08 1.01861e-08 1.61169e-08 1.00000e-08 1.00000e-08 
2.10553e+03 6.70000e-09 4.05796e-09 7.13281e-09 4.00000e-09 4.00000e-09 
1.29491e+04 6.00000e-10 5.80904e-10 1.60033e-09 5.80000e-10 5.80000e-10 
