#Source: CRDB
#Ref: 10.1088/0004-637X/707/1/593 (2009ApJ...707..593A)
#Experiment: CREAM-II
#Quantity: Mg
#Units: total Energy
#Url: https://lpsc.in2p3.fr/crdb
#Comments: 
7.02475e+02 1.95000e-05 3.42776e-06 3.42776e-06 2.79167e-06 2.79167e-06 
1.17871e+03 4.45833e-06 8.06996e-07 8.06996e-07 6.66667e-07 6.66667e-07 
1.86010e+03 1.21250e-06 1.72905e-07 1.72905e-07 1.20833e-07 1.20833e-07 
3.21392e+03 2.25417e-07 3.27582e-08 3.27582e-08 2.33333e-08 2.33333e-08 
5.55883e+03 5.91667e-08 1.02891e-08 1.02891e-08 8.33333e-09 8.33333e-09 
9.64765e+03 1.55000e-08 3.42802e-09 3.42802e-09 3.04167e-09 3.04167e-09 
1.67571e+04 3.54167e-09 1.06325e-09 1.42166e-09 1.00000e-09 1.37500e-09 
2.90983e+04 7.91667e-10 4.24419e-10 6.71539e-10 4.16667e-10 6.66667e-10 
5.05560e+04 2.79167e-10 1.69082e-10 2.97201e-10 1.66667e-10 2.95833e-10 
3.10832e+05 2.50000e-11 2.42043e-11 6.66803e-11 2.41667e-11 6.66667e-11 
