#Source: SSDC
#Ref: 10.1103/PhysRevLett.124.211102 (2020PhRvL.124u1102A)
#Experiment: AMS-02
#Quantity: Mg/O
#Units: rigidity(original)
#Url: https://tools.ssdc.asi.it/CosmicRays/
#Comments: 
2.27156e+00 1.99400e-01 6.67533e-03 6.67533e-03 1.00000e-03 1.00000e-03 
2.53140e+00 1.97100e-01 6.26498e-03 6.26498e-03 9.00000e-04 9.00000e-04 
2.81601e+00 1.92800e-01 5.85491e-03 5.85491e-03 8.00000e-04 8.00000e-04 
3.12591e+00 1.91200e-01 5.65685e-03 5.65685e-03 8.00000e-04 8.00000e-04 
3.46058e+00 1.94300e-01 5.65685e-03 5.65685e-03 8.00000e-04 8.00000e-04 
3.82528e+00 1.94500e-01 5.55788e-03 5.55788e-03 8.00000e-04 8.00000e-04 
4.22002e+00 1.96500e-01 5.55788e-03 5.55788e-03 8.00000e-04 8.00000e-04 
4.64956e+00 1.98100e-01 5.54437e-03 5.54437e-03 7.00000e-04 7.00000e-04 
5.11914e+00 2.00800e-01 5.54437e-03 5.54437e-03 7.00000e-04 7.00000e-04 
5.62877e+00 2.02300e-01 5.54437e-03 5.54437e-03 7.00000e-04 7.00000e-04 
6.17843e+00 2.01500e-01 5.54437e-03 5.54437e-03 7.00000e-04 7.00000e-04 
6.77291e+00 2.02700e-01 5.54437e-03 5.54437e-03 7.00000e-04 7.00000e-04 
7.41744e+00 2.04300e-01 5.64358e-03 5.64358e-03 7.00000e-04 7.00000e-04 
8.11202e+00 2.04900e-01 5.64358e-03 5.64358e-03 7.00000e-04 7.00000e-04 
8.86142e+00 2.05200e-01 5.64358e-03 5.64358e-03 7.00000e-04 7.00000e-04 
9.67088e+00 2.05400e-01 5.64358e-03 5.64358e-03 7.00000e-04 7.00000e-04 
1.05404e+01 2.07300e-01 5.75587e-03 5.75587e-03 8.00000e-04 8.00000e-04 
1.14891e+01 2.05400e-01 5.65685e-03 5.65685e-03 8.00000e-04 8.00000e-04 
1.24900e+01 2.04900e-01 5.67186e-03 5.67186e-03 9.00000e-04 9.00000e-04 
1.35388e+01 2.05400e-01 5.67186e-03 5.67186e-03 9.00000e-04 9.00000e-04 
1.46877e+01 2.07500e-01 5.77062e-03 5.77062e-03 9.00000e-04 9.00000e-04 
1.59367e+01 2.06200e-01 5.78705e-03 5.78705e-03 1.00000e-03 1.00000e-03 
1.72858e+01 2.05600e-01 5.68859e-03 5.68859e-03 1.00000e-03 1.00000e-03 
1.87350e+01 2.05700e-01 5.80517e-03 5.80517e-03 1.10000e-03 1.10000e-03 
2.02842e+01 2.03900e-01 5.70701e-03 5.70701e-03 1.10000e-03 1.10000e-03 
2.19335e+01 2.03000e-01 5.70701e-03 5.70701e-03 1.10000e-03 1.10000e-03 
2.37310e+01 2.03100e-01 5.70701e-03 5.70701e-03 1.10000e-03 1.10000e-03 
2.56805e+01 2.03300e-01 5.70701e-03 5.70701e-03 1.10000e-03 1.10000e-03 
2.77301e+01 2.03700e-01 5.82495e-03 5.82495e-03 1.20000e-03 1.20000e-03 
2.99279e+01 2.03600e-01 5.82495e-03 5.82495e-03 1.20000e-03 1.20000e-03 
3.22777e+01 2.03400e-01 5.84637e-03 5.84637e-03 1.30000e-03 1.30000e-03 
3.47757e+01 2.03800e-01 5.94390e-03 5.94390e-03 1.30000e-03 1.30000e-03 
3.74739e+01 2.02200e-01 5.86941e-03 5.86941e-03 1.40000e-03 1.40000e-03 
4.03721e+01 2.00200e-01 5.89406e-03 5.89406e-03 1.50000e-03 1.50000e-03 
4.34706e+01 2.03600e-01 6.01664e-03 6.01664e-03 1.60000e-03 1.60000e-03 
4.67691e+01 1.99500e-01 5.94811e-03 5.94811e-03 1.70000e-03 1.70000e-03 
5.03160e+01 1.99400e-01 6.07289e-03 6.07289e-03 1.80000e-03 1.80000e-03 
5.41149e+01 1.98900e-01 6.10328e-03 6.10328e-03 1.90000e-03 1.90000e-03 
5.81621e+01 2.00300e-01 6.26259e-03 6.26259e-03 2.10000e-03 2.10000e-03 
6.25095e+01 1.97600e-01 6.20322e-03 6.20322e-03 2.20000e-03 2.20000e-03 
6.72054e+01 1.97400e-01 6.33246e-03 6.33246e-03 2.30000e-03 2.30000e-03 
7.22532e+01 1.99400e-01 6.50000e-03 6.50000e-03 2.50000e-03 2.50000e-03 
7.76495e+01 1.92600e-01 6.35610e-03 6.35610e-03 2.60000e-03 2.60000e-03 
8.34461e+01 1.97100e-01 6.62118e-03 6.62118e-03 2.80000e-03 2.80000e-03 
8.96911e+01 1.95900e-01 6.66408e-03 6.66408e-03 2.90000e-03 2.90000e-03 
9.64365e+01 1.97800e-01 6.84251e-03 6.84251e-03 3.10000e-03 3.10000e-03 
1.03923e+02 1.92500e-01 6.80000e-03 6.80000e-03 3.20000e-03 3.20000e-03 
1.11929e+02 1.95800e-01 7.03278e-03 7.03278e-03 3.50000e-03 3.50000e-03 
1.20416e+02 1.95300e-01 7.13442e-03 7.13442e-03 3.70000e-03 3.70000e-03 
1.29904e+02 1.95900e-01 7.32462e-03 7.32462e-03 3.90000e-03 3.90000e-03 
1.40872e+02 1.92900e-01 7.24017e-03 7.24017e-03 3.90000e-03 3.90000e-03 
1.53362e+02 1.93500e-01 7.48866e-03 7.48866e-03 4.20000e-03 4.20000e-03 
1.67332e+02 1.89400e-01 7.60263e-03 7.60263e-03 4.40000e-03 4.40000e-03 
1.83303e+02 1.86300e-01 7.64003e-03 7.64003e-03 4.60000e-03 4.60000e-03 
2.01276e+02 1.88300e-01 7.98123e-03 7.98123e-03 4.90000e-03 4.90000e-03 
2.21727e+02 1.88700e-01 8.30963e-03 8.30963e-03 5.30000e-03 5.30000e-03 
2.45656e+02 1.89100e-01 8.57963e-03 8.57963e-03 5.60000e-03 5.60000e-03 
2.74534e+02 1.81300e-01 8.42912e-03 8.42912e-03 5.60000e-03 5.60000e-03 
3.09887e+02 1.90200e-01 9.12853e-03 9.12853e-03 6.20000e-03 6.20000e-03 
3.53652e+02 1.80800e-01 9.19348e-03 9.19348e-03 6.40000e-03 6.40000e-03 
4.08826e+02 1.74000e-01 9.40691e-03 9.40691e-03 6.80000e-03 6.80000e-03 
4.81170e+02 1.81500e-01 1.03276e-02 1.03276e-02 7.50000e-03 7.50000e-03 
5.88643e+02 1.98500e-01 1.15974e-02 1.15974e-02 8.10000e-03 8.10000e-03 
7.53392e+02 1.73200e-01 1.16000e-02 1.16000e-02 8.40000e-03 8.40000e-03 
1.01587e+03 1.79900e-01 1.36473e-02 1.36473e-02 9.70000e-03 9.70000e-03 
1.89737e+03 1.62900e-01 2.39015e-02 2.39015e-02 2.18000e-02 2.18000e-02 
