# credit: SSDC Cosmic Ray Database tools.asdc.asi.it/CosmicRays 
# rigidity [GV] - flux [] - flux_error_low [] - flux_error_high [] 
2.27500e+00   1.99400e-01   1.14272e-02   1.14272e-02   
2.53500e+00   1.97100e-01   1.07406e-02   1.07406e-02   
2.82000e+00   1.92800e-01   1.00568e-02   1.00568e-02   
3.13000e+00   1.91200e-01   9.71802e-03   9.71802e-03   
3.46500e+00   1.94300e-01   9.68710e-03   9.68710e-03   
3.83000e+00   1.94500e-01   9.50158e-03   9.50158e-03   
4.22500e+00   1.96500e-01   9.47629e-03   9.47629e-03   
4.65500e+00   1.98100e-01   9.52155e-03   9.52155e-03   
5.12500e+00   2.00800e-01   9.51157e-03   9.51157e-03   
5.63500e+00   2.02300e-01   9.55981e-03   9.55981e-03   
6.18500e+00   2.01500e-01   9.49474e-03   9.49474e-03   
6.78000e+00   2.02700e-01   9.55196e-03   9.55196e-03   
7.42500e+00   2.04300e-01   9.66075e-03   9.66075e-03   
8.12000e+00   2.04900e-01   9.66075e-03   9.66075e-03   
8.87000e+00   2.05200e-01   9.71802e-03   9.71802e-03   
9.68000e+00   2.05400e-01   9.71236e-03   9.71236e-03   
1.05500e+01   2.07300e-01   9.82802e-03   9.82802e-03   
1.15000e+01   2.05400e-01   9.71236e-03   9.71236e-03   
1.25000e+01   2.04900e-01   9.71236e-03   9.71236e-03   
1.35500e+01   2.05400e-01   9.71236e-03   9.71236e-03   
1.47000e+01   2.07500e-01   9.88534e-03   9.88534e-03   
1.59500e+01   2.06200e-01   9.82802e-03   9.82802e-03   
1.73000e+01   2.05600e-01   9.71236e-03   9.71236e-03   
1.87500e+01   2.05700e-01   9.82802e-03   9.82802e-03   
2.03000e+01   2.03900e-01   9.71802e-03   9.71802e-03   
2.19500e+01   2.03000e-01   9.71802e-03   9.71802e-03   
2.37500e+01   2.03100e-01   9.71802e-03   9.71802e-03   
2.57000e+01   2.03300e-01   9.71802e-03   9.71802e-03   
2.77500e+01   2.03700e-01   9.84022e-03   9.84022e-03   
2.99500e+01   2.03600e-01   9.89747e-03   9.89747e-03   
3.23000e+01   2.03400e-01   9.89747e-03   9.89747e-03   
3.48000e+01   2.03800e-01   1.00205e-02   1.00205e-02   
3.75000e+01   2.02200e-01   9.90505e-03   9.90505e-03   
4.04000e+01   2.00200e-01   9.84784e-03   9.84784e-03   
4.35000e+01   2.03600e-01   1.00777e-02   1.00777e-02   
4.68000e+01   1.99500e-01   9.91363e-03   9.91363e-03   
5.03500e+01   1.99400e-01   1.00290e-02   1.00290e-02   
5.41500e+01   1.98900e-01   1.00290e-02   1.00290e-02   
5.82000e+01   2.00300e-01   1.02015e-02   1.02015e-02   
6.25500e+01   1.97600e-01   1.00955e-02   1.00955e-02   
6.72500e+01   1.97400e-01   1.02108e-02   1.02108e-02   
7.23000e+01   1.99400e-01   1.03832e-02   1.03832e-02   
7.77000e+01   1.92600e-01   1.00384e-02   1.00384e-02   
8.35000e+01   1.97100e-01   1.03832e-02   1.03832e-02   
8.97500e+01   1.95900e-01   1.03832e-02   1.03832e-02   
9.65000e+01   1.97800e-01   1.05655e-02   1.05655e-02   
1.04000e+02   1.92500e-01   1.03836e-02   1.03836e-02   
1.12000e+02   1.95800e-01   1.05660e-02   1.05660e-02   
1.20500e+02   1.95300e-01   1.05660e-02   1.05660e-02   
1.30000e+02   1.95900e-01   1.07382e-02   1.07382e-02   
1.41000e+02   1.92900e-01   1.06231e-02   1.06231e-02   
1.53500e+02   1.93500e-01   1.07382e-02   1.07382e-02   
1.67500e+02   1.89400e-01   1.07382e-02   1.07382e-02   
1.83500e+02   1.86300e-01   1.05660e-02   1.05660e-02   
2.01500e+02   1.88300e-01   1.08646e-02   1.08646e-02   
2.22000e+02   1.88700e-01   1.10363e-02   1.10363e-02   
2.46000e+02   1.89100e-01   1.12196e-02   1.12196e-02   
2.75000e+02   1.81300e-01   1.08881e-02   1.08881e-02   
3.10500e+02   1.90200e-01   1.16155e-02   1.16155e-02   
3.54500e+02   1.80800e-01   1.14039e-02   1.14039e-02   
4.10000e+02   1.74000e-01   1.12854e-02   1.12854e-02   
4.83000e+02   1.81500e-01   1.23171e-02   1.23171e-02   
5.92500e+02   1.98500e-01   1.43638e-02   1.43638e-02   
7.60000e+02   1.73200e-01   1.38687e-02   1.38687e-02   
1.03000e+03   1.79900e-01   1.66135e-02   1.66135e-02   
2.10000e+03   1.62900e-01   1.69971e-02   1.69971e-02   
