#Source: SSDC
#Ref: 10.1016/j.physrep.2020.09.003 (2021PhR...894....1A)
#Experiment: AMS-02
#Quantity: N
#Units: rigidity(original)
#Url: https://tools.ssdc.asi.it/CosmicRays/
#Comments: 
2.27076e+00 4.39600e-01 1.53834e-02 1.53834e-02 1.60000e-03 1.60000e-03 
2.53056e+00 4.18500e-01 1.39703e-02 1.39703e-02 1.40000e-03 1.40000e-03 
2.81508e+00 3.83200e-01 1.24579e-02 1.24579e-02 1.20000e-03 1.20000e-03 
3.12495e+00 3.42200e-01 1.09458e-02 1.09458e-02 1.00000e-03 1.00000e-03 
3.45955e+00 3.02800e-01 9.63328e-03 9.63328e-03 8.00000e-04 8.00000e-04 
3.82418e+00 2.60400e-01 8.22982e-03 8.22982e-03 7.00000e-04 7.00000e-04 
4.21886e+00 2.22900e-01 7.02567e-03 7.02567e-03 6.00000e-04 6.00000e-04 
4.64829e+00 1.88400e-01 5.92115e-03 5.92115e-03 5.00000e-04 5.00000e-04 
5.11777e+00 1.56800e-01 4.91630e-03 4.91630e-03 4.00000e-04 4.00000e-04 
5.62731e+00 1.30700e-01 4.11096e-03 4.11096e-03 3.00000e-04 3.00000e-04 
6.17690e+00 1.07500e-01 3.41321e-03 3.41321e-03 3.00000e-04 3.00000e-04 
6.77126e+00 8.83300e-02 2.76875e-03 2.76875e-03 2.20000e-04 2.20000e-04 
7.41568e+00 7.17700e-02 2.25719e-03 2.25719e-03 1.80000e-04 1.80000e-04 
8.11015e+00 5.83600e-02 1.83614e-03 1.83614e-03 1.50000e-04 1.50000e-04 
8.85942e+00 4.73600e-02 1.49482e-03 1.49482e-03 1.20000e-04 1.20000e-04 
9.66876e+00 3.83900e-02 1.21413e-03 1.21413e-03 1.00000e-04 1.00000e-04 
1.05382e+01 3.10500e-02 9.84124e-04 9.84124e-04 9.00000e-05 9.00000e-05 
1.14866e+01 2.51300e-02 7.93095e-04 7.93095e-04 7.00000e-05 7.00000e-05 
1.24877e+01 2.01900e-02 6.43817e-04 6.43817e-04 7.00000e-05 7.00000e-05 
1.35362e+01 1.65100e-02 5.23450e-04 5.23450e-04 6.00000e-05 6.00000e-05 
1.46849e+01 1.33500e-02 4.22966e-04 4.22966e-04 5.00000e-05 5.00000e-05 
1.59337e+01 1.08300e-02 3.42345e-04 3.42345e-04 4.00000e-05 4.00000e-05 
1.72825e+01 8.77400e-03 2.81064e-04 2.81064e-04 3.40000e-05 3.40000e-05 
1.87315e+01 7.01000e-03 2.25743e-04 2.25743e-04 2.80000e-05 2.80000e-05 
2.02806e+01 5.71400e-03 1.84567e-04 1.84567e-04 2.40000e-05 2.40000e-05 
2.19297e+01 4.61800e-03 1.49345e-04 1.49345e-04 2.00000e-05 2.00000e-05 
2.37266e+01 3.69400e-03 1.20071e-04 1.20071e-04 1.60000e-05 1.60000e-05 
2.56760e+01 2.95500e-03 9.58853e-05 9.58853e-05 1.30000e-05 1.30000e-05 
2.77255e+01 2.39200e-03 7.77817e-05 7.77817e-05 1.10000e-05 1.10000e-05 
2.99228e+01 1.95000e-03 6.37887e-05 6.37887e-05 1.00000e-05 1.00000e-05 
3.22725e+01 1.55800e-03 5.16236e-05 5.16236e-05 8.00000e-06 8.00000e-06 
3.47700e+01 1.27200e-03 4.25793e-05 4.25793e-05 7.00000e-06 7.00000e-06 
3.74678e+01 1.03000e-03 3.45254e-05 3.45254e-05 6.00000e-06 6.00000e-06 
4.03656e+01 8.27700e-04 2.78097e-05 2.78097e-05 5.30000e-06 5.30000e-06 
4.34637e+01 6.79100e-04 2.29654e-05 2.29654e-05 4.60000e-06 4.60000e-06 
4.67619e+01 5.44500e-04 1.85367e-05 1.85367e-05 4.00000e-06 4.00000e-06 
5.03081e+01 4.45100e-04 1.53056e-05 1.53056e-05 3.50000e-06 3.50000e-06 
5.41067e+01 3.50000e-04 1.21754e-05 1.21754e-05 3.00000e-06 3.00000e-06 
5.81533e+01 2.86600e-04 1.00424e-05 1.00424e-05 2.60000e-06 2.60000e-06 
6.25001e+01 2.35300e-04 8.32406e-06 8.32406e-06 2.30000e-06 2.30000e-06 
6.71949e+01 1.87800e-04 6.70522e-06 6.70522e-06 2.00000e-06 2.00000e-06 
7.22423e+01 1.50400e-04 5.47083e-06 5.47083e-06 1.70000e-06 1.70000e-06 
7.76378e+01 1.24500e-04 4.55412e-06 4.55412e-06 1.50000e-06 1.50000e-06 
8.34335e+01 1.00800e-04 3.73363e-06 3.73363e-06 1.30000e-06 1.30000e-06 
8.96774e+01 8.22900e-05 3.09011e-06 3.09011e-06 1.12000e-06 1.12000e-06 
9.64217e+01 6.68400e-05 2.55157e-06 2.55157e-06 9.70000e-07 9.70000e-07 
1.03905e+02 5.25900e-05 2.02872e-06 2.02872e-06 8.10000e-07 8.10000e-07 
1.11912e+02 4.18200e-05 1.66385e-06 1.66385e-06 7.20000e-07 7.20000e-07 
1.20396e+02 3.48000e-05 1.39531e-06 1.39531e-06 6.20000e-07 6.20000e-07 
1.29881e+02 2.67400e-05 1.09590e-06 1.09590e-06 5.10000e-07 5.10000e-07 
1.40842e+02 2.11000e-05 8.77097e-07 8.77097e-07 4.20000e-07 4.20000e-07 
1.53330e+02 1.74200e-05 7.34302e-07 7.34302e-07 3.60000e-07 3.60000e-07 
1.67293e+02 1.30700e-05 5.69386e-07 5.69386e-07 2.90000e-07 2.90000e-07 
1.83257e+02 1.02100e-05 4.57930e-07 4.57930e-07 2.40000e-07 2.40000e-07 
2.01224e+02 7.44200e-06 3.48634e-07 3.48634e-07 1.95000e-07 1.95000e-07 
2.21664e+02 6.12700e-06 2.89601e-07 2.89601e-07 1.65000e-07 1.65000e-07 
2.45576e+02 4.57600e-06 2.23432e-07 2.23432e-07 1.31000e-07 1.31000e-07 
2.74426e+02 3.25600e-06 1.64201e-07 1.64201e-07 9.90000e-08 9.90000e-08 
3.09744e+02 2.39800e-06 1.25419e-07 1.25419e-07 7.70000e-08 7.70000e-08 
3.53455e+02 1.73500e-06 9.46414e-08 9.46414e-08 5.90000e-08 5.90000e-08 
4.08553e+02 1.10300e-06 6.46607e-08 6.46607e-08 4.10000e-08 4.10000e-08 
4.80744e+02 6.88300e-07 4.31909e-08 4.31909e-08 2.81000e-08 2.81000e-08 
5.87746e+02 3.92500e-07 2.65045e-08 2.65045e-08 1.68000e-08 1.68000e-08 
7.60270e+02 1.92400e-07 1.48054e-08 1.48054e-08 9.20000e-09 9.20000e-09 
1.06486e+03 8.52000e-08 7.78682e-09 7.78682e-09 4.45000e-09 4.45000e-09 
2.02084e+03 1.77300e-08 2.48502e-09 2.48502e-09 2.13000e-09 2.13000e-09 
