#Source: SSDC
#Ref: 10.1016/j.physrep.2020.09.003 (2021PhR...894....1A)
#Experiment: AMS-02
#Quantity: N/B
#Units: rigidity(original)
#Url: https://tools.ssdc.asi.it/CosmicRays/
#Comments: 
2.27156e+00 9.16400e-01 4.62196e-02 4.62196e-02 4.50000e-03 4.50000e-03 
2.53140e+00 8.98600e-01 4.05975e-02 4.05975e-02 4.00000e-03 4.00000e-03 
2.81601e+00 8.89400e-01 3.65876e-02 3.65876e-02 3.70000e-03 3.70000e-03 
3.12591e+00 8.81500e-01 3.31851e-02 3.31851e-02 3.50000e-03 3.50000e-03 
3.46058e+00 8.81900e-01 3.06780e-02 3.06780e-02 3.30000e-03 3.30000e-03 
3.82528e+00 8.69600e-01 2.82816e-02 2.82816e-02 3.20000e-03 3.20000e-03 
4.22002e+00 8.70100e-01 2.66807e-02 2.66807e-02 3.10000e-03 3.10000e-03 
4.64956e+00 8.76800e-01 2.55766e-02 2.55766e-02 3.00000e-03 3.00000e-03 
5.11914e+00 8.73000e-01 2.43731e-02 2.43731e-02 2.90000e-03 2.90000e-03 
5.62877e+00 8.83800e-01 2.38768e-02 2.38768e-02 2.90000e-03 2.90000e-03 
6.17843e+00 8.89000e-01 2.33932e-02 2.33932e-02 3.00000e-03 3.00000e-03 
6.77291e+00 8.94500e-01 2.30957e-02 2.30957e-02 3.00000e-03 3.00000e-03 
7.41744e+00 9.03400e-01 2.30098e-02 2.30098e-02 3.10000e-03 3.10000e-03 
8.11202e+00 9.08600e-01 2.28116e-02 2.28116e-02 3.10000e-03 3.10000e-03 
8.86142e+00 9.11500e-01 2.27264e-02 2.27264e-02 3.20000e-03 3.20000e-03 
9.67088e+00 9.23500e-01 2.28543e-02 2.28543e-02 3.40000e-03 3.40000e-03 
1.05404e+01 9.25500e-01 2.28849e-02 2.28849e-02 3.60000e-03 3.60000e-03 
1.14891e+01 9.39900e-01 2.32131e-02 2.32131e-02 3.80000e-03 3.80000e-03 
1.24900e+01 9.43200e-01 2.32820e-02 2.32820e-02 4.20000e-03 4.20000e-03 
1.35388e+01 9.63200e-01 2.38288e-02 2.38288e-02 4.50000e-03 4.50000e-03 
1.46877e+01 9.67800e-01 2.39654e-02 2.39654e-02 4.70000e-03 4.70000e-03 
1.59367e+01 9.82700e-01 2.44174e-02 2.44174e-02 5.00000e-03 5.00000e-03 
1.72858e+01 1.00800e+00 2.52834e-02 2.52834e-02 5.40000e-03 5.40000e-03 
1.87350e+01 1.00100e+00 2.52293e-02 2.52293e-02 5.60000e-03 5.60000e-03 
2.02842e+01 1.02200e+00 2.59044e-02 2.59044e-02 6.00000e-03 6.00000e-03 
2.19335e+01 1.04000e+00 2.65580e-02 2.65580e-02 6.30000e-03 6.30000e-03 
2.37310e+01 1.04700e+00 2.69704e-02 2.69704e-02 6.40000e-03 6.40000e-03 
2.56805e+01 1.05100e+00 2.73339e-02 2.73339e-02 6.70000e-03 6.70000e-03 
2.77301e+01 1.06200e+00 2.78212e-02 2.78212e-02 7.10000e-03 7.10000e-03 
2.99279e+01 1.09300e+00 2.90131e-02 2.90131e-02 7.60000e-03 7.60000e-03 
3.22777e+01 1.09900e+00 2.96562e-02 2.96562e-02 8.20000e-03 8.20000e-03 
3.47757e+01 1.10800e+00 3.02769e-02 3.02769e-02 8.70000e-03 8.70000e-03 
3.74739e+01 1.14100e+00 3.16891e-02 3.16891e-02 9.60000e-03 9.60000e-03 
4.03721e+01 1.16200e+00 3.30462e-02 3.30462e-02 1.06000e-02 1.06000e-02 
4.34706e+01 1.18800e+00 3.42597e-02 3.42597e-02 1.17000e-02 1.17000e-02 
4.67691e+01 1.17000e+00 3.43185e-02 3.43185e-02 1.24000e-02 1.24000e-02 
5.03160e+01 1.21400e+00 3.66012e-02 3.66012e-02 1.38000e-02 1.38000e-02 
5.41149e+01 1.18200e+00 3.65433e-02 3.65433e-02 1.46000e-02 1.46000e-02 
5.81621e+01 1.20900e+00 3.82111e-02 3.82111e-02 1.60000e-02 1.60000e-02 
6.25095e+01 1.24400e+00 4.02955e-02 4.02955e-02 1.77000e-02 1.77000e-02 
6.72054e+01 1.25800e+00 4.17738e-02 4.17738e-02 1.92000e-02 1.92000e-02 
7.22532e+01 1.25300e+00 4.29214e-02 4.29214e-02 2.07000e-02 2.07000e-02 
7.76495e+01 1.30700e+00 4.58451e-02 4.58451e-02 2.31000e-02 2.31000e-02 
8.34461e+01 1.31500e+00 4.75946e-02 4.75946e-02 2.50000e-02 2.50000e-02 
8.96911e+01 1.32500e+00 4.91496e-02 4.91496e-02 2.68000e-02 2.68000e-02 
9.64365e+01 1.38400e+00 5.34237e-02 5.34237e-02 3.03000e-02 3.03000e-02 
1.03923e+02 1.41400e+00 5.64150e-02 5.64150e-02 3.28000e-02 3.28000e-02 
1.11929e+02 1.37700e+00 5.80264e-02 5.80264e-02 3.55000e-02 3.55000e-02 
1.20416e+02 1.42900e+00 6.11433e-02 6.11433e-02 3.85000e-02 3.85000e-02 
1.29904e+02 1.44100e+00 6.47649e-02 6.47649e-02 4.20000e-02 4.20000e-02 
1.40872e+02 1.39500e+00 6.38429e-02 6.38429e-02 4.14000e-02 4.14000e-02 
1.53362e+02 1.51900e+00 7.30808e-02 7.30808e-02 4.88000e-02 4.88000e-02 
1.67332e+02 1.46500e+00 7.26450e-02 7.26450e-02 5.00000e-02 5.00000e-02 
1.83303e+02 1.52000e+00 7.84189e-02 7.84189e-02 5.57000e-02 5.57000e-02 
2.01276e+02 1.49600e+00 8.26385e-02 8.26385e-02 6.04000e-02 6.04000e-02 
2.21727e+02 1.60900e+00 9.16115e-02 9.16115e-02 6.79000e-02 6.79000e-02 
2.45656e+02 1.65100e+00 9.87484e-02 9.87484e-02 7.46000e-02 7.46000e-02 
2.74534e+02 1.64300e+00 1.04517e-01 1.04517e-01 7.92000e-02 7.92000e-02 
3.09887e+02 1.79100e+00 1.19598e-01 1.19598e-01 9.34000e-02 9.34000e-02 
3.53652e+02 1.93500e+00 1.38480e-01 1.38480e-01 1.08300e-01 1.08300e-01 
4.08826e+02 1.75000e+00 1.33106e-01 1.33106e-01 1.05700e-01 1.05700e-01 
4.81170e+02 1.79200e+00 1.48080e-01 1.48080e-01 1.18500e-01 1.18500e-01 
5.88643e+02 1.94700e+00 1.74091e-01 1.74091e-01 1.38100e-01 1.38100e-01 
7.62102e+02 1.86300e+00 1.89355e-01 1.89355e-01 1.45900e-01 1.45900e-01 
1.06958e+03 1.97300e+00 2.37639e-01 2.37639e-01 1.71500e-01 1.71500e-01 
2.07123e+03 3.25700e+00 8.15230e-01 8.15230e-01 7.59400e-01 7.59400e-01 
