# credit: SSDC Cosmic Ray Database tools.asdc.asi.it/CosmicRays 
# rigidity [GV] - flux [] - flux_error_low [] - flux_error_high [] 
2.26882e+00   2.37100e-01   1.08871e-02   1.08871e-02   
2.52853e+00   2.20000e-01   8.98165e-03   8.98165e-03   
2.81282e+00   1.99500e-01   7.69870e-03   7.69870e-03   
3.12264e+00   1.80000e-01   6.71937e-03   6.71937e-03   
3.45704e+00   1.60900e-01   5.86686e-03   5.86686e-03   
3.82152e+00   1.40500e-01   5.11664e-03   5.11664e-03   
4.21605e+00   1.21000e-01   4.28836e-03   4.28836e-03   
4.64521e+00   1.04700e-01   3.65787e-03   3.65787e-03   
5.11446e+00   8.87500e-02   3.11689e-03   3.11689e-03   
5.62378e+00   7.49000e-02   2.61630e-03   2.61630e-03   
6.17318e+00   6.32900e-02   2.19916e-03   2.19916e-03   
6.76724e+00   5.27900e-02   1.83276e-03   1.83276e-03   
7.41139e+00   4.34100e-02   1.50649e-03   1.50649e-03   
8.10563e+00   3.62200e-02   1.25403e-03   1.25403e-03   
8.85456e+00   3.01700e-02   1.04202e-03   1.04202e-03   
9.66360e+00   2.44900e-02   8.49824e-04   8.49824e-04   
1.05327e+01   2.01300e-02   6.98999e-04   6.98999e-04   
1.14804e+01   1.65300e-02   5.77841e-04   5.77841e-04   
1.24820e+01   1.33900e-02   4.66583e-04   4.66583e-04   
1.35299e+01   1.10800e-02   3.85876e-04   3.85876e-04   
1.46780e+01   9.05200e-03   3.14903e-04   3.14903e-04   
1.59262e+01   7.35600e-03   2.56283e-04   2.56283e-04   
1.72745e+01   6.07400e-03   2.11807e-04   2.11807e-04   
1.87230e+01   4.99700e-03   1.74213e-04   1.74213e-04   
2.02716e+01   4.04700e-03   1.41778e-04   1.41778e-04   
2.19204e+01   3.34100e-03   1.17363e-04   1.17363e-04   
2.37158e+01   2.76000e-03   9.70258e-05   9.70258e-05   
2.56650e+01   2.23700e-03   7.88099e-05   7.88099e-05   
2.77142e+01   1.84500e-03   6.46142e-05   6.46142e-05   
2.99103e+01   1.48600e-03   5.23737e-05   5.23737e-05   
3.22599e+01   1.22600e-03   4.32319e-05   4.32319e-05   
3.47563e+01   1.01900e-03   3.61386e-05   3.61386e-05   
3.74530e+01   8.25900e-04   2.93997e-05   2.93997e-05   
4.03499e+01   6.90100e-04   2.46061e-05   2.46061e-05   
4.34470e+01   5.66800e-04   2.03091e-05   2.03091e-05   
4.67444e+01   4.62700e-04   1.66382e-05   1.66382e-05   
5.02888e+01   3.83000e-04   1.38669e-05   1.38669e-05   
5.40868e+01   3.16300e-04   1.15165e-05   1.15165e-05   
5.81318e+01   2.58200e-04   9.45516e-06   9.45516e-06   
6.24772e+01   2.10400e-04   7.82688e-06   7.82688e-06   
6.71697e+01   1.74600e-04   6.46993e-06   6.46993e-06   
7.22158e+01   1.42900e-04   5.32729e-06   5.32729e-06   
7.76092e+01   1.18500e-04   4.49667e-06   4.49667e-06   
8.34030e+01   9.59900e-05   3.66726e-06   3.66726e-06   
8.96441e+01   7.88000e-05   3.04360e-06   3.04360e-06   
9.63857e+01   6.40200e-05   2.50250e-06   2.50250e-06   
1.03862e+02   5.21700e-05   2.05687e-06   2.05687e-06   
1.11871e+02   4.18300e-05   1.68722e-06   1.68722e-06   
1.20349e+02   3.52000e-05   1.42794e-06   1.42794e-06   
1.29827e+02   2.82500e-05   1.16387e-06   1.16387e-06   
1.40770e+02   2.32700e-05   9.63639e-07   9.63639e-07   
1.53252e+02   1.74900e-05   7.45989e-07   7.45989e-07   
1.67198e+02   1.35400e-05   5.86771e-07   5.86771e-07   
1.83146e+02   1.06900e-05   4.68828e-07   4.68828e-07   
2.01097e+02   8.39600e-06   3.80513e-07   3.80513e-07   
2.21509e+02   6.46000e-06   3.00448e-07   3.00448e-07   
2.45382e+02   5.00000e-06   2.37148e-07   2.37148e-07   
2.74162e+02   3.52700e-06   1.73845e-07   1.73845e-07   
3.09398e+02   2.64300e-06   1.33458e-07   1.33458e-07   
3.52976e+02   1.88500e-06   9.88079e-08   9.88079e-08   
4.07890e+02   1.24800e-06   6.90652e-08   6.90652e-08   
4.79711e+02   8.28800e-07   4.81027e-08   4.81027e-08   
5.85572e+02   4.68400e-07   2.87948e-08   2.87948e-08   
7.48143e+02   2.41900e-07   1.68816e-08   1.68816e-08   
1.00470e+03   1.18700e-07   9.59687e-09   9.59687e-09   
1.74791e+03   2.79100e-08   3.90484e-09   3.90484e-09   
