#Source: CRDB
#Ref:  ()
#Experiment: AMS-02
#Quantity: Mg
#Units: total energy
#Url: https://lpsc.in2p3.fr/crdb
#Comments: converted from original table
4.04152e+02 6.90834e-05 2.47021e-06 2.47021e-06 5.30564e-07 5.30564e-07 
4.35105e+02 5.67320e-05 2.03460e-06 2.03460e-06 4.60422e-07 4.60422e-07 
4.68063e+02 4.63067e-05 1.66997e-06 1.66997e-06 4.00317e-07 4.00317e-07 
5.03505e+02 3.83262e-05 1.38590e-06 1.38590e-06 3.50240e-07 3.50240e-07 
5.41470e+02 3.16487e-05 1.15316e-06 1.15316e-06 3.10183e-07 3.10183e-07 
5.81920e+02 2.58332e-05 9.49697e-07 9.49697e-07 2.70138e-07 2.70138e-07 
6.25373e+02 2.10493e-05 7.78291e-07 7.78291e-07 2.40107e-07 2.40107e-07 
6.72312e+02 1.74667e-05 6.54850e-07 6.54850e-07 2.10081e-07 2.10081e-07 
7.22773e+02 1.42948e-05 5.31590e-07 5.31590e-07 1.80060e-07 1.80060e-07 
7.76719e+02 1.18534e-05 4.49573e-07 4.49573e-07 1.60046e-07 1.60046e-07 
8.34669e+02 9.60139e-06 3.67030e-07 3.67030e-07 1.38034e-07 1.38034e-07 
8.97105e+02 7.88170e-06 3.04697e-07 3.04697e-07 1.20026e-07 1.20026e-07 
9.64545e+02 6.40319e-06 2.50646e-07 2.50646e-07 1.04019e-07 1.04019e-07 
1.03940e+03 5.21784e-06 2.05800e-07 2.05800e-07 8.80141e-08 8.80141e-08 
1.11944e+03 4.18358e-06 1.68671e-07 1.68671e-07 7.90109e-08 7.90109e-08 
1.20430e+03 3.52042e-06 1.43195e-07 1.43195e-07 6.80081e-08 6.80081e-08 
1.89737e+04 2.79100e-09 3.90718e-10 3.90718e-10 3.38000e-10 3.38000e-10 
1.01588e+04 1.18700e-08 9.55250e-10 9.55250e-10 6.50001e-10 6.50001e-10 
7.53395e+03 2.41901e-08 1.69001e-09 1.69001e-09 1.20000e-09 1.20000e-09 
5.88646e+03 4.68402e-08 2.87802e-09 2.87802e-09 2.02001e-09 2.02001e-09 
4.81174e+03 8.28806e-08 4.80838e-09 4.80838e-09 3.41003e-09 3.41003e-09 
4.08831e+03 1.24801e-07 6.92972e-09 6.92972e-09 4.90005e-09 4.90005e-09 
3.53657e+03 1.88503e-07 9.83528e-09 9.83528e-09 6.70009e-09 6.70009e-09 
3.09893e+03 2.64305e-07 1.33126e-08 1.33126e-08 8.90016e-09 8.90016e-09 
2.74541e+03 3.52708e-07 1.73662e-08 1.73662e-08 1.14003e-08 1.14003e-08 
2.45663e+03 5.00014e-07 2.37401e-08 2.37401e-08 1.50004e-08 1.50004e-08 
2.21735e+03 6.46023e-07 3.00497e-08 3.00497e-08 1.86007e-08 1.86007e-08 
2.01285e+03 8.39636e-07 3.80817e-08 3.80817e-08 2.28010e-08 2.28010e-08 
1.83313e+03 1.06906e-06 4.74366e-08 4.74366e-08 2.70014e-08 2.70014e-08 
1.67342e+03 1.35408e-06 5.90799e-08 5.90799e-08 3.30020e-08 3.30020e-08 
1.53374e+03 1.74913e-06 7.46312e-08 7.46312e-08 4.00030e-08 4.00030e-08 
1.40885e+03 2.32720e-06 9.58885e-08 9.58885e-08 4.80042e-08 4.80042e-08 
1.29917e+03 2.82529e-06 1.16481e-07 1.16481e-07 5.80060e-08 5.80060e-08 
2.93950e+01 3.06594e-02 1.40663e-03 1.40663e-03 1.68103e-04 1.68103e-04 
3.14466e+01 2.73120e-02 1.11330e-03 1.11330e-03 1.36560e-04 1.36560e-04 
3.37812e+01 2.39179e-02 9.17525e-04 9.17525e-04 1.07900e-04 1.07900e-04 
3.64044e+01 2.09522e-02 7.85428e-04 7.85428e-04 9.31210e-05 9.31210e-05 
3.93159e+01 1.82719e-02 6.74705e-04 6.74705e-04 7.94923e-05 7.94923e-05 
4.25614e+01 1.56265e-02 5.60094e-04 5.60094e-04 6.67325e-05 6.67325e-05 
4.61415e+01 1.32258e-02 4.73175e-04 4.73175e-04 5.46521e-05 5.46521e-05 
5.01004e+01 1.12786e-02 4.00897e-04 4.00897e-04 4.30892e-05 4.30892e-05 
5.44864e+01 9.44402e-03 3.31629e-04 3.31629e-04 3.40517e-05 3.40517e-05 
5.93000e+01 7.88929e-03 2.75333e-04 2.75333e-04 2.84394e-05 2.84394e-05 
6.45404e+01 6.61025e-03 2.29990e-04 2.29990e-04 2.40221e-05 2.40221e-05 
7.02523e+01 5.47492e-03 1.89780e-04 1.89780e-04 1.97051e-05 1.97051e-05 
7.64852e+01 4.47573e-03 1.55427e-04 1.55427e-04 1.54655e-05 1.54655e-05 
8.32381e+01 3.71622e-03 1.28943e-04 1.28943e-04 1.33382e-05 1.33382e-05 
9.05570e+01 3.08290e-03 1.06865e-04 1.06865e-04 1.12403e-05 1.12403e-05 
9.84920e+01 2.49399e-03 8.60328e-05 8.60328e-05 9.16535e-06 9.16535e-06 
3.75202e+02 8.26919e-05 2.94547e-06 2.94547e-06 6.00740e-07 6.00740e-07 
3.48257e+02 1.02046e-04 3.57443e-06 3.57443e-06 7.01003e-07 7.01003e-07 
3.23315e+02 1.22804e-04 4.38106e-06 4.38106e-06 8.01330e-07 8.01330e-07 
2.99860e+02 1.48887e-04 5.28752e-06 5.28752e-06 9.01741e-07 9.01741e-07 
2.77928e+02 1.84916e-04 6.50847e-06 6.50847e-06 1.10248e-06 1.10248e-06 
2.57482e+02 2.24287e-04 7.82947e-06 7.82947e-06 1.30341e-06 1.30341e-06 
2.38042e+02 2.76849e-04 9.64726e-06 9.64726e-06 1.50461e-06 1.50461e-06 
2.20127e+02 3.35302e-04 1.17811e-05 1.17811e-05 1.80648e-06 1.80648e-06 
2.03698e+02 4.06402e-04 1.42314e-05 1.42314e-05 2.20925e-06 2.20925e-06 
1.88276e+02 5.02163e-04 1.74811e-05 1.74811e-05 2.61281e-06 2.61281e-06 
1.73862e+02 6.10915e-04 2.13504e-05 2.13504e-05 3.11794e-06 3.11794e-06 
1.60455e+02 7.40605e-04 2.58284e-05 2.58284e-05 3.62450e-06 3.62450e-06 
1.48057e+02 9.12447e-04 3.17335e-05 3.17335e-05 4.23362e-06 4.23362e-06 
1.36667e+02 1.11843e-03 3.86884e-05 3.86884e-05 5.04708e-06 5.04708e-06 
1.26285e+02 1.35380e-03 4.69025e-05 4.69025e-05 6.06633e-06 6.06633e-06 
1.16396e+02 1.67457e-03 5.81777e-05 5.81777e-05 7.09136e-06 7.09136e-06 
1.07042e+02 2.04418e-03 7.05380e-05 7.05380e-05 8.12390e-06 8.12390e-06 
