#Source: SSDC
#Ref: 110.1103/PhysRevLett.124.211102 (2020PhRvL.124u1102A)
#Experiment: AMS-02
#Quantity: Ne
#Units: rigidity(original)
#Url: https://tools.ssdc.asi.it/CosmicRays/
#Comments: Z=10
2.27076e+00 2.37100e-01 1.08780e-02 1.08780e-02 1.30000e-03 1.30000e-03 
2.53056e+00 2.20000e-01 8.96772e-03 8.96772e-03 1.10000e-03 1.10000e-03 
2.81508e+00 1.99500e-01 7.65310e-03 7.65310e-03 9.00000e-04 9.00000e-04 
3.12495e+00 1.80000e-01 6.74759e-03 6.74759e-03 8.00000e-04 8.00000e-04 
3.45955e+00 1.60900e-01 5.94138e-03 5.94138e-03 7.00000e-04 7.00000e-04 
3.82418e+00 1.40500e-01 5.03587e-03 5.03587e-03 6.00000e-04 6.00000e-04 
4.21886e+00 1.21000e-01 4.32897e-03 4.32897e-03 5.00000e-04 5.00000e-04 
4.64829e+00 1.04700e-01 3.72156e-03 3.72156e-03 4.00000e-04 4.00000e-04 
5.11777e+00 8.87500e-02 3.11647e-03 3.11647e-03 3.20000e-04 3.20000e-04 
5.62731e+00 7.49000e-02 2.61398e-03 2.61398e-03 2.70000e-04 2.70000e-04 
6.17690e+00 6.32900e-02 2.20204e-03 2.20204e-03 2.30000e-04 2.30000e-04 
6.77126e+00 5.27900e-02 1.82989e-03 1.82989e-03 1.90000e-04 1.90000e-04 
7.41568e+00 4.34100e-02 1.50748e-03 1.50748e-03 1.50000e-04 1.50000e-04 
8.11015e+00 3.62200e-02 1.25674e-03 1.25674e-03 1.30000e-04 1.30000e-04 
8.85942e+00 3.01700e-02 1.04580e-03 1.04580e-03 1.10000e-04 1.10000e-04 
9.66876e+00 2.44900e-02 8.44808e-04 8.44808e-04 9.00000e-05 9.00000e-05 
1.05382e+01 2.01300e-02 6.94622e-04 6.94622e-04 8.00000e-05 8.00000e-05 
1.14866e+01 1.65300e-02 5.74282e-04 5.74282e-04 7.00000e-05 7.00000e-05 
1.24877e+01 1.33900e-02 4.63897e-04 4.63897e-04 6.00000e-05 6.00000e-05 
1.35362e+01 1.10800e-02 3.83275e-04 3.83275e-04 5.00000e-05 5.00000e-05 
1.46849e+01 9.05200e-03 3.14814e-04 3.14814e-04 4.20000e-05 4.20000e-05 
1.59337e+01 7.35600e-03 2.56538e-04 2.56538e-04 3.60000e-05 3.60000e-05 
1.72825e+01 6.07400e-03 2.12276e-04 2.12276e-04 3.10000e-05 3.10000e-05 
1.87315e+01 4.99700e-03 1.73954e-04 1.73954e-04 2.60000e-05 2.60000e-05 
2.02806e+01 4.04700e-03 1.41718e-04 1.41718e-04 2.20000e-05 2.20000e-05 
2.19297e+01 3.34100e-03 1.17388e-04 1.17388e-04 1.80000e-05 1.80000e-05 
2.37266e+01 2.76000e-03 9.61769e-05 9.61769e-05 1.50000e-05 1.50000e-05 
2.56760e+01 2.23700e-03 7.80897e-05 7.80897e-05 1.30000e-05 1.30000e-05 
2.77255e+01 1.84500e-03 6.49384e-05 6.49384e-05 1.10000e-05 1.10000e-05 
2.99228e+01 1.48600e-03 5.27731e-05 5.27731e-05 9.00000e-06 9.00000e-06 
3.22725e+01 1.22600e-03 4.37379e-05 4.37379e-05 8.00000e-06 8.00000e-06 
3.47700e+01 1.01900e-03 3.56931e-05 3.56931e-05 7.00000e-06 7.00000e-06 
3.74678e+01 8.25900e-04 2.94184e-05 2.94184e-05 6.00000e-06 6.00000e-06 
4.03656e+01 6.90100e-04 2.46759e-05 2.46759e-05 5.30000e-06 5.30000e-06 
4.34637e+01 5.66800e-04 2.03273e-05 2.03273e-05 4.60000e-06 4.60000e-06 
4.67619e+01 4.62700e-04 1.66865e-05 1.66865e-05 4.00000e-06 4.00000e-06 
5.03081e+01 3.83000e-04 1.38495e-05 1.38495e-05 3.50000e-06 3.50000e-06 
5.41067e+01 3.16300e-04 1.15248e-05 1.15248e-05 3.10000e-06 3.10000e-06 
5.81533e+01 2.58200e-04 9.49210e-06 9.49210e-06 2.70000e-06 2.70000e-06 
6.25001e+01 2.10400e-04 7.77946e-06 7.77946e-06 2.40000e-06 2.40000e-06 
6.71949e+01 1.74600e-04 6.54599e-06 6.54599e-06 2.10000e-06 2.10000e-06 
7.22423e+01 1.42900e-04 5.31413e-06 5.31413e-06 1.80000e-06 1.80000e-06 
7.76378e+01 1.18500e-04 4.49444e-06 4.49444e-06 1.60000e-06 1.60000e-06 
8.34335e+01 9.59900e-05 3.66939e-06 3.66939e-06 1.38000e-06 1.38000e-06 
8.96774e+01 7.88000e-05 3.04631e-06 3.04631e-06 1.20000e-06 1.20000e-06 
9.64217e+01 6.40200e-05 2.50599e-06 2.50599e-06 1.04000e-06 1.04000e-06 
1.03905e+02 5.21700e-05 2.05767e-06 2.05767e-06 8.80000e-07 8.80000e-07 
1.11912e+02 4.18300e-05 1.68648e-06 1.68648e-06 7.90000e-07 7.90000e-07 
1.20396e+02 3.52000e-05 1.43178e-06 1.43178e-06 6.80000e-07 6.80000e-07 
1.29881e+02 2.82500e-05 1.16469e-06 1.16469e-06 5.80000e-07 5.80000e-07 
1.40842e+02 2.32700e-05 9.58801e-07 9.58801e-07 4.80000e-07 4.80000e-07 
1.53330e+02 1.74900e-05 7.46257e-07 7.46257e-07 4.00000e-07 4.00000e-07 
1.67293e+02 1.35400e-05 5.90762e-07 5.90762e-07 3.30000e-07 3.30000e-07 
1.83257e+02 1.06900e-05 4.74342e-07 4.74342e-07 2.70000e-07 2.70000e-07 
2.01224e+02 8.39600e-06 3.80800e-07 3.80800e-07 2.28000e-07 2.28000e-07 
2.21664e+02 6.46000e-06 3.00486e-07 3.00486e-07 1.86000e-07 1.86000e-07 
2.45576e+02 5.00000e-06 2.37394e-07 2.37394e-07 1.50000e-07 1.50000e-07 
2.74426e+02 3.52700e-06 1.73658e-07 1.73658e-07 1.14000e-07 1.14000e-07 
3.09744e+02 2.64300e-06 1.33124e-07 1.33124e-07 8.90000e-08 8.90000e-08 
3.53455e+02 1.88500e-06 9.83514e-08 9.83514e-08 6.70000e-08 6.70000e-08 
4.08553e+02 1.24800e-06 6.92965e-08 6.92965e-08 4.90000e-08 4.90000e-08 
4.80744e+02 8.28800e-07 4.80835e-08 4.80835e-08 3.41000e-08 3.41000e-08 
5.87746e+02 4.68400e-07 2.87800e-08 2.87800e-08 2.02000e-08 2.02000e-08 
7.51858e+02 2.41900e-07 1.69000e-08 1.69000e-08 1.20000e-08 1.20000e-08 
1.01260e+03 1.18700e-07 9.55249e-09 9.55249e-09 6.50000e-09 6.50000e-09 
1.85265e+03 2.79100e-08 3.90717e-09 3.90717e-09 3.38000e-09 3.38000e-09 
