#Source: CRDB
#Ref: 10.1088/0004-637X/707/1/593 (2009ApJ...707..593A)
#Experiment: CREAM-II
#Quantity: Ne
#Units: total Energy
#Url: https://lpsc.in2p3.fr/crdb
#Comments: 
9.82267e+02 6.00000e-06 1.17241e-06 1.17241e-06 1.00000e-06 1.00000e-06 
1.55009e+03 1.29500e-06 2.07480e-07 2.07480e-07 1.60000e-07 1.60000e-07 
2.67827e+03 2.76500e-07 4.41748e-08 4.41748e-08 3.40000e-08 3.40000e-08 
4.63236e+03 5.30000e-08 1.04988e-08 1.04988e-08 9.00000e-09 9.00000e-09 
8.03971e+03 1.43000e-08 3.60798e-09 4.44607e-09 3.30000e-09 4.20000e-09 
1.39642e+04 3.25000e-09 1.14887e-09 1.58505e-09 1.10000e-09 1.55000e-09 
2.42486e+04 9.00000e-10 4.59268e-10 7.05994e-10 4.50000e-10 7.00000e-10 
4.21300e+04 1.85000e-10 1.01765e-10 2.80635e-10 1.00000e-10 2.80000e-10 
8.30397e+04 1.10000e-10 6.02933e-11 1.05168e-10 6.00000e-11 1.05000e-10 
