#Source: SSDC
#Ref: 10.1103/PhysRevLett.124.211102 (2020PhRvL.124u1102A)
#Experiment: AMS-02
#Quantity: Ne/Mg
#Units: rigidity(original)
#Url: https://tools.ssdc.asi.it/CosmicRays/
#Comments: 
2.27156e+00 7.69700e-01 2.84565e-02 2.84565e-02 5.60000e-03 5.60000e-03 
2.53140e+00 7.83400e-01 2.62208e-02 2.62208e-02 5.20000e-03 5.20000e-03 
2.81601e+00 8.00600e-01 2.58683e-02 2.58683e-02 4.90000e-03 4.90000e-03 
3.12591e+00 8.20900e-01 2.60461e-02 2.60461e-02 4.80000e-03 4.80000e-03 
3.46058e+00 8.24900e-01 2.59116e-02 2.59116e-02 4.60000e-03 4.60000e-03 
3.82528e+00 8.30300e-01 2.57955e-02 2.57955e-02 4.50000e-03 4.50000e-03 
4.22002e+00 8.27600e-01 2.54827e-02 2.54827e-02 4.40000e-03 4.40000e-03 
4.64956e+00 8.37200e-01 2.56462e-02 2.56462e-02 4.20000e-03 4.20000e-03 
5.11914e+00 8.29200e-01 2.53180e-02 2.53180e-02 4.00000e-03 4.00000e-03 
5.62877e+00 8.29700e-01 2.52192e-02 2.52192e-02 4.00000e-03 4.00000e-03 
6.17843e+00 8.43600e-01 2.56143e-02 2.56143e-02 4.00000e-03 4.00000e-03 
6.77291e+00 8.42600e-01 2.55155e-02 2.55155e-02 4.00000e-03 4.00000e-03 
7.41744e+00 8.34200e-01 2.53024e-02 2.53024e-02 3.90000e-03 3.90000e-03 
8.11202e+00 8.40800e-01 2.55155e-02 2.55155e-02 4.00000e-03 4.00000e-03 
8.86142e+00 8.50900e-01 2.58275e-02 2.58275e-02 4.10000e-03 4.10000e-03 
9.67088e+00 8.40500e-01 2.54490e-02 2.54490e-02 4.20000e-03 4.20000e-03 
1.05404e+01 8.38100e-01 2.54657e-02 2.54657e-02 4.30000e-03 4.30000e-03 
1.14891e+01 8.46500e-01 2.56971e-02 2.56971e-02 4.50000e-03 4.50000e-03 
1.24900e+01 8.35700e-01 2.54757e-02 2.54757e-02 4.90000e-03 4.90000e-03 
1.35388e+01 8.39100e-01 2.56129e-02 2.56129e-02 5.10000e-03 5.10000e-03 
1.46877e+01 8.30100e-01 2.54372e-02 2.54372e-02 5.20000e-03 5.20000e-03 
1.59367e+01 8.24300e-01 2.52834e-02 2.52834e-02 5.40000e-03 5.40000e-03 
1.72858e+01 8.34500e-01 2.56416e-02 2.56416e-02 5.70000e-03 5.70000e-03 
1.87350e+01 8.34100e-01 2.56868e-02 2.56868e-02 5.90000e-03 5.90000e-03 
2.02842e+01 8.30600e-01 2.57099e-02 2.57099e-02 6.00000e-03 6.00000e-03 
2.19335e+01 8.38700e-01 2.59515e-02 2.59515e-02 6.20000e-03 6.20000e-03 
2.37310e+01 8.46800e-01 2.62667e-02 2.62667e-02 6.30000e-03 6.30000e-03 
2.56805e+01 8.39600e-01 2.61216e-02 2.61216e-02 6.50000e-03 6.50000e-03 
2.77301e+01 8.42600e-01 2.63655e-02 2.63655e-02 6.70000e-03 6.70000e-03 
2.99279e+01 8.21600e-01 2.58118e-02 2.58118e-02 6.80000e-03 6.80000e-03 
3.22777e+01 8.23800e-01 2.60161e-02 2.60161e-02 7.20000e-03 7.20000e-03 
3.47757e+01 8.32300e-01 2.64169e-02 2.64169e-02 7.60000e-03 7.60000e-03 
3.74739e+01 8.22500e-01 2.63441e-02 2.63441e-02 8.00000e-03 8.00000e-03 
4.03721e+01 8.50600e-01 2.74489e-02 2.74489e-02 8.80000e-03 8.80000e-03 
4.34706e+01 8.30300e-01 2.70751e-02 2.70751e-02 9.10000e-03 9.10000e-03 
4.67691e+01 8.36200e-01 2.75051e-02 2.75051e-02 9.80000e-03 9.80000e-03 
5.03160e+01 8.38600e-01 2.79100e-02 2.79100e-02 1.04000e-02 1.04000e-02 
5.41149e+01 8.43100e-01 2.84016e-02 2.84016e-02 1.12000e-02 1.12000e-02 
5.81621e+01 8.34100e-01 2.84614e-02 2.84614e-02 1.18000e-02 1.18000e-02 
6.25095e+01 8.31000e-01 2.87587e-02 2.87587e-02 1.25000e-02 1.25000e-02 
6.72054e+01 8.41300e-01 2.95169e-02 2.95169e-02 1.34000e-02 1.34000e-02 
7.22532e+01 8.34000e-01 2.97128e-02 2.97128e-02 1.42000e-02 1.42000e-02 
7.76495e+01 8.65300e-01 3.14059e-02 3.14059e-02 1.57000e-02 1.57000e-02 
8.34461e+01 8.29600e-01 3.06139e-02 3.06139e-02 1.60000e-02 1.60000e-02 
8.96911e+01 8.35900e-01 3.14543e-02 3.14543e-02 1.71000e-02 1.71000e-02 
9.64365e+01 8.22700e-01 3.15660e-02 3.15660e-02 1.79000e-02 1.79000e-02 
1.03923e+02 8.38300e-01 3.26075e-02 3.26075e-02 1.90000e-02 1.90000e-02 
1.11929e+02 8.04600e-01 3.25314e-02 3.25314e-02 2.02000e-02 2.02000e-02 
1.20416e+02 8.25600e-01 3.38290e-02 3.38290e-02 2.14000e-02 2.14000e-02 
1.29904e+02 8.15400e-01 3.41775e-02 3.41775e-02 2.23000e-02 2.23000e-02 
1.40872e+02 8.50600e-01 3.59356e-02 3.59356e-02 2.36000e-02 2.36000e-02 
1.53362e+02 8.11800e-01 3.57897e-02 3.57897e-02 2.47000e-02 2.47000e-02 
1.67332e+02 8.09300e-01 3.67698e-02 3.67698e-02 2.61000e-02 2.61000e-02 
1.83303e+02 8.24900e-01 3.86974e-02 3.86974e-02 2.82000e-02 2.82000e-02 
2.01276e+02 8.19000e-01 3.98121e-02 3.98121e-02 2.98000e-02 2.98000e-02 
2.21727e+02 8.22300e-01 4.13818e-02 4.13818e-02 3.17000e-02 3.17000e-02 
2.45656e+02 8.40000e-01 4.36818e-02 4.36818e-02 3.41000e-02 3.41000e-02 
2.74534e+02 8.19300e-01 4.45405e-02 4.45405e-02 3.55000e-02 3.55000e-02 
3.09887e+02 8.13900e-01 4.55834e-02 4.55834e-02 3.68000e-02 3.68000e-02 
3.53652e+02 8.65100e-01 5.10392e-02 5.10392e-02 4.20000e-02 4.20000e-02 
4.08826e+02 8.81300e-01 5.57281e-02 5.57281e-02 4.69000e-02 4.69000e-02 
4.81170e+02 8.83800e-01 5.85755e-02 5.85755e-02 4.97000e-02 4.97000e-02 
5.88643e+02 7.70100e-01 5.23994e-02 5.23994e-02 4.41000e-02 4.41000e-02 
7.53392e+02 8.51700e-01 6.63892e-02 6.63892e-02 5.72000e-02 5.72000e-02 
1.01587e+03 8.57300e-01 7.41742e-02 7.41742e-02 6.34000e-02 6.34000e-02 
1.89737e+03 1.10400e+00 2.01236e-01 2.01236e-01 1.93200e-01 1.93200e-01 
