# credit: SSDC Cosmic Ray Database tools.asdc.asi.it/CosmicRays 
# rigidity [GV] - flux [] - flux_error_low [] - flux_error_high [] 
2.27500e+00   7.69700e-01   3.98217e-02   3.98217e-02   
2.53500e+00   7.83400e-01   3.67159e-02   3.67159e-02   
2.82000e+00   8.00600e-01   3.62269e-02   3.62269e-02   
3.13000e+00   8.20900e-01   3.65431e-02   3.65431e-02   
3.46500e+00   8.24900e-01   3.62978e-02   3.62978e-02   
3.83000e+00   8.30300e-01   3.61820e-02   3.61820e-02   
4.22500e+00   8.27600e-01   3.57846e-02   3.57846e-02   
4.65500e+00   8.37200e-01   3.60403e-02   3.60403e-02   
5.12500e+00   8.29200e-01   3.55383e-02   3.55383e-02   
5.63500e+00   8.29700e-01   3.54935e-02   3.54935e-02   
6.18500e+00   8.43600e-01   3.60230e-02   3.60230e-02   
6.78000e+00   8.42600e-01   3.59173e-02   3.59173e-02   
7.42500e+00   8.34200e-01   3.55400e-02   3.55400e-02   
8.12000e+00   8.40800e-01   3.58162e-02   3.58162e-02   
8.87000e+00   8.50900e-01   3.62341e-02   3.62341e-02   
9.68000e+00   8.40500e-01   3.57483e-02   3.57483e-02   
1.05500e+01   8.38100e-01   3.57539e-02   3.57539e-02   
1.15000e+01   8.46500e-01   3.60526e-02   3.60526e-02   
1.25000e+01   8.35700e-01   3.56852e-02   3.56852e-02   
1.35500e+01   8.39100e-01   3.58529e-02   3.58529e-02   
1.47000e+01   8.30100e-01   3.55879e-02   3.55879e-02   
1.59500e+01   8.24300e-01   3.53386e-02   3.53386e-02   
1.73000e+01   8.34500e-01   3.58098e-02   3.58098e-02   
1.87500e+01   8.34100e-01   3.58422e-02   3.58422e-02   
2.03000e+01   8.30600e-01   3.58650e-02   3.58650e-02   
2.19500e+01   8.38700e-01   3.61836e-02   3.61836e-02   
2.37500e+01   8.46800e-01   3.66314e-02   3.66314e-02   
2.57000e+01   8.39600e-01   3.63960e-02   3.63960e-02   
2.77500e+01   8.42600e-01   3.66479e-02   3.66479e-02   
2.99500e+01   8.21600e-01   3.58434e-02   3.58434e-02   
3.23000e+01   8.23800e-01   3.60677e-02   3.60677e-02   
3.48000e+01   8.32300e-01   3.65800e-02   3.65800e-02   
3.75000e+01   8.22500e-01   3.63993e-02   3.63993e-02   
4.04000e+01   8.50600e-01   3.78423e-02   3.78423e-02   
4.35000e+01   8.30300e-01   3.71626e-02   3.71626e-02   
4.68000e+01   8.36200e-01   3.76315e-02   3.76315e-02   
5.03500e+01   8.38600e-01   3.80728e-02   3.80728e-02   
5.41500e+01   8.43100e-01   3.85889e-02   3.85889e-02   
5.82000e+01   8.34100e-01   3.84332e-02   3.84332e-02   
6.25500e+01   8.31000e-01   3.86646e-02   3.86646e-02   
6.72500e+01   8.41300e-01   3.95148e-02   3.95148e-02   
7.23000e+01   8.34000e-01   3.95310e-02   3.95310e-02   
7.77000e+01   8.65300e-01   4.14887e-02   4.14887e-02   
8.35000e+01   8.29600e-01   4.02351e-02   4.02351e-02   
8.97500e+01   8.35900e-01   4.10043e-02   4.10043e-02   
9.65000e+01   8.22700e-01   4.09016e-02   4.09016e-02   
1.04000e+02   8.38300e-01   4.20305e-02   4.20305e-02   
1.12000e+02   8.04600e-01   4.13347e-02   4.13347e-02   
1.20500e+02   8.25600e-01   4.27926e-02   4.27926e-02   
1.30000e+02   8.15400e-01   4.28896e-02   4.28896e-02   
1.41000e+02   8.50600e-01   4.50151e-02   4.50151e-02   
1.53500e+02   8.11800e-01   4.41748e-02   4.41748e-02   
1.67500e+02   8.09300e-01   4.49725e-02   4.49725e-02   
1.83500e+02   8.24900e-01   4.69127e-02   4.69127e-02   
2.01500e+02   8.19000e-01   4.77818e-02   4.77818e-02   
2.22000e+02   8.22300e-01   4.92231e-02   4.92231e-02   
2.46000e+02   8.40000e-01   5.15212e-02   5.15212e-02   
2.75000e+02   8.19300e-01   5.20281e-02   5.20281e-02   
3.10500e+02   8.13900e-01   5.29412e-02   5.29412e-02   
3.54500e+02   8.65100e-01   5.86976e-02   5.86976e-02   
4.10000e+02   8.81300e-01   6.33299e-02   6.33299e-02   
4.83000e+02   8.83800e-01   6.62700e-02   6.62700e-02   
5.92500e+02   7.70100e-01   5.95279e-02   5.95279e-02   
7.60000e+02   8.51700e-01   7.44542e-02   7.44542e-02   
1.03000e+03   8.57300e-01   8.35721e-02   8.35721e-02   
2.10000e+03   1.10380e+00   2.08961e-01   2.08961e-01   
