#Source: SSDC
#Ref: 10.1103/PhysRevLett.124.211102 (2020PhRvL.124u1102A)
#Experiment: AMS-02
#Quantity: Ne/O
#Units: rigidity(original)
#Url: https://tools.ssdc.asi.it/CosmicRays/
#Comments: 
2.27156e+00 1.53500e-01 5.57315e-03 5.57315e-03 9.00000e-04 9.00000e-04 
2.53140e+00 1.54400e-01 4.86621e-03 4.86621e-03 8.00000e-04 8.00000e-04 
2.81601e+00 1.54300e-01 4.66905e-03 4.66905e-03 8.00000e-04 8.00000e-04 
3.12591e+00 1.56900e-01 4.55412e-03 4.55412e-03 7.00000e-04 7.00000e-04 
3.46058e+00 1.60300e-01 4.55412e-03 4.55412e-03 7.00000e-04 7.00000e-04 
3.82528e+00 1.61500e-01 4.55412e-03 4.55412e-03 7.00000e-04 7.00000e-04 
4.22002e+00 1.62600e-01 4.45533e-03 4.45533e-03 7.00000e-04 7.00000e-04 
4.64956e+00 1.65800e-01 4.55412e-03 4.55412e-03 7.00000e-04 7.00000e-04 
5.11914e+00 1.66500e-01 4.53982e-03 4.53982e-03 6.00000e-04 6.00000e-04 
5.62877e+00 1.67800e-01 4.53982e-03 4.53982e-03 6.00000e-04 6.00000e-04 
6.17843e+00 1.70000e-01 4.53982e-03 4.53982e-03 6.00000e-04 6.00000e-04 
6.77291e+00 1.70800e-01 4.63897e-03 4.63897e-03 6.00000e-04 6.00000e-04 
7.41744e+00 1.70400e-01 4.63897e-03 4.63897e-03 6.00000e-04 6.00000e-04 
8.11202e+00 1.72300e-01 4.63897e-03 4.63897e-03 6.00000e-04 6.00000e-04 
8.86142e+00 1.74600e-01 4.75184e-03 4.75184e-03 7.00000e-04 7.00000e-04 
9.67088e+00 1.72700e-01 4.65296e-03 4.65296e-03 7.00000e-04 7.00000e-04 
1.05404e+01 1.73800e-01 4.75184e-03 4.75184e-03 7.00000e-04 7.00000e-04 
1.14891e+01 1.73800e-01 4.75184e-03 4.75184e-03 7.00000e-04 7.00000e-04 
1.24900e+01 1.71200e-01 4.66905e-03 4.66905e-03 8.00000e-04 8.00000e-04 
1.35388e+01 1.72300e-01 4.66905e-03 4.66905e-03 8.00000e-04 8.00000e-04 
1.46877e+01 1.72200e-01 4.68722e-03 4.68722e-03 9.00000e-04 9.00000e-04 
1.59367e+01 1.70000e-01 4.68722e-03 4.68722e-03 9.00000e-04 9.00000e-04 
1.72858e+01 1.71600e-01 4.68722e-03 4.68722e-03 9.00000e-04 9.00000e-04 
1.87350e+01 1.71600e-01 4.70744e-03 4.70744e-03 1.00000e-03 1.00000e-03 
2.02842e+01 1.69400e-01 4.70744e-03 4.70744e-03 1.00000e-03 1.00000e-03 
2.19335e+01 1.70200e-01 4.70744e-03 4.70744e-03 1.00000e-03 1.00000e-03 
2.37310e+01 1.72000e-01 4.80521e-03 4.80521e-03 1.00000e-03 1.00000e-03 
2.56805e+01 1.70700e-01 4.80521e-03 4.80521e-03 1.00000e-03 1.00000e-03 
2.77301e+01 1.71600e-01 4.82701e-03 4.82701e-03 1.10000e-03 1.10000e-03 
2.99279e+01 1.67300e-01 4.72969e-03 4.72969e-03 1.10000e-03 1.10000e-03 
3.22777e+01 1.67600e-01 4.75395e-03 4.75395e-03 1.20000e-03 1.20000e-03 
3.47757e+01 1.69700e-01 4.85077e-03 4.85077e-03 1.20000e-03 1.20000e-03 
3.74739e+01 1.66300e-01 4.78017e-03 4.78017e-03 1.30000e-03 1.30000e-03 
4.03721e+01 1.70300e-01 5.00000e-03 5.00000e-03 1.40000e-03 1.40000e-03 
4.34706e+01 1.69000e-01 5.02892e-03 5.02892e-03 1.50000e-03 1.50000e-03 
4.67691e+01 1.66800e-01 4.96488e-03 4.96488e-03 1.60000e-03 1.60000e-03 
5.03160e+01 1.67200e-01 5.05964e-03 5.05964e-03 1.60000e-03 1.60000e-03 
5.41149e+01 1.67700e-01 5.12640e-03 5.12640e-03 1.80000e-03 1.80000e-03 
5.81621e+01 1.67100e-01 5.16236e-03 5.16236e-03 1.90000e-03 1.90000e-03 
6.25095e+01 1.64300e-01 5.10784e-03 5.10784e-03 2.00000e-03 2.00000e-03 
6.72054e+01 1.66000e-01 5.23927e-03 5.23927e-03 2.10000e-03 2.10000e-03 
7.22532e+01 1.66300e-01 5.41295e-03 5.41295e-03 2.30000e-03 2.30000e-03 
7.76495e+01 1.66600e-01 5.45619e-03 5.45619e-03 2.40000e-03 2.40000e-03 
8.34461e+01 1.63500e-01 5.41202e-03 5.41202e-03 2.50000e-03 2.50000e-03 
8.96911e+01 1.63700e-01 5.59464e-03 5.59464e-03 2.70000e-03 2.70000e-03 
9.64365e+01 1.62700e-01 5.64358e-03 5.64358e-03 2.80000e-03 2.80000e-03 
1.03923e+02 1.61400e-01 5.69386e-03 5.69386e-03 2.90000e-03 2.90000e-03 
1.11929e+02 1.57500e-01 5.76888e-03 5.76888e-03 3.20000e-03 3.20000e-03 
1.20416e+02 1.61300e-01 5.90762e-03 5.90762e-03 3.30000e-03 3.30000e-03 
1.29904e+02 1.59800e-01 6.02163e-03 6.02163e-03 3.50000e-03 3.50000e-03 
1.40872e+02 1.64100e-01 6.24260e-03 6.24260e-03 3.60000e-03 3.60000e-03 
1.53362e+02 1.57100e-01 6.20081e-03 6.20081e-03 3.80000e-03 3.80000e-03 
1.67332e+02 1.53200e-01 6.26259e-03 6.26259e-03 3.90000e-03 3.90000e-03 
1.83303e+02 1.53700e-01 6.45368e-03 6.45368e-03 4.20000e-03 4.20000e-03 
2.01276e+02 1.54200e-01 6.72681e-03 6.72681e-03 4.50000e-03 4.50000e-03 
2.21727e+02 1.55200e-01 6.93542e-03 6.93542e-03 4.70000e-03 4.70000e-03 
2.45656e+02 1.58800e-01 7.35527e-03 7.35527e-03 5.10000e-03 5.10000e-03 
2.74534e+02 1.48500e-01 7.14213e-03 7.14213e-03 5.10000e-03 5.10000e-03 
3.09887e+02 1.54800e-01 7.71038e-03 7.71038e-03 5.60000e-03 5.60000e-03 
3.53652e+02 1.56400e-01 8.06598e-03 8.06598e-03 5.90000e-03 5.90000e-03 
4.08826e+02 1.53400e-01 8.50412e-03 8.50412e-03 6.40000e-03 6.40000e-03 
4.81170e+02 1.60400e-01 9.28493e-03 9.28493e-03 7.00000e-03 7.00000e-03 
5.88643e+02 1.52900e-01 9.35094e-03 9.35094e-03 7.00000e-03 7.00000e-03 
7.53392e+02 1.47600e-01 1.02176e-02 1.02176e-02 7.80000e-03 7.80000e-03 
1.01587e+03 1.54200e-01 1.19670e-02 1.19670e-02 8.90000e-03 8.90000e-03 
1.89737e+03 1.79800e-01 2.55486e-02 2.55486e-02 2.32000e-02 2.32000e-02 
