# credit: SSDC Cosmic Ray Database tools.asdc.asi.it/CosmicRays 
# rigidity [GV] - flux [] - flux_error_low [] - flux_error_high [] 
2.27500e+00   1.53500e-01   7.78653e-03   7.78653e-03   
2.53500e+00   1.54400e-01   6.86804e-03   6.86804e-03   
2.82000e+00   1.54300e-01   6.50000e-03   6.50000e-03   
3.13000e+00   1.56900e-01   6.37730e-03   6.37730e-03   
3.46500e+00   1.60300e-01   6.42729e-03   6.42729e-03   
3.83000e+00   1.61500e-01   6.41093e-03   6.41093e-03   
4.22500e+00   1.62600e-01   6.32614e-03   6.32614e-03   
4.65500e+00   1.65800e-01   6.38279e-03   6.38279e-03   
5.12500e+00   1.66500e-01   6.36082e-03   6.36082e-03   
5.63500e+00   1.67800e-01   6.42028e-03   6.42028e-03   
6.18500e+00   1.70000e-01   6.42028e-03   6.42028e-03   
6.78000e+00   1.70800e-01   6.48228e-03   6.48228e-03   
7.42500e+00   1.70400e-01   6.48228e-03   6.48228e-03   
8.12000e+00   1.72300e-01   6.54523e-03   6.54523e-03   
8.87000e+00   1.74600e-01   6.69552e-03   6.69552e-03   
9.68000e+00   1.72700e-01   6.55515e-03   6.55515e-03   
1.05500e+01   1.73800e-01   6.62571e-03   6.62571e-03   
1.15000e+01   1.73800e-01   6.62571e-03   6.62571e-03   
1.25000e+01   1.71200e-01   6.56125e-03   6.56125e-03   
1.35500e+01   1.72300e-01   6.56658e-03   6.56658e-03   
1.47000e+01   1.72200e-01   6.57951e-03   6.57951e-03   
1.59500e+01   1.70000e-01   6.57951e-03   6.57951e-03   
1.73000e+01   1.71600e-01   6.57951e-03   6.57951e-03   
1.87500e+01   1.71600e-01   6.59394e-03   6.59394e-03   
2.03000e+01   1.69400e-01   6.59394e-03   6.59394e-03   
2.19500e+01   1.70200e-01   6.59394e-03   6.59394e-03   
2.37500e+01   1.72000e-01   6.74018e-03   6.74018e-03   
2.57000e+01   1.70700e-01   6.67083e-03   6.67083e-03   
2.77500e+01   1.71600e-01   6.75574e-03   6.75574e-03   
2.99500e+01   1.67300e-01   6.61665e-03   6.61665e-03   
3.23000e+01   1.67600e-01   6.64229e-03   6.64229e-03   
3.48000e+01   1.69700e-01   6.78086e-03   6.78086e-03   
3.75000e+01   1.66300e-01   6.66108e-03   6.66108e-03   
4.04000e+01   1.70300e-01   6.89783e-03   6.89783e-03   
4.35000e+01   1.69000e-01   6.91881e-03   6.91881e-03   
4.68000e+01   1.66800e-01   6.87241e-03   6.87241e-03   
5.03500e+01   1.67200e-01   6.94118e-03   6.94118e-03   
5.41500e+01   1.67700e-01   7.00071e-03   7.00071e-03   
5.82000e+01   1.67100e-01   7.02709e-03   7.02709e-03   
6.25500e+01   1.64300e-01   6.98713e-03   6.98713e-03   
6.72500e+01   1.66000e-01   7.15052e-03   7.15052e-03   
7.23000e+01   1.66300e-01   7.29040e-03   7.29040e-03   
7.77000e+01   1.66600e-01   7.32257e-03   7.32257e-03   
8.35000e+01   1.63500e-01   7.28972e-03   7.28972e-03   
8.97500e+01   1.63700e-01   7.42630e-03   7.42630e-03   
9.65000e+01   1.62700e-01   7.46391e-03   7.46391e-03   
1.04000e+02   1.61400e-01   7.50200e-03   7.50200e-03   
1.12000e+02   1.57500e-01   7.49600e-03   7.49600e-03   
1.20500e+02   1.61300e-01   7.72852e-03   7.72852e-03   
1.30000e+02   1.59800e-01   7.75371e-03   7.75371e-03   
1.41000e+02   1.64100e-01   8.06102e-03   8.06102e-03   
1.53500e+02   1.57100e-01   7.89367e-03   7.89367e-03   
1.67500e+02   1.53200e-01   7.94229e-03   7.94229e-03   
1.83500e+02   1.53700e-01   8.10555e-03   8.10555e-03   
2.01500e+02   1.54200e-01   8.38272e-03   8.38272e-03   
2.22000e+02   1.55200e-01   8.62032e-03   8.62032e-03   
2.46000e+02   1.58800e-01   9.08735e-03   9.08735e-03   
2.75000e+02   1.48500e-01   8.74414e-03   8.74414e-03   
3.10500e+02   1.54800e-01   9.40479e-03   9.40479e-03   
3.54500e+02   1.56400e-01   9.78366e-03   9.78366e-03   
4.10000e+02   1.53400e-01   1.01828e-02   1.01828e-02   
4.83000e+02   1.60400e-01   1.11391e-02   1.11391e-02   
5.92500e+02   1.52900e-01   1.12152e-02   1.12152e-02   
7.60000e+02   1.47600e-01   1.21643e-02   1.21643e-02   
1.03000e+03   1.54200e-01   1.44149e-02   1.44149e-02   
2.10000e+03   1.79800e-01   2.77213e-02   2.77213e-02   
