#Source: SSDC
#Ref: 10.1016/j.physrep.2020.09.003 (2021PhR...894....1A)
#Experiment: AMS-02
#Quantity: N/O
#Units: rigidity(original)
#Url: https://tools.ssdc.asi.it/CosmicRays/
#Comments: 
2.27156e+00 2.84600e-01 8.18841e-03 8.18841e-03 1.20000e-03 1.20000e-03 
2.53140e+00 2.93800e-01 7.77817e-03 7.77817e-03 1.10000e-03 1.10000e-03 
2.81601e+00 2.96400e-01 7.36817e-03 7.36817e-03 1.00000e-03 1.00000e-03 
3.12591e+00 2.98300e-01 7.07107e-03 7.07107e-03 1.00000e-03 1.00000e-03 
3.46058e+00 3.01600e-01 6.97209e-03 6.97209e-03 1.00000e-03 1.00000e-03 
3.82528e+00 2.99300e-01 6.76018e-03 6.76018e-03 9.00000e-04 9.00000e-04 
4.22002e+00 2.99500e-01 6.56201e-03 6.56201e-03 9.00000e-04 9.00000e-04 
4.64956e+00 2.98200e-01 6.46297e-03 6.46297e-03 9.00000e-04 9.00000e-04 
5.11914e+00 2.94300e-01 6.35059e-03 6.35059e-03 8.00000e-04 8.00000e-04 
5.62877e+00 2.92900e-01 6.35059e-03 6.35059e-03 8.00000e-04 8.00000e-04 
6.17843e+00 2.88700e-01 6.25140e-03 6.25140e-03 8.00000e-04 8.00000e-04 
6.77291e+00 2.85700e-01 6.15224e-03 6.15224e-03 8.00000e-04 8.00000e-04 
7.41744e+00 2.81800e-01 6.05310e-03 6.05310e-03 8.00000e-04 8.00000e-04 
8.11202e+00 2.77700e-01 6.05310e-03 6.05310e-03 8.00000e-04 8.00000e-04 
8.86142e+00 2.74100e-01 5.95399e-03 5.95399e-03 8.00000e-04 8.00000e-04 
9.67088e+00 2.70700e-01 5.95399e-03 5.95399e-03 8.00000e-04 8.00000e-04 
1.05404e+01 2.68100e-01 5.96825e-03 5.96825e-03 9.00000e-04 9.00000e-04 
1.14891e+01 2.64300e-01 5.86941e-03 5.86941e-03 9.00000e-04 9.00000e-04 
1.24900e+01 2.58200e-01 5.77062e-03 5.77062e-03 9.00000e-04 9.00000e-04 
1.35388e+01 2.57000e-01 5.78705e-03 5.78705e-03 1.00000e-03 1.00000e-03 
1.46877e+01 2.53900e-01 5.68859e-03 5.68859e-03 1.00000e-03 1.00000e-03 
1.59367e+01 2.50300e-01 5.68859e-03 5.68859e-03 1.00000e-03 1.00000e-03 
1.72858e+01 2.47900e-01 5.70701e-03 5.70701e-03 1.10000e-03 1.10000e-03 
1.87350e+01 2.40700e-01 5.60892e-03 5.60892e-03 1.10000e-03 1.10000e-03 
2.02842e+01 2.39200e-01 5.51090e-03 5.51090e-03 1.10000e-03 1.10000e-03 
2.19335e+01 2.35300e-01 5.51090e-03 5.51090e-03 1.10000e-03 1.10000e-03 
2.37310e+01 2.30200e-01 5.41295e-03 5.41295e-03 1.10000e-03 1.10000e-03 
2.56805e+01 2.25400e-01 5.41295e-03 5.41295e-03 1.10000e-03 1.10000e-03 
2.77301e+01 2.22500e-01 5.33667e-03 5.33667e-03 1.20000e-03 1.20000e-03 
2.99279e+01 2.19600e-01 5.33667e-03 5.33667e-03 1.20000e-03 1.20000e-03 
3.22777e+01 2.13000e-01 5.23927e-03 5.23927e-03 1.20000e-03 1.20000e-03 
3.47757e+01 2.11700e-01 5.26308e-03 5.26308e-03 1.30000e-03 1.30000e-03 
3.74739e+01 2.07400e-01 5.26308e-03 5.26308e-03 1.30000e-03 1.30000e-03 
4.03721e+01 2.04300e-01 5.19230e-03 5.19230e-03 1.40000e-03 1.40000e-03 
4.34706e+01 2.02500e-01 5.22015e-03 5.22015e-03 1.50000e-03 1.50000e-03 
4.67691e+01 1.96300e-01 5.15461e-03 5.15461e-03 1.60000e-03 1.60000e-03 
5.03160e+01 1.94400e-01 5.18652e-03 5.18652e-03 1.70000e-03 1.70000e-03 
5.41149e+01 1.85600e-01 5.09215e-03 5.09215e-03 1.70000e-03 1.70000e-03 
5.81621e+01 1.85400e-01 5.22015e-03 5.22015e-03 1.80000e-03 1.80000e-03 
6.25095e+01 1.83600e-01 5.25547e-03 5.25547e-03 1.90000e-03 1.90000e-03 
6.72054e+01 1.78600e-01 5.20000e-03 5.20000e-03 2.00000e-03 2.00000e-03 
7.22532e+01 1.75000e-01 5.23927e-03 5.23927e-03 2.10000e-03 2.10000e-03 
7.76495e+01 1.75100e-01 5.32259e-03 5.32259e-03 2.30000e-03 2.30000e-03 
8.34461e+01 1.71700e-01 5.36656e-03 5.36656e-03 2.40000e-03 2.40000e-03 
8.96911e+01 1.71000e-01 5.41202e-03 5.41202e-03 2.50000e-03 2.50000e-03 
9.64365e+01 1.69900e-01 5.59464e-03 5.59464e-03 2.70000e-03 2.70000e-03 
1.03923e+02 1.62700e-01 5.42033e-03 5.42033e-03 2.70000e-03 2.70000e-03 
1.11929e+02 1.57500e-01 5.52268e-03 5.52268e-03 2.90000e-03 2.90000e-03 
1.20416e+02 1.59500e-01 5.71402e-03 5.71402e-03 3.10000e-03 3.10000e-03 
1.29904e+02 1.51300e-01 5.54707e-03 5.54707e-03 3.10000e-03 3.10000e-03 
1.40872e+02 1.48800e-01 5.54707e-03 5.54707e-03 3.10000e-03 3.10000e-03 
1.53362e+02 1.56400e-01 6.02163e-03 6.02163e-03 3.50000e-03 3.50000e-03 
1.67332e+02 1.47900e-01 5.92030e-03 5.92030e-03 3.60000e-03 3.60000e-03 
1.83303e+02 1.46900e-01 6.06053e-03 6.06053e-03 3.70000e-03 3.70000e-03 
2.01276e+02 1.36700e-01 5.96657e-03 5.96657e-03 3.80000e-03 3.80000e-03 
2.21727e+02 1.47200e-01 6.52993e-03 6.52993e-03 4.20000e-03 4.20000e-03 
2.45656e+02 1.45300e-01 6.72681e-03 6.72681e-03 4.50000e-03 4.50000e-03 
2.74534e+02 1.37100e-01 6.57951e-03 6.57951e-03 4.50000e-03 4.50000e-03 
3.09887e+02 1.40500e-01 7.00357e-03 7.00357e-03 4.80000e-03 4.80000e-03 
3.53652e+02 1.43900e-01 7.49667e-03 7.49667e-03 5.20000e-03 5.20000e-03 
4.08826e+02 1.35600e-01 7.56637e-03 7.56637e-03 5.40000e-03 5.40000e-03 
4.81170e+02 1.33200e-01 7.99312e-03 7.99312e-03 5.80000e-03 5.80000e-03 
5.88643e+02 1.28100e-01 8.13204e-03 8.13204e-03 5.80000e-03 5.80000e-03 
7.62102e+02 1.21600e-01 8.69770e-03 8.69770e-03 6.20000e-03 6.20000e-03 
1.06958e+03 1.25200e-01 1.03325e-02 1.03325e-02 7.00000e-03 7.00000e-03 
2.07123e+03 1.43000e-01 2.04012e-02 2.04012e-02 1.85000e-02 1.85000e-02 
