#Source: CRDB
#Ref: 10.1134/S002136402007005X (2020JETPL.111..363K)
#Experiment: NUCLEON
#Y Quantity: H_He
#X Quantity: rigidity
#Url: https://lpsc.in2p3.fr/crdb
#Comments: 
#Colums: x, y, y statistical errors, y systematic errors
3.150e+03 3.470e+00 9.000e-02 9.000e-02 0.000e+00 0.000e+00 
5.000e+03 3.210e+00 1.100e-01 1.100e-01 0.000e+00 0.000e+00 
8.000e+03 3.040e+00 1.100e-01 1.100e-01 0.000e+00 0.000e+00 
1.250e+04 2.910e+00 1.300e-01 1.300e-01 0.000e+00 0.000e+00 
2.000e+04 2.890e+00 1.400e-01 1.400e-01 0.000e+00 0.000e+00 
3.150e+04 2.830e+00 1.300e-01 1.300e-01 0.000e+00 0.000e+00 
5.000e+04 2.820e+00 1.500e-01 1.500e-01 0.000e+00 0.000e+00 
8.000e+04 2.720e+00 2.100e-01 2.100e-01 0.000e+00 0.000e+00 
1.250e+05 2.730e+00 2.500e-01 2.500e-01 0.000e+00 0.000e+00 
2.000e+05 2.680e+00 3.000e-01 3.000e-01 0.000e+00 0.000e+00 
3.150e+05 2.600e+00 4.700e-01 4.700e-01 0.000e+00 0.000e+00 
