#Source: CRDB
#Ref: 10.1016/j.asr.2019.10.004 (2019AdSpR..64.2546G)
#Experiment: NUCLEON
#Y Quantity: He
#X Quantity: totalEnergy
#Url: https://lpsc.in2p3.fr/crdb
#Comments: From Table 2
#Colums: x, y, y total errors, y statistical errors
7.940e+05 2.310e-12 4.510e-13 4.510e-13 1.540e-12 1.540e-12 
5.010e+05 8.070e-12 9.320e-13 9.320e-13 4.010e-12 4.010e-12 
3.160e+05 2.740e-11 2.190e-12 2.190e-12 9.570e-12 9.570e-12 
2.000e+05 9.680e-11 5.390e-12 5.390e-12 2.520e-11 2.520e-11 
1.260e+05 3.260e-10 1.430e-11 1.430e-11 6.210e-11 6.210e-11 
7.940e+04 1.090e-09 3.400e-11 3.400e-11 1.700e-10 1.700e-10 
5.010e+04 3.640e-09 9.220e-11 9.220e-11 4.800e-10 4.800e-10 
3.160e+04 1.140e-08 2.110e-10 2.110e-10 1.410e-09 1.410e-09 
2.000e+04 3.610e-08 5.220e-10 5.220e-10 4.220e-09 4.220e-09 
1.260e+04 1.080e-07 1.140e-09 1.140e-09 1.230e-08 1.230e-08 
7.940e+03 3.280e-07 2.830e-09 2.830e-09 3.700e-08 3.700e-08 
5.010e+03 9.490e-07 6.240e-09 6.240e-09 1.060e-07 1.060e-07 
3.160e+03 2.790e-06 1.430e-08 1.430e-08 3.120e-07 3.120e-07 
