#Source: CRDB
#Ref: 10.1016/j.asr.2019.10.004 (2019AdSpR..64.2546G)
#Experiment: NUCLEON
#Y Quantity: allParticle
#X Quantity: totalEnergy
#Url: https://lpsc.in2p3.fr/crdb
#Comments: 
#Colums: x, y, y total errors, y statistical errors
7.940e+05 6.070e-12 2.817e-12 2.817e-12 6.120e-13 6.120e-13 
5.010e+05 2.290e-11 7.030e-12 7.030e-12 1.490e-12 1.490e-12 
3.160e+05 8.170e-11 1.872e-11 1.872e-11 3.920e-12 3.920e-12 
2.000e+05 2.900e-10 5.176e-11 5.176e-11 9.380e-12 9.380e-12 
1.260e+05 9.940e-10 1.502e-10 1.502e-10 2.550e-11 2.550e-11 
7.940e+04 3.320e-09 4.321e-10 4.321e-10 5.910e-11 5.910e-11 
5.010e+04 1.110e-08 1.330e-09 1.330e-09 1.590e-10 1.590e-10 
3.160e+04 3.540e-08 4.117e-09 4.117e-09 3.690e-10 3.690e-10 
2.000e+04 1.140e-07 1.294e-08 1.294e-08 9.580e-10 9.580e-10 
1.260e+04 3.450e-07 3.886e-08 3.886e-08 2.140e-09 2.140e-09 
7.940e+03 1.050e-06 1.171e-07 1.171e-07 5.140e-09 5.140e-09 
