#Source: CRDB
#Ref:  ()
#Experiment: AMS-02
#Quantity: O
#Units: total energy
#Url: https://lpsc.in2p3.fr/crdb
#Comments: converted from original table
9.63443e+02 2.72890e-05 1.57171e-06 1.57171e-06 7.49952e-07 7.49952e-07 
8.95553e+02 3.31968e-05 1.88723e-06 1.88723e-06 8.91469e-07 8.91469e-07 
8.31518e+02 4.04145e-05 2.24396e-06 2.24396e-06 9.65122e-07 9.65122e-07 
7.71636e+02 4.91901e-05 2.71316e-06 2.71316e-06 1.15445e-06 1.15445e-06 
7.17684e+02 6.01866e-05 3.25409e-06 3.25409e-06 1.31296e-06 1.31296e-06 
6.67735e+02 7.33583e-05 3.91414e-06 3.91414e-06 1.48185e-06 1.48185e-06 
6.21375e+02 8.88888e-05 4.70614e-06 4.70614e-06 1.72538e-06 1.72538e-06 
5.78218e+02 1.07477e-04 5.64772e-06 5.64772e-06 1.97384e-06 1.97384e-06 
5.37850e+02 1.31503e-04 6.82116e-06 6.82116e-06 2.26633e-06 2.26633e-06 
5.00299e+02 1.60189e-04 8.19176e-06 8.19176e-06 2.57711e-06 2.57711e-06 
4.65536e+02 1.93315e-04 9.85447e-06 9.85447e-06 2.96276e-06 2.96276e-06 
4.33176e+02 2.35968e-04 1.19334e-05 1.19334e-05 3.39306e-06 3.39306e-06 
4.02804e+02 2.86500e-04 1.43566e-05 1.43566e-05 3.84534e-06 3.84534e-06 
3.74450e+02 3.47166e-04 1.72144e-05 1.72144e-05 4.39310e-06 4.39310e-06 
3.48084e+02 4.19585e-04 2.07011e-05 2.07011e-05 5.03451e-06 5.03451e-06 
3.23322e+02 5.06936e-04 2.48113e-05 2.48113e-05 5.71385e-06 5.71385e-06 
1.51789e+04 1.94002e-08 4.56368e-09 4.56368e-09 4.10981e-09 4.10981e-09 
8.12701e+03 9.62057e-08 1.14328e-08 1.14328e-08 7.86976e-09 7.86976e-09 
6.02716e+03 2.04983e-07 2.04929e-08 2.04929e-08 1.41598e-08 1.41598e-08 
4.70916e+03 3.83031e-07 3.39718e-08 3.39718e-08 2.31251e-08 2.31251e-08 
3.84939e+03 6.45928e-07 5.54427e-08 5.54427e-08 3.91878e-08 3.91878e-08 
3.27065e+03 1.01687e-06 8.11333e-08 8.11333e-08 5.56612e-08 5.56612e-08 
2.82926e+03 1.50679e-06 1.15155e-07 1.15155e-07 7.80468e-08 7.80468e-08 
2.47914e+03 2.13394e-06 1.57503e-07 1.57503e-07 1.04613e-07 1.04613e-07 
2.19632e+03 2.96891e-06 2.10345e-07 2.10345e-07 1.35306e-07 1.35306e-07 
1.96531e+03 3.93582e-06 2.68679e-07 2.68679e-07 1.66332e-07 1.66332e-07 
1.77388e+03 5.20600e-06 3.50386e-07 3.50386e-07 2.15352e-07 2.15352e-07 
1.61028e+03 6.80642e-06 4.41281e-07 4.41281e-07 2.60324e-07 2.60324e-07 
1.46650e+03 8.68885e-06 5.47602e-07 5.47602e-07 3.09100e-07 3.09100e-07 
1.33874e+03 1.10413e-05 6.76160e-07 6.76160e-07 3.64147e-07 3.64147e-07 
1.22699e+03 1.39187e-05 8.40622e-07 8.40622e-07 4.46432e-07 4.46432e-07 
1.12708e+03 1.77357e-05 1.05550e-06 1.05550e-06 5.42411e-07 5.42411e-07 
1.03934e+03 2.21049e-05 1.29434e-06 1.29434e-06 6.46380e-07 6.46380e-07 
2.35166e+01 2.49705e-01 2.08307e-02 2.08307e-02 2.18828e-03 2.18828e-03 
2.51578e+01 2.20972e-01 1.33422e-02 1.33422e-02 1.73916e-03 1.73916e-03 
2.70254e+01 1.93805e-01 1.02494e-02 1.02494e-02 1.35483e-03 1.35483e-03 
2.91240e+01 1.66947e-01 8.56318e-03 8.56318e-03 1.15750e-03 1.15750e-03 
3.14532e+01 1.42442e-01 7.06178e-03 7.06178e-03 9.04998e-04 9.04998e-04 
3.40495e+01 1.20931e-01 5.90061e-03 5.90061e-03 7.54379e-04 7.54379e-04 
3.69136e+01 1.01747e-01 4.86840e-03 4.86840e-03 5.62373e-04 5.62373e-04 
4.00806e+01 8.50485e-02 4.04979e-03 4.04979e-03 4.80578e-04 4.80578e-04 
4.35895e+01 7.08639e-02 3.35612e-03 3.35612e-03 3.92932e-04 3.92932e-04 
4.74403e+01 5.87665e-02 2.77168e-03 2.77168e-03 3.24386e-04 3.24386e-04 
5.16326e+01 4.86124e-02 2.29172e-03 2.29172e-03 2.63529e-04 2.63529e-04 
5.62021e+01 4.00805e-02 1.88472e-03 1.88472e-03 2.13618e-04 2.13618e-04 
6.11884e+01 3.28141e-02 1.54105e-03 1.54105e-03 1.70971e-04 1.70971e-04 
6.65907e+01 2.69520e-02 1.26029e-03 1.26029e-03 1.44306e-04 1.44306e-04 
7.24458e+01 2.20766e-02 1.03393e-03 1.03393e-03 1.17057e-04 1.17057e-04 
7.87938e+01 1.80578e-02 8.47351e-04 8.47351e-04 9.95488e-05 9.95488e-05 
3.00162e+02 6.21430e-04 3.03268e-05 3.03268e-05 6.48420e-06 6.48420e-06 
2.78605e+02 7.51818e-04 3.64781e-05 3.64781e-05 7.46396e-06 7.46396e-06 
2.58652e+02 9.16355e-04 4.43100e-05 4.43100e-05 8.84334e-06 8.84334e-06 
2.39888e+02 1.11251e-03 5.35886e-05 5.35886e-05 9.93888e-06 9.93888e-06 
2.22342e+02 1.34637e-03 6.44259e-05 6.44259e-05 1.20848e-05 1.20848e-05 
2.05985e+02 1.64304e-03 7.88748e-05 7.88748e-05 1.39728e-05 1.39728e-05 
1.90434e+02 2.01152e-03 9.63086e-05 9.63086e-05 1.68429e-05 1.68429e-05 
1.76102e+02 2.46282e-03 1.17691e-04 1.17691e-04 2.04990e-05 2.04990e-05 
1.62959e+02 2.99914e-03 1.43154e-04 1.43154e-04 2.43620e-05 2.43620e-05 
1.50621e+02 3.65801e-03 1.73146e-04 1.73146e-04 2.79816e-05 2.79816e-05 
1.39090e+02 4.45016e-03 2.10521e-04 2.10521e-04 3.38140e-05 3.38140e-05 
1.28364e+02 5.44579e-03 2.57875e-04 2.57875e-04 4.05269e-05 4.05269e-05 
1.18446e+02 6.62221e-03 3.12686e-04 3.12686e-04 4.54801e-05 4.54801e-05 
1.09334e+02 8.10696e-03 3.83309e-04 3.83309e-04 5.55767e-05 5.55767e-05 
1.01028e+02 9.87849e-03 4.68892e-04 4.68892e-04 6.79429e-05 6.79429e-05 
9.31172e+01 1.20462e-02 5.68268e-04 5.68268e-04 7.08960e-05 7.08960e-05 
8.56339e+01 1.47025e-02 6.89128e-04 6.89128e-04 8.47151e-05 8.47151e-05 
