#Source: SSDC
#Ref: 10.1016/j.physrep.2020.09.003 (2021PhR...894....1A)
#Experiment: AMS-02
#Quantity: O
#Units: rigidity(original)
#Url: https://tools.ssdc.asi.it/CosmicRays/
#Comments: 
2.27076e+00 1.58800e+00 5.40833e-02 5.40833e-02 3.00000e-03 3.00000e-03 
2.53056e+00 1.46900e+00 4.70956e-02 4.70956e-02 3.00000e-03 3.00000e-03 
2.81508e+00 1.33000e+00 4.00500e-02 4.00500e-02 2.00000e-03 2.00000e-03 
3.12495e+00 1.17000e+00 3.40588e-02 3.40588e-02 2.00000e-03 2.00000e-03 
3.45955e+00 1.01200e+00 2.90689e-02 2.90689e-02 2.00000e-03 2.00000e-03 
3.82418e+00 8.67400e-01 2.41350e-02 2.41350e-02 1.30000e-03 1.30000e-03 
4.21886e+00 7.37000e-01 2.02299e-02 2.02299e-02 1.10000e-03 1.10000e-03 
4.64829e+00 6.23500e-01 1.69239e-02 1.69239e-02 9.00000e-04 9.00000e-04 
5.11777e+00 5.26000e-01 1.42172e-02 1.42172e-02 7.00000e-04 7.00000e-04 
5.62731e+00 4.39700e-01 1.18152e-02 1.18152e-02 6.00000e-04 6.00000e-04 
6.17690e+00 3.66000e-01 9.81275e-03 9.81275e-03 5.00000e-04 5.00000e-04 
6.77126e+00 3.04200e-01 8.20975e-03 8.20975e-03 4.00000e-04 4.00000e-04 
7.41568e+00 2.51000e-01 6.70671e-03 6.70671e-03 3.00000e-04 3.00000e-04 
8.11015e+00 2.07400e-01 5.60803e-03 5.60803e-03 3.00000e-04 3.00000e-04 
8.85942e+00 1.70800e-01 4.60435e-03 4.60435e-03 2.00000e-04 2.00000e-04 
9.66876e+00 1.40400e-01 3.80526e-03 3.80526e-03 2.00000e-04 2.00000e-04 
1.05382e+01 1.14800e-01 3.10644e-03 3.10644e-03 2.00000e-04 2.00000e-04 
1.14866e+01 9.42400e-02 2.55441e-03 2.55441e-03 1.50000e-04 1.50000e-04 
1.24877e+01 7.75000e-02 2.10402e-03 2.10402e-03 1.30000e-04 1.30000e-04 
1.35362e+01 6.36600e-02 1.73349e-03 1.73349e-03 1.10000e-04 1.10000e-04 
1.46849e+01 5.20400e-02 1.41287e-03 1.41287e-03 9.00000e-05 9.00000e-05 
1.59337e+01 4.28000e-02 1.17273e-03 1.17273e-03 8.00000e-05 8.00000e-05 
1.72825e+01 3.49800e-02 9.52575e-04 9.52575e-04 7.00000e-05 7.00000e-05 
1.87315e+01 2.87600e-02 7.92275e-04 7.92275e-04 6.00000e-05 6.00000e-05 
2.02806e+01 2.35900e-02 6.51920e-04 6.51920e-04 5.00000e-05 5.00000e-05 
2.19297e+01 1.93900e-02 5.31507e-04 5.31507e-04 4.00000e-05 4.00000e-05 
2.37266e+01 1.58600e-02 4.41022e-04 4.41022e-04 3.00000e-05 3.00000e-05 
2.56760e+01 1.29700e-02 3.61248e-04 3.61248e-04 3.00000e-05 3.00000e-05 
2.77255e+01 1.06400e-02 2.90689e-04 2.90689e-04 2.00000e-05 2.00000e-05 
2.99228e+01 8.80100e-03 2.44902e-04 2.44902e-04 2.10000e-05 2.10000e-05 
3.22725e+01 7.25600e-03 2.02800e-04 2.02800e-04 1.80000e-05 1.80000e-05 
3.47700e+01 5.96200e-03 1.67672e-04 1.67672e-04 1.50000e-05 1.50000e-05 
3.74678e+01 4.93300e-03 1.38708e-04 1.38708e-04 1.40000e-05 1.40000e-05 
4.03656e+01 4.02700e-03 1.13635e-04 1.13635e-04 1.20000e-05 1.20000e-05 
4.34637e+01 3.33600e-03 9.45304e-05 9.45304e-05 1.00000e-05 1.00000e-05 
4.67619e+01 2.76100e-03 7.85175e-05 7.85175e-05 9.00000e-06 9.00000e-06 
5.03081e+01 2.28000e-03 6.54905e-05 6.54905e-05 8.00000e-06 8.00000e-06 
5.41067e+01 1.87700e-03 5.44518e-05 5.44518e-05 7.00000e-06 7.00000e-06 
5.81533e+01 1.53800e-03 4.44072e-05 4.44072e-05 6.00000e-06 6.00000e-06 
6.25001e+01 1.27400e-03 3.73363e-05 3.73363e-05 5.00000e-06 5.00000e-06 
6.71949e+01 1.04500e-03 3.04138e-05 3.04138e-05 5.00000e-06 5.00000e-06 
7.22423e+01 8.53500e-04 2.53340e-05 2.53340e-05 4.10000e-06 4.10000e-06 
7.76378e+01 7.05900e-04 2.11092e-05 2.11092e-05 3.60000e-06 3.60000e-06 
8.34335e+01 5.82800e-04 1.75935e-05 1.75935e-05 3.20000e-06 3.20000e-06 
8.96774e+01 4.78000e-04 1.45527e-05 1.45527e-05 2.70000e-06 2.70000e-06 
9.64217e+01 3.91000e-04 1.19436e-05 1.19436e-05 2.40000e-06 2.40000e-06 
1.03905e+02 3.21400e-04 9.90404e-06 9.90404e-06 2.00000e-06 2.00000e-06 
1.11912e+02 2.64200e-04 8.20000e-06 8.20000e-06 1.80000e-06 1.80000e-06 
1.20396e+02 2.17400e-04 6.88840e-06 6.88840e-06 1.60000e-06 1.60000e-06 
1.29881e+02 1.76200e-04 5.55428e-06 5.55428e-06 1.30000e-06 1.30000e-06 
1.40842e+02 1.41500e-04 4.53542e-06 4.53542e-06 1.10000e-06 1.10000e-06 
1.53330e+02 1.11100e-04 3.61386e-06 3.61386e-06 9.00000e-07 9.00000e-07 
1.67293e+02 8.81700e-05 2.91359e-06 2.91359e-06 7.70000e-07 7.70000e-07 
1.83257e+02 6.93800e-05 2.32964e-06 2.32964e-06 6.40000e-07 6.40000e-07 
2.01224e+02 5.43600e-05 1.86011e-06 1.86011e-06 5.40000e-07 5.40000e-07 
2.21664e+02 4.15500e-05 1.44845e-06 1.44845e-06 4.40000e-07 4.40000e-07 
2.45576e+02 3.14200e-05 1.11629e-06 1.11629e-06 3.50000e-07 3.50000e-07 
2.74426e+02 2.36900e-05 8.63308e-07 8.63308e-07 2.70000e-07 2.70000e-07 
3.09744e+02 1.70100e-05 6.45136e-07 6.45136e-07 2.10000e-07 2.10000e-07 
3.53455e+02 1.19900e-05 4.77598e-07 4.77598e-07 1.60000e-07 1.60000e-07 
4.08553e+02 8.08200e-06 3.37215e-07 3.37215e-07 1.15000e-07 1.15000e-07 
4.80744e+02 5.12100e-06 2.29055e-07 2.29055e-07 7.90000e-08 7.90000e-08 
5.80317e+02 3.17500e-06 1.56869e-07 1.56869e-07 5.20000e-08 5.20000e-08 
7.25736e+02 1.73500e-06 9.80306e-08 9.80306e-08 3.10000e-08 3.10000e-08 
9.60941e+02 8.72200e-07 5.90979e-08 5.90979e-08 1.70000e-08 1.70000e-08 
1.41726e+03 3.22400e-07 2.67067e-08 2.67067e-08 1.65000e-08 1.65000e-08 
2.30632e+03 8.98200e-08 1.05311e-08 1.05311e-08 6.52000e-09 6.52000e-09 
