#Source: 
#Ref: 110.1103/PhysRevLett.125.251102 (2020PhRvL.125y1102A)
#Experiment: CALET
#Quantity: O
#Units: total Energy
#Url: 
#Comments: 
1.79600e+02 1.54937e-03 1.92582e-04 7.45874e-05 5.62500e-06 5.62500e-06 
2.25753e+02 8.83750e-04 9.44267e-05 4.82264e-05 3.12500e-06 3.12500e-06 
2.84422e+02 4.98562e-04 5.02976e-05 2.49087e-05 2.18750e-06 2.18750e-06 
3.58486e+02 2.73375e-04 2.41018e-05 1.56854e-05 1.37500e-06 1.37500e-06 
4.50610e+02 1.48812e-04 9.78918e-06 9.91369e-06 8.75000e-07 8.75000e-07 
5.67421e+02 8.15625e-05 6.21302e-06 5.96409e-06 5.62500e-07 5.62500e-07 
7.14464e+02 4.42125e-05 3.32343e-06 3.22396e-06 3.37500e-07 3.37500e-07 
8.99608e+02 2.43812e-05 1.64585e-06 1.72022e-06 2.18750e-07 2.18750e-07 
1.13252e+03 1.33375e-05 8.61050e-07 9.22801e-07 1.37500e-07 1.37500e-07 
1.42571e+03 7.17500e-06 4.58428e-07 4.46164e-07 8.75000e-08 8.75000e-08 
1.79528e+03 3.90625e-06 2.90743e-07 2.34654e-07 5.75000e-08 5.75000e-08 
2.26020e+03 2.11500e-06 1.64055e-07 1.36767e-07 3.62500e-08 3.62500e-08 
2.84516e+03 1.14750e-06 8.88578e-08 6.80303e-08 2.37500e-08 2.37500e-08 
3.58180e+03 6.35625e-07 5.11928e-08 4.00488e-08 1.56250e-08 1.56250e-08 
4.50932e+03 3.48563e-07 2.80056e-08 2.68463e-08 1.02500e-08 1.02500e-08 
5.67671e+03 1.93000e-07 1.74907e-08 1.45351e-08 6.62500e-09 6.62500e-09 
7.14696e+03 1.13813e-07 1.17027e-08 9.56720e-09 4.62500e-09 4.62500e-09 
8.99788e+03 6.50000e-08 6.65442e-09 5.89624e-09 3.12500e-09 3.12500e-09 
1.13273e+04 3.59000e-08 3.09266e-09 3.69756e-09 2.02500e-09 2.02500e-09 
1.42598e+04 2.00563e-08 1.98944e-09 2.86114e-09 1.36875e-09 1.36875e-09 
1.79521e+04 1.09063e-08 1.22974e-09 1.75883e-09 8.31250e-10 8.31250e-10 
2.64250e+04 3.76375e-09 4.96391e-10 7.90870e-10 3.83125e-10 3.83125e-10 
