#Source: CRDB
#Ref: 10.1088/0004-637X/707/1/593 (2009ApJ...707..593A)
#Experiment: CREAM-II
#Quantity: O
#Units: total Energy
#Url: https://lpsc.in2p3.fr/crdb
#Comments: 
1.06017e+03 2.17500e-05 2.64351e-06 2.64351e-06 1.43750e-06 1.43750e-06 
1.99004e+03 3.01250e-06 3.44720e-07 3.44720e-07 1.56250e-07 1.56250e-07 
3.70589e+03 4.58125e-07 5.51948e-08 5.51948e-08 2.93750e-08 2.93750e-08 
6.43177e+03 1.18750e-07 1.61122e-08 1.61122e-08 1.06250e-08 1.06250e-08 
1.11714e+04 2.81875e-08 4.72534e-09 4.72534e-09 3.75000e-09 3.75000e-09 
1.93989e+04 7.81250e-09 1.75397e-09 1.75397e-09 1.56250e-09 1.56250e-09 
3.37040e+04 1.81250e-09 5.92102e-10 7.72450e-10 5.62500e-10 7.50000e-10 
5.85663e+04 5.18750e-10 2.08144e-10 3.07528e-10 2.06250e-10 3.06250e-10 
1.25911e+05 5.25000e-11 3.38689e-11 6.06913e-11 3.37500e-11 6.06250e-11 
