#Source: CRDB
#Ref: Ahn et al., ApJ 707, 593 (2009)
#Experiment: CREAM-II
#Quantity: O
#Units: kinetic Energy per nucleon
#Url: https://lpsc.in2p3.fr/crdb
#Comments: 
6.52917e+01 3.48000e-04 4.22962e-05 4.22962e-05 2.30000e-05 2.30000e-05 
1.23390e+02 4.82000e-05 5.51552e-06 5.51552e-06 2.50000e-06 2.50000e-06 
2.30651e+02 7.33000e-06 8.83117e-07 8.83117e-07 4.70000e-07 4.70000e-07 
4.01019e+02 1.90000e-06 2.57795e-07 2.57795e-07 1.70000e-07 1.70000e-07 
6.97245e+02 4.51000e-07 7.56054e-08 7.56054e-08 6.00000e-08 6.00000e-08 
1.21146e+03 1.25000e-07 2.80635e-08 2.80635e-08 2.50000e-08 2.50000e-08 
2.10553e+03 2.90000e-08 9.47364e-09 1.23592e-08 9.00000e-09 9.00000e-09 
3.65943e+03 8.30000e-09 3.33030e-09 4.92046e-09 3.30000e-09 3.30000e-09 
7.86837e+03 8.40000e-10 5.41902e-10 9.71060e-10 5.40000e-10 5.40000e-10 
