#Source: CRDB
#Ref: 10.1088/0004-637X/791/2/93 (2014ApJ...791...93A)
#Experiment: PAMELA
#Y Quantity: B_C
#X Quantity: rigidity
#Url: https://lpsc.in2p3.fr/crdb
#Comments: 
#Colums: x, y, y statistical errors, y systematic errors
2.193e+00 3.120e-01 9.000e-03 9.000e-03 2.100e-02 2.100e-02 
2.591e+00 3.170e-01 8.000e-03 8.000e-03 2.100e-02 2.100e-02 
3.083e+00 3.340e-01 8.000e-03 8.000e-03 2.200e-02 2.200e-02 
3.699e+00 3.350e-01 8.000e-03 8.000e-03 2.200e-02 2.200e-02 
4.474e+00 3.390e-01 8.000e-03 8.000e-03 2.200e-02 2.200e-02 
5.466e+00 3.120e-01 8.000e-03 8.000e-03 2.100e-02 2.100e-02 
6.742e+00 3.060e-01 8.000e-03 8.000e-03 2.100e-02 2.100e-02 
8.379e+00 2.830e-01 9.000e-03 9.000e-03 2.300e-02 2.300e-02 
1.051e+01 2.790e-01 1.000e-02 1.000e-02 2.300e-02 2.300e-02 
1.330e+01 2.610e-01 1.000e-02 1.000e-02 2.200e-02 2.200e-02 
1.693e+01 2.430e-01 1.100e-02 1.100e-02 2.100e-02 2.100e-02 
2.163e+01 2.420e-01 1.300e-02 1.300e-02 2.100e-02 2.100e-02 
2.778e+01 2.240e-01 1.500e-02 1.500e-02 2.000e-02 2.000e-02 
3.585e+01 1.960e-01 1.800e-02 1.800e-02 1.800e-02 1.800e-02 
4.646e+01 1.700e-01 2.000e-02 2.000e-02 1.600e-02 1.600e-02 
6.881e+01 1.410e-01 1.800e-02 1.800e-02 1.000e-02 1.000e-02 
1.166e+02 1.300e-01 3.000e-02 3.000e-02 9.000e-03 9.000e-03 
1.988e+02 1.100e-01 3.000e-02 3.000e-02 8.000e-03 8.000e-03 
