#Source: CRDB
#Ref: 10.1126/science.1199172 (2011Sci...332...69A)
#Experiment: PAMELA
#Y Quantity: H
#X Quantity: totalEnergy
#Url: https://lpsc.in2p3.fr/crdb
#Comments: converted from original table in rigidity
#Colums: x, y, y total errors, y statistical errors
5.702e+01 2.330e-01 9.221e-03 9.221e-03 2.000e-03 2.000e-03 
5.201e+01 3.010e-01 1.020e-02 1.020e-02 2.000e-03 2.000e-03 
4.743e+01 3.971e-01 2.010e-02 2.010e-02 2.000e-03 2.000e-03 
4.326e+01 5.091e-01 2.023e-02 2.023e-02 3.001e-03 3.001e-03 
3.945e+01 6.532e-01 3.016e-02 3.016e-02 3.001e-03 3.001e-03 
3.599e+01 8.493e-01 3.028e-02 3.028e-02 4.001e-03 4.001e-03 
3.282e+01 1.107e+00 4.022e-02 4.022e-02 4.002e-03 4.002e-03 
2.994e+01 1.420e+00 5.027e-02 5.027e-02 5.002e-03 5.002e-03 
2.731e+01 1.828e+00 7.030e-02 7.030e-02 6.004e-03 6.004e-03 
2.491e+01 2.367e+00 9.034e-02 9.034e-02 7.005e-03 7.005e-03 
2.271e+01 3.050e+00 1.005e-01 1.005e-01 9.008e-03 9.008e-03 
2.072e+01 3.904e+00 2.005e-01 2.005e-01 1.001e-02 1.001e-02 
1.890e+01 5.006e+00 2.005e-01 2.005e-01 1.001e-02 1.001e-02 
1.724e+01 6.470e+00 2.013e-01 2.013e-01 2.003e-02 2.003e-02 
1.573e+01 8.275e+00 3.012e-01 3.012e-01 2.004e-02 2.004e-02 
1.435e+01 1.050e+01 4.014e-01 4.014e-01 2.004e-02 2.004e-02 
1.310e+01 1.335e+01 5.022e-01 5.022e-01 3.008e-02 3.008e-02 
1.195e+01 1.700e+01 6.026e-01 6.026e-01 3.009e-02 3.009e-02 
1.091e+01 2.161e+01 8.040e-01 8.040e-01 4.015e-02 4.015e-02 
9.951e+00 2.728e+01 1.006e+00 1.006e+00 5.022e-02 5.022e-02 
1.011e+03 8.100e-05 1.221e-05 1.221e-05 7.000e-06 7.000e-06 
7.501e+02 1.900e-04 2.236e-05 2.236e-05 1.000e-05 1.000e-05 
5.827e+02 3.800e-04 3.606e-05 3.606e-05 2.000e-05 2.000e-05 
4.852e+02 5.460e-04 7.101e-05 7.101e-05 5.732e-05 5.732e-05 
4.520e+02 6.800e-04 4.472e-05 4.472e-05 2.000e-05 2.000e-05 
4.226e+02 8.200e-04 9.253e-05 9.253e-05 7.267e-05 7.267e-05 
3.595e+02 1.320e-03 6.708e-05 6.708e-05 3.000e-05 3.000e-05 
3.061e+02 2.020e-03 1.030e-04 1.030e-04 5.000e-05 5.000e-05 
2.666e+02 2.970e-03 1.221e-04 1.221e-04 7.000e-05 7.000e-05 
2.322e+02 4.170e-03 2.154e-04 2.154e-04 8.000e-05 8.000e-05 
2.022e+02 6.400e-03 3.162e-04 3.162e-04 1.000e-04 1.000e-04 
1.761e+02 9.500e-03 4.472e-04 4.472e-04 2.000e-04 2.000e-04 
1.534e+02 1.420e-02 6.325e-04 6.325e-04 2.000e-04 2.000e-04 
1.336e+02 2.090e-02 8.544e-04 8.544e-04 3.000e-04 3.000e-04 
1.164e+02 3.120e-02 1.044e-03 1.044e-03 3.000e-04 3.000e-04 
1.014e+02 4.590e-02 2.040e-03 2.040e-03 4.000e-04 4.000e-04 
9.037e+01 6.330e-02 3.060e-03 3.060e-03 6.000e-04 6.000e-04 
8.242e+01 8.311e-02 3.105e-03 3.105e-03 8.001e-04 8.001e-04 
7.516e+01 1.103e-01 4.100e-03 4.100e-03 9.001e-04 9.001e-04 
6.855e+01 1.410e-01 5.099e-03 5.099e-03 1.000e-03 1.000e-03 
6.253e+01 1.780e-01 7.072e-03 7.072e-03 1.000e-03 1.000e-03 
2.609e+00 6.019e+02 2.146e+01 2.146e+01 8.575e-01 8.575e-01 
2.507e+00 6.527e+02 2.159e+01 2.159e+01 8.629e-01 8.629e-01 
2.410e+00 7.026e+02 2.173e+01 2.173e+01 9.770e-01 9.770e-01 
2.318e+00 7.577e+02 3.282e+01 3.282e+01 9.842e-01 9.842e-01 
2.231e+00 8.137e+02 3.309e+01 3.309e+01 1.103e+00 1.103e+00 
2.150e+00 8.706e+02 3.337e+01 3.337e+01 1.112e+00 1.112e+00 
2.069e+00 9.328e+02 3.365e+01 3.365e+01 1.121e+00 1.121e+00 
1.994e+00 9.960e+02 3.401e+01 3.401e+01 1.133e+00 1.133e+00 
1.924e+00 1.053e+03 4.583e+01 4.583e+01 1.145e+00 1.145e+00 
1.859e+00 1.112e+03 4.631e+01 4.631e+01 1.157e+00 1.157e+00 
1.799e+00 1.170e+03 4.685e+01 4.685e+01 1.171e+00 1.171e+00 
1.739e+00 1.231e+03 4.751e+01 4.751e+01 2.372e+00 2.372e+00 
1.685e+00 1.293e+03 4.821e+01 4.821e+01 2.407e+00 2.407e+00 
1.636e+00 1.348e+03 4.889e+01 4.889e+01 2.441e+00 2.441e+00 
1.587e+00 1.401e+03 4.965e+01 4.965e+01 2.480e+00 2.480e+00 
1.539e+00 1.443e+03 5.052e+01 5.052e+01 2.523e+00 2.523e+00 
1.496e+00 1.487e+03 5.151e+01 5.151e+01 2.572e+00 2.572e+00 
1.457e+00 1.528e+03 5.243e+01 5.243e+01 2.618e+00 2.618e+00 
1.419e+00 1.550e+03 5.348e+01 5.348e+01 2.671e+00 2.671e+00 
1.382e+00 1.584e+03 5.466e+01 5.466e+01 2.729e+00 2.729e+00 
9.082e+00 3.440e+01 1.007e+00 1.007e+00 6.032e-02 6.032e-02 
8.293e+00 4.333e+01 2.014e+00 2.014e+00 7.045e-02 7.045e-02 
7.574e+00 5.448e+01 2.017e+00 2.017e+00 8.062e-02 8.062e-02 
6.920e+00 6.798e+01 3.029e+00 3.029e+00 9.084e-02 9.084e-02 
6.322e+00 8.484e+01 3.035e+00 3.035e+00 1.011e-01 1.011e-01 
5.780e+00 1.053e+02 4.055e+00 4.055e+00 1.013e-01 1.013e-01 
5.287e+00 1.302e+02 5.085e+00 5.085e+00 2.032e-01 2.032e-01 
4.836e+00 1.608e+02 6.120e+00 6.120e+00 2.039e-01 2.039e-01 
4.527e+00 1.873e+02 7.162e+00 7.162e+00 3.067e-01 3.067e-01 
4.331e+00 2.058e+02 8.200e+00 8.200e+00 3.073e-01 3.073e-01 
2.716e+00 5.554e+02 2.132e+01 2.132e+01 7.459e-01 7.459e-01 
2.829e+00 5.099e+02 2.121e+01 2.121e+01 7.419e-01 7.419e-01 
2.947e+00 4.720e+02 2.111e+01 2.111e+01 6.330e-01 6.330e-01 
3.071e+00 4.343e+02 2.102e+01 2.102e+01 6.302e-01 6.302e-01 
3.200e+00 3.965e+02 1.047e+01 1.047e+01 5.230e-01 5.230e-01 
3.339e+00 3.623e+02 1.043e+01 1.043e+01 5.209e-01 5.209e-01 
3.487e+00 3.315e+02 1.040e+01 1.040e+01 5.191e-01 5.191e-01 
3.642e+00 3.031e+02 1.036e+01 1.036e+01 4.140e-01 4.140e-01 
3.801e+00 2.761e+02 1.033e+01 1.033e+01 4.128e-01 4.128e-01 
3.971e+00 2.502e+02 9.271e+00 9.271e+00 4.116e-01 4.116e-01 
4.146e+00 2.270e+02 8.219e+00 8.219e+00 3.080e-01 3.080e-01 
