#Source: CRDB
#Ref: 10.1126/science.1199172 (2011Sci...332...69A)
#Experiment: PAMELA
#Y Quantity: He
#X Quantity: totalEnergy
#Url: https://lpsc.in2p3.fr/crdb
#Comments: converted from original table in rigidity
#Colums: x, y, y total errors, y statistical errors
1.090e+02 2.597e-02 1.045e-03 1.045e-03 3.002e-04 3.002e-04 
9.938e+01 3.387e-02 1.541e-03 1.541e-03 3.502e-04 3.502e-04 
9.065e+01 4.484e-02 1.567e-03 1.567e-03 4.504e-04 4.504e-04 
8.269e+01 5.606e-02 2.064e-03 2.064e-03 5.005e-04 5.005e-04 
7.542e+01 7.159e-02 2.553e-03 2.553e-03 5.006e-04 5.006e-04 
6.881e+01 9.214e-02 3.541e-03 3.541e-03 5.007e-04 5.007e-04 
6.278e+01 1.167e-01 4.618e-03 4.618e-03 1.002e-03 1.002e-03 
5.728e+01 1.523e-01 5.110e-03 5.110e-03 1.002e-03 1.002e-03 
5.226e+01 1.905e-01 5.112e-03 5.112e-03 1.003e-03 1.003e-03 
4.767e+01 2.437e-01 1.014e-02 1.014e-02 1.505e-03 1.505e-03 
4.351e+01 3.177e-01 1.015e-02 1.015e-02 1.506e-03 1.506e-03 
3.971e+01 3.968e-01 1.520e-02 1.520e-02 2.009e-03 2.009e-03 
3.625e+01 5.042e-01 2.026e-02 2.026e-02 2.513e-03 2.513e-03 
3.310e+01 6.501e-01 2.534e-02 2.534e-02 3.019e-03 3.019e-03 
3.022e+01 8.157e-01 3.044e-02 3.044e-02 3.527e-03 3.527e-03 
2.760e+01 1.025e+00 4.057e-02 4.057e-02 4.037e-03 4.037e-03 
2.522e+01 1.309e+00 5.081e-02 5.081e-02 5.056e-03 5.056e-03 
2.306e+01 1.631e+00 5.092e-02 5.092e-02 5.067e-03 5.067e-03 
2.109e+01 2.047e+00 1.021e-01 1.021e-01 1.016e-02 1.016e-02 
1.929e+01 2.574e+00 1.024e-01 1.024e-01 1.019e-02 1.019e-02 
2.022e+03 1.500e-05 4.301e-06 4.301e-06 3.500e-06 3.500e-06 
1.500e+03 2.550e-05 3.536e-06 3.536e-06 2.500e-06 2.500e-06 
1.165e+03 4.200e-05 4.243e-06 4.243e-06 3.000e-06 3.000e-06 
9.702e+02 7.000e-05 6.403e-06 6.403e-06 5.000e-06 5.000e-06 
8.451e+02 1.000e-04 7.071e-06 7.071e-06 5.000e-06 5.000e-06 
7.360e+02 1.400e-04 1.118e-05 1.118e-05 1.000e-05 1.000e-05 
6.410e+02 2.050e-04 1.414e-05 1.414e-05 1.000e-05 1.000e-05 
5.583e+02 2.800e-04 1.803e-05 1.803e-05 1.000e-05 1.000e-05 
4.863e+02 3.900e-04 2.121e-05 2.121e-05 1.500e-05 1.500e-05 
4.235e+02 6.050e-04 3.202e-05 3.202e-05 2.000e-05 2.000e-05 
3.689e+02 9.300e-04 4.717e-05 4.717e-05 2.500e-05 2.500e-05 
3.213e+02 1.375e-03 6.104e-05 6.104e-05 3.500e-05 3.500e-05 
2.799e+02 1.990e-03 1.097e-04 1.097e-04 4.500e-05 4.500e-05 
2.438e+02 2.900e-03 1.118e-04 1.118e-04 5.001e-05 5.001e-05 
2.123e+02 4.301e-03 1.803e-04 1.803e-04 1.000e-04 1.000e-04 
1.893e+02 6.051e-03 2.693e-04 2.693e-04 1.000e-04 1.000e-04 
1.726e+02 7.352e-03 3.355e-04 3.355e-04 1.500e-04 1.500e-04 
1.574e+02 9.503e-03 3.809e-04 3.809e-04 1.500e-04 1.500e-04 
1.436e+02 1.245e-02 5.387e-04 5.387e-04 2.001e-04 2.001e-04 
1.310e+02 1.591e-02 5.387e-04 5.387e-04 2.001e-04 2.001e-04 
1.195e+02 2.036e-02 1.031e-03 1.031e-03 2.501e-04 2.501e-04 
6.317e+00 4.335e+01 1.865e+00 1.865e+00 1.240e-01 1.240e-01 
6.133e+00 4.626e+01 1.895e+00 1.895e+00 1.260e-01 1.260e-01 
5.960e+00 4.939e+01 1.934e+00 1.934e+00 1.924e-01 1.924e-01 
5.798e+00 5.285e+01 1.972e+00 1.972e+00 1.962e-01 1.962e-01 
5.646e+00 5.671e+01 2.012e+00 2.012e+00 2.002e-01 2.002e-01 
5.505e+00 6.021e+01 2.051e+00 2.051e+00 2.041e-01 2.041e-01 
5.374e+00 6.298e+01 2.096e+00 2.096e+00 2.085e-01 2.085e-01 
5.246e+00 6.584e+01 2.146e+00 2.146e+00 2.135e-01 2.135e-01 
5.127e+00 6.919e+01 2.928e+00 2.928e+00 2.913e-01 2.913e-01 
5.019e+00 7.237e+01 3.002e+00 3.002e+00 2.988e-01 2.988e-01 
4.920e+00 7.531e+01 3.086e+00 3.086e+00 3.071e-01 3.071e-01 
4.830e+00 7.668e+01 3.168e+00 3.168e+00 3.153e-01 3.153e-01 
4.742e+00 7.874e+01 3.260e+00 3.260e+00 3.244e-01 3.244e-01 
4.663e+00 7.993e+01 3.347e+00 3.347e+00 3.331e-01 3.331e-01 
4.592e+00 7.981e+01 2.606e+00 2.606e+00 3.444e-01 3.444e-01 
4.523e+00 7.851e+01 2.688e+00 2.688e+00 3.552e-01 3.552e-01 
4.456e+00 7.432e+01 2.763e+00 2.763e+00 3.652e-01 3.652e-01 
4.397e+00 7.003e+01 2.864e+00 2.864e+00 3.786e-01 3.786e-01 
4.345e+00 6.196e+01 1.993e+00 1.993e+00 3.909e-01 3.909e-01 
4.294e+00 5.381e+01 2.063e+00 2.063e+00 4.046e-01 4.046e-01 
4.245e+00 4.450e+01 2.141e+00 2.141e+00 4.198e-01 4.198e-01 
1.766e+01 3.254e+00 1.028e-01 1.028e-01 1.023e-02 1.023e-02 
1.618e+01 4.044e+00 1.549e-01 1.549e-01 1.542e-02 1.542e-02 
1.484e+01 5.016e+00 2.072e-01 2.072e-01 1.550e-02 1.550e-02 
1.362e+01 6.255e+00 2.604e-01 2.604e-01 1.560e-02 1.560e-02 
1.251e+01 7.696e+00 3.150e-01 3.150e-01 2.096e-02 2.096e-02 
1.151e+01 9.556e+00 3.709e-01 3.709e-01 2.643e-02 2.643e-02 
1.083e+01 1.104e+01 4.283e-01 4.283e-01 4.262e-02 4.262e-02 
1.040e+01 1.226e+01 4.840e-01 4.840e-01 4.285e-02 4.285e-02 
9.990e+00 1.355e+01 4.875e-01 4.875e-01 4.851e-02 4.851e-02 
9.611e+00 1.498e+01 5.454e-01 5.454e-01 5.427e-02 5.427e-02 
6.512e+00 3.993e+01 1.836e+00 1.836e+00 1.221e-01 1.221e-01 
6.719e+00 3.710e+01 1.209e+00 1.209e+00 1.203e-01 1.203e-01 
6.936e+00 3.381e+01 1.192e+00 1.192e+00 1.186e-01 1.186e-01 
7.165e+00 3.126e+01 1.177e+00 1.177e+00 1.171e-01 1.171e-01 
7.414e+00 2.882e+01 1.163e+00 1.163e+00 1.157e-01 1.157e-01 
7.684e+00 2.632e+01 1.150e+00 1.150e+00 1.144e-01 1.144e-01 
7.965e+00 2.400e+01 1.134e+00 1.134e+00 5.661e-02 5.661e-02 
8.258e+00 2.176e+01 1.123e+00 1.123e+00 5.608e-02 5.608e-02 
8.572e+00 2.005e+01 5.583e-01 5.583e-01 5.555e-02 5.555e-02 
8.897e+00 1.812e+01 5.537e-01 5.537e-01 5.509e-02 5.509e-02 
9.243e+00 1.651e+01 5.493e-01 5.493e-01 5.466e-02 5.466e-02 
