#Source: CRDB
#Ref: 10.1103/PhysRevLett.111.081102 (2013PhRvL.111h1102A)
#Experiment: PAMELA
#Y Quantity: posfraction
#X Quantity: kineticEnergy
#Url: https://lpsc.in2p3.fr/crdb
#Comments: 
#Colums: x, y, y statistical errors, y systematic errors
7.000e-01 1.126e-01 1.750e-03 1.750e-03 0.000e+00 0.000e+00 
1.200e+00 9.090e-02 1.750e-03 1.750e-03 0.000e+00 0.000e+00 
1.643e+00 7.770e-02 1.100e-03 1.100e-03 0.000e+00 0.000e+00 
1.944e+00 7.110e-02 1.200e-03 1.200e-03 0.000e+00 0.000e+00 
2.000e+00 7.170e-02 1.910e-03 1.910e-03 0.000e+00 0.000e+00 
2.381e+00 6.530e-02 9.000e-04 9.000e-04 0.000e+00 0.000e+00 
3.000e+00 6.080e-02 1.590e-03 1.590e-03 0.000e+00 0.000e+00 
3.074e+00 5.860e-02 1.000e-03 1.000e-03 0.000e+00 0.000e+00 
3.834e+00 5.450e-02 1.300e-03 1.300e-03 0.000e+00 0.000e+00 
4.250e+00 5.440e-02 1.270e-03 1.270e-03 0.000e+00 0.000e+00 
4.583e+00 5.350e-02 1.400e-03 1.400e-03 0.000e+00 0.000e+00 
5.477e+00 5.230e-02 1.500e-03 1.500e-03 0.000e+00 0.000e+00 
6.928e+00 5.040e-02 1.400e-03 1.400e-03 0.000e+00 0.000e+00 
8.944e+00 5.200e-02 1.900e-03 1.900e-03 0.000e+00 0.000e+00 
1.140e+01 5.570e-02 2.300e-03 2.300e-03 0.000e+00 0.000e+00 
1.396e+01 6.300e-02 4.000e-03 4.000e-03 0.000e+00 0.000e+00 
1.732e+01 6.100e-02 4.000e-03 4.000e-03 0.000e+00 0.000e+00 
2.366e+01 6.200e-02 5.000e-03 5.000e-03 0.000e+00 0.000e+00 
3.429e+01 7.300e-02 7.000e-03 7.000e-03 0.000e+00 0.000e+00 
5.225e+01 9.900e-02 1.300e-02 1.300e-02 0.000e+00 0.000e+00 
8.062e+01 1.210e-01 2.200e-02 2.200e-02 0.000e+00 0.000e+00 
1.414e+02 1.630e-01 4.000e-02 4.000e-02 0.000e+00 0.000e+00 
