#Source: CRDB
#Ref: 10.1088/0004-637X/791/2/93 (2014ApJ...791...93A)
#Experiment: PAMELA
#Y Quantity: C
#X Quantity: totalEnergy
#Url: https://lpsc.in2p3.fr/crdb
#Comments: converted from original table in rigidity
#Colums: x, y, y total errors, y statistical errors
5.146e+01 3.330e-02 1.783e-03 1.783e-03 5.123e-04 5.123e-04 
1.297e+02 3.042e-03 1.718e-04 1.718e-04 6.667e-05 6.667e-05 
6.397e+01 1.935e-02 1.028e-03 1.028e-03 3.048e-04 3.048e-04 
1.667e+02 1.508e-03 9.317e-05 9.317e-05 4.167e-05 4.167e-05 
8.050e+01 1.092e-02 5.855e-04 5.855e-04 1.852e-04 1.852e-04 
1.020e+02 6.104e-03 3.395e-04 3.395e-04 1.174e-04 1.174e-04 
2.154e+02 7.500e-04 4.859e-05 4.859e-05 2.500e-05 2.500e-05 
1.301e+02 3.045e-03 1.802e-04 1.802e-04 6.692e-05 6.692e-05 
2.783e+02 3.833e-04 3.005e-05 3.005e-05 1.667e-05 1.667e-05 
1.668e+02 1.520e-03 9.740e-05 9.740e-05 5.011e-05 5.011e-05 
4.093e+02 1.392e-04 8.250e-06 8.250e-06 5.833e-06 5.833e-06 
2.150e+02 7.527e-04 4.814e-05 4.814e-05 2.670e-05 2.670e-05 
2.784e+02 3.870e-04 2.736e-05 2.736e-05 1.668e-05 1.668e-05 
6.950e+02 3.167e-05 3.005e-06 3.005e-06 2.500e-06 2.500e-06 
4.097e+02 1.401e-04 8.337e-06 8.337e-06 6.669e-06 6.669e-06 
1.185e+03 7.083e-06 7.454e-07 7.454e-07 6.667e-07 6.667e-07 
6.943e+02 3.200e-05 2.688e-06 2.688e-06 2.334e-06 2.334e-06 
1.183e+03 7.167e-06 7.454e-07 7.454e-07 6.667e-07 6.667e-07 
1.727e+01 4.383e-01 2.267e-02 2.267e-02 6.667e-03 6.667e-03 
1.918e+01 3.558e-01 1.799e-02 1.799e-02 4.167e-03 4.167e-03 
2.168e+01 2.750e-01 1.374e-02 1.374e-02 3.333e-03 3.333e-03 
2.490e+01 2.042e-01 1.031e-02 1.031e-02 2.500e-03 2.500e-03 
2.911e+01 1.343e-01 6.690e-03 6.690e-03 1.583e-03 1.583e-03 
3.470e+01 8.808e-02 4.386e-03 4.386e-03 1.083e-03 1.083e-03 
1.729e+01 4.398e-01 2.284e-02 2.284e-02 6.564e-03 6.564e-03 
4.195e+01 5.583e-02 2.770e-03 2.770e-03 7.500e-04 7.500e-04 
1.917e+01 3.561e-01 1.697e-02 1.697e-02 4.117e-03 4.117e-03 
2.163e+01 2.757e-01 1.368e-02 1.368e-02 3.317e-03 3.317e-03 
5.144e+01 3.325e-02 1.740e-03 1.740e-03 5.000e-04 5.000e-04 
2.487e+01 2.043e-01 1.020e-02 1.020e-02 2.430e-03 2.430e-03 
6.391e+01 1.933e-02 1.054e-03 1.054e-03 3.333e-04 3.333e-04 
2.909e+01 1.344e-01 6.705e-03 6.705e-03 1.626e-03 1.626e-03 
3.465e+01 8.808e-02 4.358e-03 4.358e-03 1.057e-03 1.057e-03 
8.028e+01 1.092e-02 6.067e-04 6.067e-04 1.667e-04 1.667e-04 
4.195e+01 5.588e-02 2.853e-03 2.853e-03 6.920e-04 6.920e-04 
1.018e+02 6.100e-03 3.375e-04 3.375e-04 1.167e-04 1.167e-04 
