#Source: CRDB
#Ref: 10.1126/science.1199172 (2011Sci...332...69A)
#Experiment: PAMELA
#Y Quantity: H
#X Quantity: rigidity
#Url: https://lpsc.in2p3.fr/crdb
#Comments: 
#Colums: x, y, y total errors, y statistical errors
5.200e+01 3.010e-01 1.020e-02 1.020e-02 2.000e-03 2.000e-03 
4.742e+01 3.970e-01 2.010e-02 2.010e-02 2.000e-03 2.000e-03 
4.325e+01 5.090e-01 2.022e-02 2.022e-02 3.000e-03 3.000e-03 
3.944e+01 6.530e-01 3.015e-02 3.015e-02 3.000e-03 3.000e-03 
3.597e+01 8.490e-01 3.027e-02 3.027e-02 4.000e-03 4.000e-03 
3.281e+01 1.107e+00 4.020e-02 4.020e-02 4.000e-03 4.000e-03 
2.992e+01 1.419e+00 5.025e-02 5.025e-02 5.000e-03 5.000e-03 
2.729e+01 1.827e+00 7.026e-02 7.026e-02 6.000e-03 6.000e-03 
2.489e+01 2.365e+00 9.027e-02 9.027e-02 7.000e-03 7.000e-03 
2.270e+01 3.047e+00 1.004e-01 1.004e-01 9.000e-03 9.000e-03 
2.070e+01 3.900e+00 2.002e-01 2.002e-01 1.000e-02 1.000e-02 
1.888e+01 5.000e+00 2.002e-01 2.002e-01 1.000e-02 1.000e-02 
1.722e+01 6.460e+00 2.010e-01 2.010e-01 2.000e-02 2.000e-02 
1.570e+01 8.260e+00 3.007e-01 3.007e-01 2.000e-02 2.000e-02 
1.432e+01 1.048e+01 4.005e-01 4.005e-01 2.000e-02 2.000e-02 
1.306e+01 1.332e+01 5.009e-01 5.009e-01 3.000e-02 3.000e-02 
1.191e+01 1.695e+01 6.007e-01 6.007e-01 3.000e-02 3.000e-02 
1.087e+01 2.153e+01 8.010e-01 8.010e-01 4.000e-02 4.000e-02 
9.907e+00 2.716e+01 1.001e+00 1.001e+00 5.000e-02 5.000e-02 
9.033e+00 3.422e+01 1.002e+00 1.002e+00 6.000e-02 6.000e-02 
1.011e+03 8.100e-05 1.221e-05 1.221e-05 7.000e-06 7.000e-06 
7.501e+02 1.900e-04 2.236e-05 2.236e-05 1.000e-05 1.000e-05 
5.827e+02 3.800e-04 3.606e-05 3.606e-05 2.000e-05 2.000e-05 
4.520e+02 6.800e-04 4.472e-05 4.472e-05 2.000e-05 2.000e-05 
3.595e+02 1.320e-03 6.708e-05 6.708e-05 3.000e-05 3.000e-05 
3.061e+02 2.020e-03 1.030e-04 1.030e-04 5.000e-05 5.000e-05 
2.666e+02 2.970e-03 1.221e-04 1.221e-04 7.000e-05 7.000e-05 
2.322e+02 4.170e-03 2.154e-04 2.154e-04 8.000e-05 8.000e-05 
2.022e+02 6.400e-03 3.162e-04 3.162e-04 1.000e-04 1.000e-04 
1.761e+02 9.500e-03 4.472e-04 4.472e-04 2.000e-04 2.000e-04 
1.534e+02 1.420e-02 6.325e-04 6.325e-04 2.000e-04 2.000e-04 
1.336e+02 2.090e-02 8.544e-04 8.544e-04 3.000e-04 3.000e-04 
1.164e+02 3.120e-02 1.044e-03 1.044e-03 3.000e-04 3.000e-04 
1.014e+02 4.590e-02 2.040e-03 2.040e-03 4.000e-04 4.000e-04 
9.036e+01 6.330e-02 3.059e-03 3.059e-03 6.000e-04 6.000e-04 
8.241e+01 8.310e-02 3.105e-03 3.105e-03 8.000e-04 8.000e-04 
7.516e+01 1.103e-01 4.100e-03 4.100e-03 9.000e-04 9.000e-04 
6.855e+01 1.410e-01 5.099e-03 5.099e-03 1.000e-03 1.000e-03 
6.252e+01 1.780e-01 7.071e-03 7.071e-03 1.000e-03 1.000e-03 
5.702e+01 2.330e-01 9.220e-03 9.220e-03 2.000e-03 2.000e-03 
2.434e+00 5.615e+02 2.002e+01 2.002e+01 8.000e-01 8.000e-01 
2.324e+00 6.051e+02 2.002e+01 2.002e+01 8.000e-01 8.000e-01 
2.219e+00 6.472e+02 2.002e+01 2.002e+01 9.000e-01 9.000e-01 
2.119e+00 6.929e+02 3.001e+01 3.001e+01 9.000e-01 9.000e-01 
2.024e+00 7.380e+02 3.002e+01 3.002e+01 1.000e+00 1.000e+00 
1.934e+00 7.830e+02 3.002e+01 3.002e+01 1.000e+00 1.000e+00 
1.844e+00 8.320e+02 3.002e+01 3.002e+01 1.000e+00 1.000e+00 
1.759e+00 8.790e+02 3.002e+01 3.002e+01 1.000e+00 1.000e+00 
1.679e+00 9.190e+02 4.001e+01 4.001e+01 1.000e+00 1.000e+00 
1.605e+00 9.610e+02 4.001e+01 4.001e+01 1.000e+00 1.000e+00 
1.535e+00 9.990e+02 4.001e+01 4.001e+01 1.000e+00 1.000e+00 
1.464e+00 1.038e+03 4.005e+01 4.005e+01 2.000e+00 2.000e+00 
1.400e+00 1.074e+03 4.005e+01 4.005e+01 2.000e+00 2.000e+00 
1.340e+00 1.104e+03 4.005e+01 4.005e+01 2.000e+00 2.000e+00 
1.280e+00 1.130e+03 4.005e+01 4.005e+01 2.000e+00 2.000e+00 
1.220e+00 1.144e+03 4.005e+01 4.005e+01 2.000e+00 2.000e+00 
1.165e+00 1.156e+03 4.005e+01 4.005e+01 2.000e+00 2.000e+00 
1.115e+00 1.167e+03 4.005e+01 4.005e+01 2.000e+00 2.000e+00 
1.065e+00 1.161e+03 4.005e+01 4.005e+01 2.000e+00 2.000e+00 
1.015e+00 1.161e+03 4.005e+01 4.005e+01 2.000e+00 2.000e+00 
8.239e+00 4.305e+01 2.001e+00 2.001e+00 7.000e-02 7.000e-02 
7.515e+00 5.406e+01 2.002e+00 2.002e+00 8.000e-02 8.000e-02 
6.856e+00 6.735e+01 3.001e+00 3.001e+00 9.000e-02 9.000e-02 
6.252e+00 8.390e+01 3.002e+00 3.002e+00 1.000e-01 1.000e-01 
5.703e+00 1.039e+02 4.001e+00 4.001e+00 1.000e-01 1.000e-01 
5.203e+00 1.281e+02 5.004e+00 5.004e+00 2.000e-01 2.000e-01 
4.744e+00 1.577e+02 6.003e+00 6.003e+00 2.000e-01 2.000e-01 
4.429e+00 1.832e+02 7.006e+00 7.006e+00 3.000e-01 3.000e-01 
4.229e+00 2.009e+02 8.006e+00 8.006e+00 3.000e-01 3.000e-01 
4.039e+00 2.211e+02 8.006e+00 8.006e+00 3.000e-01 3.000e-01 
3.859e+00 2.431e+02 9.009e+00 9.009e+00 4.000e-01 4.000e-01 
3.684e+00 2.675e+02 1.001e+01 1.001e+01 4.000e-01 4.000e-01 
3.519e+00 2.929e+02 1.001e+01 1.001e+01 4.000e-01 4.000e-01 
3.359e+00 3.193e+02 1.001e+01 1.001e+01 5.000e-01 5.000e-01 
3.204e+00 3.478e+02 1.001e+01 1.001e+01 5.000e-01 5.000e-01 
3.059e+00 3.791e+02 1.001e+01 1.001e+01 5.000e-01 5.000e-01 
2.924e+00 4.135e+02 2.001e+01 2.001e+01 6.000e-01 6.000e-01 
2.794e+00 4.474e+02 2.001e+01 2.001e+01 6.000e-01 6.000e-01 
2.669e+00 4.811e+02 2.001e+01 2.001e+01 7.000e-01 7.000e-01 
2.549e+00 5.213e+02 2.001e+01 2.001e+01 7.000e-01 7.000e-01 
