#Source: CRDB
#Ref: 10.1103/PhysRevLett.111.081102 (2013PhRvL.111h1102A)
#Experiment: PAMELA
#Y Quantity: e-
#X Quantity: kineticEnergy
#Url: https://lpsc.in2p3.fr/crdb
#Comments: 
#Colums: x, y, y statistical errors, y systematic errors
1.110e+00 3.120e+01 2.000e-01 2.000e-01 1.300e+00 1.300e+00 
1.280e+00 2.670e+01 2.000e-01 2.000e-01 1.100e+00 1.100e+00 
1.470e+00 2.300e+01 1.000e-01 1.000e-01 1.000e+00 1.000e+00 
1.680e+00 1.880e+01 1.000e-01 1.000e-01 8.000e-01 8.000e-01 
1.930e+00 1.503e+01 8.000e-02 8.000e-02 6.000e-01 6.000e-01 
2.220e+00 1.194e+01 7.000e-02 7.000e-02 5.000e-01 5.000e-01 
2.550e+00 8.970e+00 5.000e-02 5.000e-02 4.000e-01 4.000e-01 
2.920e+00 6.670e+00 4.000e-02 4.000e-02 3.000e-01 3.000e-01 
3.360e+00 4.760e+00 3.000e-02 3.000e-02 2.000e-01 2.000e-01 
3.850e+00 3.400e+00 2.000e-02 2.000e-02 1.000e-01 1.000e-01 
4.420e+00 2.300e+00 2.000e-02 2.000e-02 1.000e-01 1.000e-01 
5.100e+00 1.560e+00 1.000e-02 1.000e-02 7.000e-02 7.000e-02 
5.800e+00 1.060e+00 1.000e-02 1.000e-02 5.000e-02 5.000e-02 
6.700e+00 7.200e-01 7.000e-03 7.000e-03 3.000e-02 3.000e-02 
7.700e+00 4.700e-01 5.000e-03 5.000e-03 2.000e-02 2.000e-02 
8.800e+00 3.100e-01 4.000e-03 4.000e-03 1.000e-02 1.000e-02 
1.010e+01 1.910e-01 3.000e-03 3.000e-03 8.000e-03 8.000e-03 
1.160e+01 1.260e-01 2.000e-03 2.000e-03 5.000e-03 5.000e-03 
1.340e+01 7.900e-02 2.000e-03 2.000e-03 3.000e-03 3.000e-03 
1.530e+01 5.200e-02 1.000e-03 1.000e-03 2.000e-03 2.000e-03 
1.760e+01 3.260e-02 8.000e-04 8.000e-04 1.000e-03 1.000e-03 
2.020e+01 2.080e-02 6.000e-04 6.000e-04 9.000e-04 9.000e-04 
2.320e+01 1.260e-02 4.000e-04 4.000e-04 5.000e-04 5.000e-04 
2.660e+01 8.900e-03 3.000e-04 3.000e-04 4.000e-04 4.000e-04 
3.060e+01 5.200e-03 2.000e-04 2.000e-04 2.000e-04 2.000e-04 
3.510e+01 3.700e-03 2.000e-04 2.000e-04 2.000e-04 2.000e-04 
4.030e+01 2.200e-03 1.000e-04 1.000e-04 9.000e-05 9.000e-05 
4.630e+01 1.400e-03 1.000e-04 1.000e-04 6.000e-05 6.000e-05 
5.320e+01 1.040e-03 8.000e-05 8.000e-05 4.000e-05 4.000e-05 
6.100e+01 5.500e-04 5.000e-05 5.000e-05 2.000e-05 2.000e-05 
7.010e+01 4.100e-04 4.000e-05 4.000e-05 2.000e-05 2.000e-05 
8.050e+01 2.100e-04 3.000e-05 3.000e-05 9.000e-06 9.000e-06 
9.240e+01 1.500e-04 2.000e-05 2.000e-05 7.000e-06 7.000e-06 
1.085e+02 1.000e-04 2.000e-05 2.000e-05 4.000e-06 4.000e-06 
1.304e+02 7.000e-05 1.000e-05 1.000e-05 3.000e-06 3.000e-06 
1.638e+02 2.700e-05 5.000e-06 5.000e-06 1.000e-06 1.000e-06 
2.207e+02 9.600e-06 2.500e-06 3.000e-06 5.000e-07 5.000e-07 
3.179e+02 2.800e-06 1.100e-06 1.300e-06 1.000e-07 1.000e-07 
4.914e+02 9.000e-07 6.000e-07 7.000e-07 1.000e-07 1.000e-07 
