#Source: CRDB
#Ref: 10.1126/science.1199172 (2011Sci...332...69A)
#Experiment: PAMELA
#Y Quantity: He
#X Quantity: rigidity
#Url: https://lpsc.in2p3.fr/crdb
#Comments: 
#Colums: x, y, y total errors, y statistical errors
5.445e+01 5.190e-02 2.088e-03 2.088e-03 6.000e-04 6.000e-04 
4.965e+01 6.770e-02 3.081e-03 3.081e-03 7.000e-04 7.000e-04 
4.529e+01 8.960e-02 3.132e-03 3.132e-03 9.000e-04 9.000e-04 
4.130e+01 1.120e-01 4.123e-03 4.123e-03 1.000e-03 1.000e-03 
3.767e+01 1.430e-01 5.099e-03 5.099e-03 1.000e-03 1.000e-03 
3.436e+01 1.840e-01 7.071e-03 7.071e-03 1.000e-03 1.000e-03 
3.133e+01 2.330e-01 9.220e-03 9.220e-03 2.000e-03 2.000e-03 
2.858e+01 3.040e-01 1.020e-02 1.020e-02 2.000e-03 2.000e-03 
2.606e+01 3.800e-01 1.020e-02 1.020e-02 2.000e-03 2.000e-03 
2.376e+01 4.860e-01 2.022e-02 2.022e-02 3.000e-03 3.000e-03 
2.168e+01 6.330e-01 2.022e-02 2.022e-02 3.000e-03 3.000e-03 
1.977e+01 7.900e-01 3.027e-02 3.027e-02 4.000e-03 4.000e-03 
1.803e+01 1.003e+00 4.031e-02 4.031e-02 5.000e-03 5.000e-03 
1.644e+01 1.292e+00 5.036e-02 5.036e-02 6.000e-03 6.000e-03 
1.500e+01 1.619e+00 6.041e-02 6.041e-02 7.000e-03 7.000e-03 
1.367e+01 2.031e+00 8.040e-02 8.040e-02 8.000e-03 8.000e-03 
1.247e+01 2.590e+00 1.005e-01 1.005e-01 1.000e-02 1.000e-02 
1.138e+01 3.220e+00 1.005e-01 1.005e-01 1.000e-02 1.000e-02 
1.038e+01 4.030e+00 2.010e-01 2.010e-01 2.000e-02 2.000e-02 
9.463e+00 5.050e+00 2.010e-01 2.010e-01 2.000e-02 2.000e-02 
1.011e+03 3.000e-05 8.602e-06 8.602e-06 7.000e-06 7.000e-06 
7.501e+02 5.100e-05 7.071e-06 7.071e-06 5.000e-06 5.000e-06 
5.827e+02 8.400e-05 8.485e-06 8.485e-06 6.000e-06 6.000e-06 
4.851e+02 1.400e-04 1.281e-05 1.281e-05 1.000e-05 1.000e-05 
4.225e+02 2.000e-04 1.414e-05 1.414e-05 1.000e-05 1.000e-05 
3.680e+02 2.800e-04 2.236e-05 2.236e-05 2.000e-05 2.000e-05 
3.205e+02 4.100e-04 2.828e-05 2.828e-05 2.000e-05 2.000e-05 
2.792e+02 5.600e-04 3.606e-05 3.606e-05 2.000e-05 2.000e-05 
2.431e+02 7.800e-04 4.243e-05 4.243e-05 3.000e-05 3.000e-05 
2.118e+02 1.210e-03 6.403e-05 6.403e-05 4.000e-05 4.000e-05 
1.844e+02 1.860e-03 9.434e-05 9.434e-05 5.000e-05 5.000e-05 
1.606e+02 2.750e-03 1.221e-04 1.221e-04 7.000e-05 7.000e-05 
1.399e+02 3.980e-03 2.193e-04 2.193e-04 9.000e-05 9.000e-05 
1.219e+02 5.800e-03 2.236e-04 2.236e-04 1.000e-04 1.000e-04 
1.061e+02 8.600e-03 3.606e-04 3.606e-04 2.000e-04 2.000e-04 
9.462e+01 1.210e-02 5.385e-04 5.385e-04 2.000e-04 2.000e-04 
8.629e+01 1.470e-02 6.708e-04 6.708e-04 3.000e-04 3.000e-04 
7.870e+01 1.900e-02 7.616e-04 7.616e-04 3.000e-04 3.000e-04 
7.178e+01 2.490e-02 1.077e-03 1.077e-03 4.000e-04 4.000e-04 
6.546e+01 3.180e-02 1.077e-03 1.077e-03 4.000e-04 4.000e-04 
5.970e+01 4.070e-02 2.062e-03 2.062e-03 5.000e-04 5.000e-04 
2.549e+00 6.990e+01 3.007e+00 3.007e+00 2.000e-01 2.000e-01 
2.434e+00 7.340e+01 3.007e+00 3.007e+00 2.000e-01 2.000e-01 
2.324e+00 7.700e+01 3.015e+00 3.015e+00 3.000e-01 3.000e-01 
2.219e+00 8.080e+01 3.015e+00 3.015e+00 3.000e-01 3.000e-01 
2.119e+00 8.500e+01 3.015e+00 3.015e+00 3.000e-01 3.000e-01 
2.024e+00 8.850e+01 3.015e+00 3.015e+00 3.000e-01 3.000e-01 
1.934e+00 9.060e+01 3.015e+00 3.015e+00 3.000e-01 3.000e-01 
1.844e+00 9.250e+01 3.015e+00 3.015e+00 3.000e-01 3.000e-01 
1.759e+00 9.500e+01 4.020e+00 4.020e+00 4.000e-01 4.000e-01 
1.679e+00 9.690e+01 4.020e+00 4.020e+00 4.000e-01 4.000e-01 
1.605e+00 9.810e+01 4.020e+00 4.020e+00 4.000e-01 4.000e-01 
1.535e+00 9.730e+01 4.020e+00 4.020e+00 4.000e-01 4.000e-01 
1.464e+00 9.710e+01 4.020e+00 4.020e+00 4.000e-01 4.000e-01 
1.400e+00 9.600e+01 4.020e+00 4.020e+00 4.000e-01 4.000e-01 
1.340e+00 9.270e+01 3.027e+00 3.027e+00 4.000e-01 4.000e-01 
1.280e+00 8.840e+01 3.027e+00 3.027e+00 4.000e-01 4.000e-01 
1.220e+00 8.140e+01 3.027e+00 3.027e+00 4.000e-01 4.000e-01 
1.165e+00 7.400e+01 3.027e+00 3.027e+00 4.000e-01 4.000e-01 
1.115e+00 6.340e+01 2.040e+00 2.040e+00 4.000e-01 4.000e-01 
1.065e+00 5.320e+01 2.040e+00 2.040e+00 4.000e-01 4.000e-01 
1.015e+00 4.240e+01 2.040e+00 2.040e+00 4.000e-01 4.000e-01 
8.629e+00 6.360e+00 2.010e-01 2.010e-01 2.000e-02 2.000e-02 
7.870e+00 7.870e+00 3.015e-01 3.015e-01 3.000e-02 3.000e-02 
7.181e+00 9.710e+00 4.011e-01 4.011e-01 3.000e-02 3.000e-02 
6.546e+00 1.203e+01 5.009e-01 5.009e-01 3.000e-02 3.000e-02 
5.967e+00 1.469e+01 6.013e-01 6.013e-01 4.000e-02 4.000e-02 
5.443e+00 1.808e+01 7.018e-01 7.018e-01 5.000e-02 5.000e-02 
5.083e+00 2.073e+01 8.040e-01 8.040e-01 8.000e-02 8.000e-02 
4.853e+00 2.289e+01 9.035e-01 9.035e-01 8.000e-02 8.000e-02 
4.634e+00 2.513e+01 9.045e-01 9.045e-01 9.000e-02 9.000e-02 
4.429e+00 2.760e+01 1.005e+00 1.005e+00 1.000e-01 1.000e-01 
4.229e+00 3.020e+01 1.005e+00 1.005e+00 1.000e-01 1.000e-01 
4.039e+00 3.290e+01 1.005e+00 1.005e+00 1.000e-01 1.000e-01 
3.859e+00 3.610e+01 1.005e+00 1.005e+00 1.000e-01 1.000e-01 
3.684e+00 3.880e+01 2.002e+00 2.002e+00 1.000e-01 1.000e-01 
3.519e+00 4.240e+01 2.002e+00 2.002e+00 1.000e-01 1.000e-01 
3.359e+00 4.600e+01 2.010e+00 2.010e+00 2.000e-01 2.000e-01 
3.204e+00 4.980e+01 2.010e+00 2.010e+00 2.000e-01 2.000e-01 
3.059e+00 5.340e+01 2.010e+00 2.010e+00 2.000e-01 2.000e-01 
2.924e+00 5.700e+01 2.010e+00 2.010e+00 2.000e-01 2.000e-01 
2.794e+00 6.170e+01 2.010e+00 2.010e+00 2.000e-01 2.000e-01 
2.669e+00 6.540e+01 3.007e+00 3.007e+00 2.000e-01 2.000e-01 
