#Source: CRDB
#Ref: 10.1088/0004-637X/791/2/93 (2014ApJ...791...93A)
#Experiment: PAMELA
#Y Quantity: B_C
#X Quantity: kineticEnergyPerNucleon
#Url: https://lpsc.in2p3.fr/crdb
#Comments: 
#Colums: x, y, y statistical errors, y systematic errors
5.052e-01 3.280e-01 9.000e-03 9.000e-03 2.200e-02 2.300e-02 
6.639e-01 3.240e-01 7.000e-03 7.000e-03 2.100e-02 2.300e-02 
8.718e-01 3.340e-01 7.000e-03 7.000e-03 2.200e-02 2.400e-02 
1.140e+00 3.210e-01 7.000e-03 7.000e-03 2.100e-02 2.300e-02 
1.491e+00 3.220e-01 7.000e-03 7.000e-03 2.200e-02 2.400e-02 
1.957e+00 2.890e-01 7.000e-03 7.000e-03 2.000e-02 2.200e-02 
2.562e+00 2.800e-01 7.000e-03 7.000e-03 2.000e-02 2.100e-02 
3.354e+00 2.590e-01 9.000e-03 9.000e-03 2.100e-02 2.300e-02 
4.395e+00 2.490e-01 1.000e-02 1.000e-02 2.100e-02 2.200e-02 
5.762e+00 2.320e-01 1.000e-02 1.000e-02 2.000e-02 2.100e-02 
7.556e+00 2.134e-01 1.000e-02 1.000e-02 1.900e-02 2.000e-02 
9.887e+00 2.128e-01 1.200e-02 1.200e-02 2.000e-02 2.000e-02 
1.298e+01 1.990e-01 1.300e-02 1.300e-02 1.900e-02 2.000e-02 
1.705e+01 1.730e-01 1.500e-02 1.500e-02 1.700e-02 1.700e-02 
2.230e+01 1.450e-01 1.600e-02 1.600e-02 1.400e-02 1.400e-02 
3.342e+01 1.220e-01 1.300e-02 1.300e-02 9.000e-03 9.000e-03 
5.743e+01 1.110e-01 1.800e-02 1.800e-02 8.000e-03 8.000e-03 
9.856e+01 1.000e-01 2.000e-02 2.000e-02 7.000e-03 7.000e-03 
