#Source: CRDB
#Ref: 10.1088/0004-637X/791/2/93 (2014ApJ...791...93A)
#Experiment: PAMELA
#Y Quantity: C
#X Quantity: rigidity
#Url: https://lpsc.in2p3.fr/crdb
#Comments: 
#Colums: x, y, y total errors, y statistical errors
1.971e+02 4.300e-05 4.472e-06 4.472e-06 4.000e-06 4.000e-06 
1.157e+02 1.920e-04 1.612e-05 1.612e-05 1.400e-05 1.400e-05 
6.826e+01 8.400e-04 5.000e-05 5.000e-05 4.000e-05 4.000e-05 
4.637e+01 2.320e-03 1.640e-04 1.640e-04 1.000e-04 1.000e-04 
3.578e+01 4.510e-03 2.884e-04 2.884e-04 1.600e-04 1.600e-04 
2.773e+01 9.100e-03 5.831e-04 5.831e-04 3.000e-04 3.000e-04 
2.159e+01 1.820e-02 1.077e-03 1.077e-03 4.000e-04 4.000e-04 
1.690e+01 3.640e-02 2.025e-03 2.025e-03 7.000e-04 7.000e-04 
1.328e+01 6.490e-02 3.479e-03 3.479e-03 1.100e-03 1.100e-03 
1.049e+01 1.143e-01 6.073e-03 6.073e-03 1.800e-03 1.800e-03 
8.367e+00 1.950e-01 1.044e-02 1.044e-02 3.000e-03 3.000e-03 
6.733e+00 3.230e-01 1.649e-02 1.649e-02 4.000e-03 4.000e-03 
5.459e+00 5.000e-01 2.474e-02 2.474e-02 6.000e-03 6.000e-03 
4.469e+00 7.440e-01 3.711e-02 3.711e-02 9.000e-03 9.000e-03 
3.695e+00 1.093e+00 5.457e-02 5.457e-02 1.300e-02 1.300e-02 
3.080e+00 1.413e+00 7.009e-02 7.009e-02 1.700e-02 1.700e-02 
2.589e+00 1.730e+00 8.246e-02 8.246e-02 2.000e-02 2.000e-02 
2.191e+00 2.010e+00 1.044e-01 1.044e-01 3.000e-02 3.000e-02 
