#Source: SSDC
#Ref: 110.1103/PhysRevLett.124.211102 (2020PhRvL.124u1102A)
#Experiment: AMS-02
#Quantity: Si
#Units: rigidity(original)
#Url: https://tools.ssdc.asi.it/CosmicRays/
#Comments: Z=14
2.27076e+00 2.17200e-01 1.38611e-02 1.38611e-02 1.30000e-03 1.30000e-03 
2.53056e+00 2.01200e-01 9.56347e-03 9.56347e-03 1.10000e-03 1.10000e-03 
2.81508e+00 1.82600e-01 7.65310e-03 7.65310e-03 9.00000e-04 9.00000e-04 
3.12495e+00 1.63500e-01 6.64831e-03 6.64831e-03 8.00000e-04 8.00000e-04 
3.45955e+00 1.45400e-01 5.73149e-03 5.73149e-03 6.00000e-04 6.00000e-04 
3.82418e+00 1.26300e-01 4.92544e-03 4.92544e-03 5.00000e-04 5.00000e-04 
4.21886e+00 1.08500e-01 4.11947e-03 4.11947e-03 4.00000e-04 4.00000e-04 
4.64829e+00 9.37300e-02 3.56923e-03 3.56923e-03 3.70000e-04 3.70000e-04 
5.11777e+00 7.90600e-02 2.98511e-03 2.98511e-03 3.00000e-04 3.00000e-04 
5.62731e+00 6.63700e-02 2.49257e-03 2.49257e-03 2.50000e-04 2.50000e-04 
6.17690e+00 5.65600e-02 2.12042e-03 2.12042e-03 2.10000e-04 2.10000e-04 
6.77126e+00 4.72100e-02 1.76819e-03 1.76819e-03 1.70000e-04 1.70000e-04 
7.41568e+00 3.97700e-02 1.48661e-03 1.48661e-03 1.40000e-04 1.40000e-04 
8.11015e+00 3.25100e-02 1.21594e-03 1.21594e-03 1.20000e-04 1.20000e-04 
8.85942e+00 2.71700e-02 1.01494e-03 1.01494e-03 1.00000e-04 1.00000e-04 
9.66876e+00 2.24700e-02 8.34865e-04 8.34865e-04 9.00000e-05 9.00000e-05 
1.05382e+01 1.85900e-02 6.93542e-04 6.93542e-04 7.00000e-05 7.00000e-05 
1.14866e+01 1.52300e-02 5.73149e-04 5.73149e-04 6.00000e-05 6.00000e-05 
1.24877e+01 1.26000e-02 4.73814e-04 4.73814e-04 6.00000e-05 6.00000e-05 
1.35362e+01 1.04600e-02 3.93192e-04 3.93192e-04 5.00000e-05 5.00000e-05 
1.46849e+01 8.55100e-03 3.20632e-04 3.20632e-04 4.10000e-05 4.10000e-05 
1.59337e+01 7.03600e-03 2.64327e-04 2.64327e-04 3.50000e-05 3.50000e-05 
1.72825e+01 5.75900e-03 2.16093e-04 2.16093e-04 3.00000e-05 3.00000e-05 
1.87315e+01 4.73500e-03 1.77767e-04 1.77767e-04 2.50000e-05 2.50000e-05 
2.02806e+01 3.91600e-03 1.47503e-04 1.47503e-04 2.10000e-05 2.10000e-05 
2.19297e+01 3.20000e-03 1.20354e-04 1.20354e-04 1.80000e-05 1.80000e-05 
2.37266e+01 2.62300e-03 9.91413e-05 9.91413e-05 1.50000e-05 1.50000e-05 
2.56760e+01 2.17100e-03 8.20366e-05 8.20366e-05 1.30000e-05 1.30000e-05 
2.77255e+01 1.79900e-03 6.78970e-05 6.78970e-05 1.10000e-05 1.10000e-05 
2.99228e+01 1.48700e-03 5.67186e-05 5.67186e-05 9.00000e-06 9.00000e-06 
3.22725e+01 1.23100e-03 4.66905e-05 4.66905e-05 8.00000e-06 8.00000e-06 
3.47700e+01 1.01200e-03 3.86394e-05 3.86394e-05 7.00000e-06 7.00000e-06 
3.74678e+01 8.44600e-04 3.22628e-05 3.22628e-05 6.00000e-06 6.00000e-06 
4.03656e+01 6.88700e-04 2.63388e-05 2.63388e-05 5.30000e-06 5.30000e-06 
4.34637e+01 5.68100e-04 2.18888e-05 2.18888e-05 4.60000e-06 4.60000e-06 
4.67619e+01 4.77600e-04 1.84610e-05 1.84610e-05 4.10000e-06 4.10000e-06 
5.03081e+01 3.95100e-04 1.53287e-05 1.53287e-05 3.60000e-06 3.60000e-06 
5.41067e+01 3.24500e-04 1.27094e-05 1.27094e-05 3.20000e-06 3.20000e-06 
5.81533e+01 2.60300e-04 1.02616e-05 1.02616e-05 2.70000e-06 2.70000e-06 
6.25001e+01 2.22500e-04 8.76413e-06 8.76413e-06 2.50000e-06 2.50000e-06 
6.71949e+01 1.81300e-04 7.21249e-06 7.21249e-06 2.10000e-06 2.10000e-06 
7.22423e+01 1.49300e-04 6.00833e-06 6.00833e-06 1.90000e-06 1.90000e-06 
7.76378e+01 1.23200e-04 4.96488e-06 4.96488e-06 1.60000e-06 1.60000e-06 
8.34335e+01 1.02500e-04 4.14367e-06 4.14367e-06 1.40000e-06 1.40000e-06 
8.96774e+01 8.45800e-05 3.47638e-06 3.47638e-06 1.26000e-06 1.26000e-06 
9.64217e+01 6.66500e-05 2.77462e-06 2.77462e-06 1.07000e-06 1.07000e-06 
1.03905e+02 5.72500e-05 2.38849e-06 2.38849e-06 9.30000e-07 9.30000e-07 
1.11912e+02 4.46900e-05 1.90547e-06 1.90547e-06 8.20000e-07 8.20000e-07 
1.20396e+02 3.82000e-05 1.64584e-06 1.64584e-06 7.20000e-07 7.20000e-07 
1.29881e+02 3.05900e-05 1.32834e-06 1.32834e-06 6.10000e-07 6.10000e-07 
1.40842e+02 2.34800e-05 1.03354e-06 1.03354e-06 4.90000e-07 4.90000e-07 
1.53330e+02 1.93400e-05 8.59593e-07 8.59593e-07 4.20000e-07 4.20000e-07 
1.67293e+02 1.56600e-05 7.03278e-07 7.03278e-07 3.50000e-07 3.50000e-07 
1.83257e+02 1.19900e-05 5.52268e-07 5.52268e-07 2.90000e-07 2.90000e-07 
2.01224e+02 9.19100e-06 4.35718e-07 4.35718e-07 2.41000e-07 2.41000e-07 
2.21664e+02 6.88000e-06 3.35726e-07 3.35726e-07 1.94000e-07 1.94000e-07 
2.45576e+02 5.59500e-06 2.76669e-07 2.76669e-07 1.61000e-07 1.61000e-07 
2.74426e+02 3.90700e-06 1.99805e-07 1.99805e-07 1.21000e-07 1.21000e-07 
3.09744e+02 2.75700e-06 1.46492e-07 1.46492e-07 9.20000e-08 9.20000e-08 
3.53455e+02 1.96000e-06 1.07815e-07 1.07815e-07 7.00000e-08 7.00000e-08 
4.08553e+02 1.38700e-06 7.93977e-08 7.93977e-08 5.20000e-08 5.20000e-08 
4.80744e+02 8.39700e-07 5.14534e-08 5.14534e-08 3.48000e-08 3.48000e-08 
5.87746e+02 5.29500e-07 3.36893e-08 3.36893e-08 2.19000e-08 2.19000e-08 
7.51858e+02 2.73200e-07 1.97084e-08 1.97084e-08 1.29000e-08 1.29000e-08 
1.01260e+03 1.14600e-07 9.93579e-09 9.93579e-09 6.40000e-09 6.40000e-09 
1.85265e+03 1.99900e-08 3.33840e-09 3.33840e-09 2.93000e-09 2.93000e-09 
