#Source: CRDB
#Ref:  ()
#Experiment: AMS-02
#Quantity: Si
#Units: total energy
#Url: https://lpsc.in2p3.fr/crdb
#Comments: converted from original table
5.65812e+02 4.92451e-05 1.88334e-06 1.88334e-06 3.78974e-07 3.78974e-07 
6.09147e+02 4.06158e-05 1.56492e-06 1.56492e-06 3.28873e-07 3.28873e-07 
6.55287e+02 3.41413e-05 1.31969e-06 1.31969e-06 2.93089e-07 2.93089e-07 
7.04907e+02 2.82407e-05 1.09566e-06 1.09566e-06 2.57319e-07 2.57319e-07 
7.58058e+02 2.31923e-05 9.08354e-07 9.08354e-07 2.28707e-07 2.28707e-07 
8.14687e+02 1.86024e-05 7.33345e-07 7.33345e-07 1.92956e-07 1.92956e-07 
8.75522e+02 1.58999e-05 6.26287e-07 6.26287e-07 1.78651e-07 1.78651e-07 
9.41237e+02 1.29550e-05 5.15375e-07 5.15375e-07 1.50057e-07 1.50057e-07 
1.01188e+03 1.06678e-05 4.29309e-07 4.29309e-07 1.35759e-07 1.35759e-07 
1.08741e+03 8.80253e-06 3.54736e-07 3.54736e-07 1.14319e-07 1.14319e-07 
1.16854e+03 7.32325e-06 2.96050e-07 2.96050e-07 1.00025e-07 1.00025e-07 
1.25595e+03 6.04273e-06 2.48366e-07 2.48366e-07 9.00194e-08 9.00194e-08 
1.35036e+03 4.76160e-06 1.98224e-07 1.98224e-07 7.64428e-08 7.64428e-08 
1.45516e+03 4.08994e-06 1.70634e-07 1.70634e-07 6.64392e-08 6.64392e-08 
1.56722e+03 3.19258e-06 1.36123e-07 1.36123e-07 5.85795e-08 5.85795e-08 
1.68603e+03 2.72890e-06 1.17574e-07 1.17574e-07 5.14347e-08 5.14347e-08 
2.65632e+04 1.42786e-09 2.38457e-10 2.38457e-10 2.09286e-10 2.09286e-10 
1.42223e+04 8.18573e-09 7.09701e-10 7.09701e-10 4.57144e-10 4.57144e-10 
1.05475e+04 1.95143e-08 1.40775e-09 1.40775e-09 9.21431e-10 9.21431e-10 
8.24104e+03 3.78216e-08 2.40639e-09 2.40639e-09 1.56429e-09 1.56429e-09 
6.73644e+03 5.99790e-08 3.67527e-09 3.67527e-09 2.48573e-09 2.48573e-09 
5.72363e+03 9.90725e-08 5.67133e-09 5.67133e-09 3.71432e-09 3.71432e-09 
4.95120e+03 1.40002e-07 7.70115e-09 7.70115e-09 5.00007e-09 5.00007e-09 
4.33850e+03 1.96932e-07 1.04639e-08 1.04639e-08 6.57155e-09 6.57155e-09 
3.84357e+03 2.79078e-07 1.42721e-08 1.42721e-08 8.64306e-09 8.64306e-09 
3.43929e+03 3.99654e-07 1.97627e-08 1.97627e-08 1.15003e-08 1.15003e-08 
3.10429e+03 4.91446e-07 2.39813e-08 2.39813e-08 1.38576e-08 1.38576e-08 
2.81798e+03 6.56528e-07 3.11240e-08 3.11240e-08 1.72150e-08 1.72150e-08 
2.56638e+03 8.56473e-07 3.94498e-08 3.94498e-08 2.07153e-08 2.07153e-08 
2.34279e+03 1.11864e-06 5.02373e-08 5.02373e-08 2.50015e-08 2.50015e-08 
2.14723e+03 1.38153e-06 6.14040e-08 6.14040e-08 3.00022e-08 3.00022e-08 
1.97238e+03 1.67729e-06 7.38306e-08 7.38306e-08 3.50031e-08 3.50031e-08 
1.81884e+03 2.18522e-06 9.48915e-08 9.48915e-08 4.35759e-08 4.35759e-08 
4.11456e+01 2.00580e-02 1.28004e-03 1.28004e-03 1.20052e-04 1.20052e-04 
4.40183e+01 1.78387e-02 8.47912e-04 8.47912e-04 9.75277e-05 9.75277e-05 
4.72872e+01 1.56349e-02 6.55286e-04 6.55286e-04 7.70612e-05 7.70612e-05 
5.09602e+01 1.35924e-02 5.52701e-04 5.52701e-04 6.65073e-05 6.65073e-05 
5.50368e+01 1.17929e-02 4.64861e-04 4.64861e-04 4.86639e-05 4.86639e-05 
5.95808e+01 1.00328e-02 3.91261e-04 3.91261e-04 3.97183e-05 3.97183e-05 
6.45934e+01 8.47047e-03 3.21602e-04 3.21602e-04 3.12275e-05 3.12275e-05 
7.01362e+01 7.21161e-03 2.74617e-04 2.74617e-04 2.84679e-05 2.84679e-05 
7.62770e+01 6.00890e-03 2.26881e-04 2.26881e-04 2.28013e-05 2.28013e-05 
8.30164e+01 4.99322e-03 1.87524e-04 1.87524e-04 1.88083e-05 1.88083e-05 
9.03532e+01 4.21938e-03 1.58184e-04 1.58184e-04 1.56660e-05 1.56660e-05 
9.83502e+01 3.49718e-03 1.30983e-04 1.30983e-04 1.25931e-05 1.25931e-05 
1.07076e+02 2.92880e-03 1.09479e-04 1.09479e-04 1.03101e-05 1.03101e-05 
1.16531e+02 2.38250e-03 8.91099e-05 8.91099e-05 8.79420e-06 8.79420e-06 
1.26777e+02 1.98307e-03 7.40778e-05 7.40778e-05 7.29875e-06 7.29875e-06 
1.37887e+02 1.63446e-03 6.07278e-05 6.07278e-05 6.54657e-06 6.54657e-06 
5.25283e+02 6.04030e-05 2.30733e-06 2.30733e-06 4.29100e-07 4.29100e-07 
4.87559e+02 7.23892e-05 2.76390e-06 2.76390e-06 5.00716e-07 5.00716e-07 
4.52641e+02 8.80747e-05 3.34058e-06 3.34058e-06 5.72378e-07 5.72378e-07 
4.19803e+02 1.06420e-04 4.05916e-06 4.05916e-06 6.44099e-07 6.44099e-07 
3.89098e+02 1.28789e-04 4.86070e-06 4.86070e-06 7.87483e-07 7.87483e-07 
3.60474e+02 1.55478e-04 5.87513e-06 5.87513e-06 9.31008e-07 9.31008e-07 
3.33258e+02 1.87933e-04 7.10327e-06 7.10327e-06 1.07472e-06 1.07472e-06 
3.08177e+02 2.29393e-04 8.62759e-06 8.62759e-06 1.29034e-06 1.29034e-06 
2.85176e+02 2.80890e-04 1.05802e-05 1.05802e-05 1.50630e-06 1.50630e-06 
2.63585e+02 3.39880e-04 1.27601e-05 1.27601e-05 1.79451e-06 1.79451e-06 
2.43405e+02 4.13735e-04 1.55244e-05 1.55244e-05 2.15525e-06 2.15525e-06 
2.24636e+02 5.05988e-04 1.90089e-05 1.90089e-05 2.51700e-06 2.51700e-06 
2.07279e+02 6.15671e-04 2.30855e-05 2.30855e-05 2.95200e-06 2.95200e-06 
1.91333e+02 7.54172e-04 2.83494e-05 2.83494e-05 3.60503e-06 3.60503e-06 
1.76797e+02 9.09940e-04 3.42177e-05 3.42177e-05 4.33305e-06 4.33305e-06 
1.62953e+02 1.10204e-03 4.14731e-05 4.14731e-05 4.34160e-06 4.34160e-06 
1.49857e+02 1.34841e-03 5.03053e-05 5.03053e-05 5.07737e-06 5.07737e-06 
