#Source: CRDB
#Ref: Ahn et al., ApJ 707, 593 (2009) ()
#Experiment: CREAM-II
#Quantity: Si
#Units: kinetic Energy per nucleon
#Url: https://lpsc.in2p3.fr/crdb
#Comments: 
2.82843e+01 4.54000e-04 7.26666e-05 7.26666e-05 5.60000e-05 5.60000e-05 
4.81664e+01 1.35000e-04 2.18772e-05 2.18772e-05 1.70000e-05 1.70000e-05 
7.65376e+01 3.03000e-05 4.17035e-06 4.17035e-06 2.80000e-06 2.80000e-06 
1.32947e+02 5.04000e-06 7.38362e-07 7.38362e-07 5.30000e-07 5.30000e-07 
2.30651e+02 1.50000e-06 2.51811e-07 2.51811e-07 2.00000e-07 2.00000e-07 
4.01019e+02 3.88000e-07 8.83587e-08 8.83587e-08 7.90000e-08 7.90000e-08 
6.97245e+02 1.15000e-07 3.69133e-08 4.94125e-08 3.50000e-08 4.80000e-08 
1.21146e+03 1.90000e-08 9.20629e-09 1.71101e-08 9.00000e-09 1.70000e-08 
2.41831e+03 3.20000e-09 1.82935e-09 3.61477e-09 1.80000e-09 3.60000e-09 
