#Source: CRDB
#Ref: 10.1088/0004-637X/707/1/593 (2009ApJ...707..593A)
#Experiment: CREAM-II
#Quantity: Si
#Units: total Energy
#Url: https://lpsc.in2p3.fr/crdb
#Comments: 
8.19549e+02 1.62143e-05 2.59523e-06 2.59523e-06 2.00000e-06 2.00000e-06 
1.37516e+03 4.82143e-06 7.81329e-07 7.81329e-07 6.07143e-07 6.07143e-07 
2.17011e+03 1.08214e-06 1.48941e-07 1.48941e-07 1.00000e-07 1.00000e-07 
3.74957e+03 1.80000e-07 2.63701e-08 2.63701e-08 1.89286e-08 1.89286e-08 
6.48529e+03 5.35714e-08 8.99327e-09 8.99327e-09 7.14286e-09 7.14286e-09 
1.12556e+04 1.38571e-08 3.15567e-09 3.15567e-09 2.82143e-09 2.82143e-09 
1.95499e+04 4.10714e-09 1.31833e-09 1.76473e-09 1.25000e-09 1.71429e-09 
3.39480e+04 6.78571e-10 3.28796e-10 6.11075e-10 3.21429e-10 6.07143e-10 
6.77410e+04 1.14286e-10 6.53341e-11 1.29099e-10 6.42857e-11 1.28571e-10 
