# credit: SSDC Cosmic Ray Database tools.asdc.asi.it/CosmicRays 
# rigidity [GV] - flux [] - flux_error_low [] - flux_error_high [] 
2.27500e+00   7.05200e-01   6.47791e-02   6.47791e-02   
2.53500e+00   7.16600e-01   4.62100e-02   4.62100e-02   
2.82000e+00   7.32500e-01   4.24335e-02   4.24335e-02   
3.13000e+00   7.45500e-01   4.20813e-02   4.20813e-02   
3.46500e+00   7.45500e-01   4.15278e-02   4.15278e-02   
3.83000e+00   7.46200e-01   4.10612e-02   4.10612e-02   
4.22500e+00   7.41800e-01   4.05089e-02   4.05089e-02   
4.65500e+00   7.49400e-01   4.06775e-02   4.06775e-02   
5.12500e+00   7.38700e-01   3.99915e-02   3.99915e-02   
5.63500e+00   7.35200e-01   3.96553e-02   3.96553e-02   
6.18500e+00   7.53900e-01   4.06731e-02   4.06731e-02   
6.78000e+00   7.53400e-01   4.05336e-02   4.05336e-02   
7.42500e+00   7.64300e-01   4.12098e-02   4.12098e-02   
8.12000e+00   7.54800e-01   4.06778e-02   4.06778e-02   
8.87000e+00   7.66200e-01   4.13627e-02   4.13627e-02   
9.68000e+00   7.71100e-01   4.15868e-02   4.15868e-02   
1.05500e+01   7.73900e-01   4.17597e-02   4.17597e-02   
1.15000e+01   7.79700e-01   4.20996e-02   4.20996e-02   
1.25000e+01   7.86700e-01   4.24455e-02   4.24455e-02   
1.35500e+01   7.92800e-01   4.27914e-02   4.27914e-02   
1.47000e+01   7.84100e-01   4.24400e-02   4.24400e-02   
1.59500e+01   7.88400e-01   4.26129e-02   4.26129e-02   
1.73000e+01   7.91200e-01   4.27914e-02   4.27914e-02   
1.87500e+01   7.90300e-01   4.27914e-02   4.27914e-02   
2.03000e+01   8.03800e-01   4.34887e-02   4.34887e-02   
2.19500e+01   8.03200e-01   4.34887e-02   4.34887e-02   
2.37500e+01   8.04700e-01   4.36676e-02   4.36676e-02   
2.57000e+01   8.14800e-01   4.43078e-02   4.43078e-02   
2.77500e+01   8.21700e-01   4.47171e-02   4.47171e-02   
2.99500e+01   8.21900e-01   4.48389e-02   4.48389e-02   
3.23000e+01   8.26800e-01   4.51911e-02   4.51911e-02   
3.48000e+01   8.26700e-01   4.53707e-02   4.53707e-02   
3.75000e+01   8.41100e-01   4.62415e-02   4.62415e-02   
4.04000e+01   8.48800e-01   4.67669e-02   4.67669e-02   
4.35000e+01   8.32300e-01   4.60831e-02   4.60831e-02   
4.68000e+01   8.63000e-01   4.79407e-02   4.79407e-02   
5.03500e+01   8.65200e-01   4.81782e-02   4.81782e-02   
5.41500e+01   8.64800e-01   4.83587e-02   4.83587e-02   
5.82000e+01   8.40800e-01   4.72655e-02   4.72655e-02   
6.25500e+01   8.78600e-01   4.95263e-02   4.95263e-02   
6.72500e+01   8.73500e-01   4.94190e-02   4.94190e-02   
7.23000e+01   8.70900e-01   4.95344e-02   4.95344e-02   
7.77000e+01   8.99700e-01   5.12771e-02   5.12771e-02   
8.35000e+01   8.86100e-01   5.07023e-02   5.07023e-02   
8.97500e+01   8.97200e-01   5.14581e-02   5.14581e-02   
9.65000e+01   8.56400e-01   4.91977e-02   4.91977e-02   
1.04000e+02   9.19900e-01   5.30284e-02   5.30284e-02   
1.12000e+02   8.59700e-01   4.97239e-02   4.97239e-02   
1.20500e+02   8.96000e-01   5.19271e-02   5.19271e-02   
1.30000e+02   8.82900e-01   5.12853e-02   5.12853e-02   
1.41000e+02   8.58300e-01   5.00688e-02   5.00688e-02   
1.53500e+02   8.98000e-01   5.25018e-02   5.25018e-02   
1.67500e+02   9.36200e-01   5.50590e-02   5.50590e-02   
1.83500e+02   9.25800e-01   5.47228e-02   5.47228e-02   
2.01500e+02   8.96600e-01   5.31797e-02   5.31797e-02   
2.22000e+02   8.75600e-01   5.23272e-02   5.23272e-02   
2.46000e+02   9.40100e-01   5.66022e-02   5.66022e-02   
2.75000e+02   9.07600e-01   5.50965e-02   5.50965e-02   
3.10500e+02   8.49200e-01   5.21531e-02   5.21531e-02   
3.54500e+02   8.99400e-01   5.60787e-02   5.60787e-02   
4.10000e+02   9.79800e-01   6.23179e-02   6.23179e-02   
4.83000e+02   8.95400e-01   5.85720e-02   5.85720e-02   
5.92500e+02   8.70500e-01   5.97532e-02   5.97532e-02   
7.60000e+02   9.61800e-01   7.11927e-02   7.11927e-02   
1.03000e+03   8.27900e-01   6.96161e-02   6.96161e-02   
2.10000e+03   7.90600e-01   7.37534e-02   7.37534e-02   
