#Source: SSDC
#Ref: 10.1103/PhysRevLett.124.211102 (2020PhRvL.124u1102A)
#Experiment: AMS-02
#Quantity: Si/Mg
#Units: rigidity(original)
#Url: https://tools.ssdc.asi.it/CosmicRays/
#Comments: 
2.27156e+00 7.05200e-01 3.77737e-02 3.77737e-02 5.30000e-03 5.30000e-03 
2.53140e+00 7.16600e-01 2.71459e-02 2.71459e-02 4.90000e-03 4.90000e-03 
2.81601e+00 7.32500e-01 2.49281e-02 2.49281e-02 4.60000e-03 4.60000e-03 
3.12591e+00 7.45500e-01 2.47132e-02 2.47132e-02 4.50000e-03 4.50000e-03 
3.46058e+00 7.45500e-01 2.43647e-02 2.43647e-02 4.20000e-03 4.20000e-03 
3.82528e+00 7.46200e-01 2.40520e-02 2.40520e-02 4.10000e-03 4.10000e-03 
4.22002e+00 7.41800e-01 2.37394e-02 2.37394e-02 4.00000e-03 4.00000e-03 
4.64956e+00 7.49400e-01 2.38053e-02 2.38053e-02 3.80000e-03 3.80000e-03 
5.11914e+00 7.38700e-01 2.33788e-02 2.33788e-02 3.60000e-03 3.60000e-03 
5.62877e+00 7.35200e-01 2.31812e-02 2.31812e-02 3.60000e-03 3.60000e-03 
6.17843e+00 7.53900e-01 2.37895e-02 2.37895e-02 3.70000e-03 3.70000e-03 
6.77291e+00 7.53400e-01 2.36753e-02 2.36753e-02 3.60000e-03 3.60000e-03 
7.41744e+00 7.64300e-01 2.40859e-02 2.40859e-02 3.70000e-03 3.70000e-03 
8.11202e+00 7.54800e-01 2.37741e-02 2.37741e-02 3.60000e-03 3.60000e-03 
8.86142e+00 7.66200e-01 2.41847e-02 2.41847e-02 3.70000e-03 3.70000e-03 
9.67088e+00 7.71100e-01 2.43148e-02 2.43148e-02 3.90000e-03 3.90000e-03 
1.05404e+01 7.73900e-01 2.44463e-02 2.44463e-02 4.10000e-03 4.10000e-03 
1.14891e+01 7.79700e-01 2.46603e-02 2.46603e-02 4.20000e-03 4.20000e-03 
1.24900e+01 7.86700e-01 2.49281e-02 2.49281e-02 4.60000e-03 4.60000e-03 
1.35388e+01 7.92800e-01 2.51621e-02 2.51621e-02 4.80000e-03 4.80000e-03 
1.46877e+01 7.84100e-01 2.50050e-02 2.50050e-02 5.00000e-03 5.00000e-03 
1.59367e+01 7.88400e-01 2.51436e-02 2.51436e-02 5.20000e-03 5.20000e-03 
1.72858e+01 7.91200e-01 2.52834e-02 2.52834e-02 5.40000e-03 5.40000e-03 
1.87350e+01 7.90300e-01 2.53269e-02 2.53269e-02 5.60000e-03 5.60000e-03 
2.02842e+01 8.03800e-01 2.57841e-02 2.57841e-02 5.90000e-03 5.90000e-03 
2.19335e+01 8.03200e-01 2.58072e-02 2.58072e-02 6.00000e-03 6.00000e-03 
2.37310e+01 8.04700e-01 2.59044e-02 2.59044e-02 6.00000e-03 6.00000e-03 
2.56805e+01 8.14800e-01 2.63638e-02 2.63638e-02 6.30000e-03 6.30000e-03 
2.77301e+01 8.21700e-01 2.66308e-02 2.66308e-02 6.60000e-03 6.60000e-03 
2.99279e+01 8.21900e-01 2.67526e-02 2.67526e-02 6.70000e-03 6.70000e-03 
3.22777e+01 8.26800e-01 2.70749e-02 2.70749e-02 7.20000e-03 7.20000e-03 
3.47757e+01 8.26700e-01 2.72523e-02 2.72523e-02 7.50000e-03 7.50000e-03 
3.74739e+01 8.41100e-01 2.79016e-02 2.79016e-02 8.10000e-03 8.10000e-03 
4.03721e+01 8.48800e-01 2.83979e-02 2.83979e-02 8.80000e-03 8.80000e-03 
4.34706e+01 8.32300e-01 2.81135e-02 2.81135e-02 9.10000e-03 9.10000e-03 
4.67691e+01 8.63000e-01 2.94839e-02 2.94839e-02 1.01000e-02 1.01000e-02 
5.03160e+01 8.65200e-01 2.97881e-02 2.97881e-02 1.07000e-02 1.07000e-02 
5.41149e+01 8.64800e-01 3.01392e-02 3.01392e-02 1.14000e-02 1.14000e-02 
5.81621e+01 8.40800e-01 2.97809e-02 2.97809e-02 1.19000e-02 1.19000e-02 
6.25095e+01 8.78600e-01 3.14574e-02 3.14574e-02 1.31000e-02 1.31000e-02 
6.72054e+01 8.73500e-01 3.16653e-02 3.16653e-02 1.38000e-02 1.38000e-02 
7.22532e+01 8.70900e-01 3.21566e-02 3.21566e-02 1.47000e-02 1.47000e-02 
7.76495e+01 8.99700e-01 3.37431e-02 3.37431e-02 1.62000e-02 1.62000e-02 
8.34461e+01 8.86100e-01 3.38245e-02 3.38245e-02 1.69000e-02 1.69000e-02 
8.96911e+01 8.97200e-01 3.47807e-02 3.47807e-02 1.81000e-02 1.81000e-02 
9.64365e+01 8.56400e-01 3.39488e-02 3.39488e-02 1.86000e-02 1.86000e-02 
1.03923e+02 9.19900e-01 3.68322e-02 3.68322e-02 2.05000e-02 2.05000e-02 
1.11929e+02 8.59700e-01 3.57405e-02 3.57405e-02 2.13000e-02 2.13000e-02 
1.20416e+02 8.96000e-01 3.77414e-02 3.77414e-02 2.29000e-02 2.29000e-02 
1.29904e+02 8.82900e-01 3.79816e-02 3.79816e-02 2.38000e-02 2.38000e-02 
1.40872e+02 8.58300e-01 3.75023e-02 3.75023e-02 2.39000e-02 2.39000e-02 
1.53362e+02 8.98000e-01 4.04516e-02 4.04516e-02 2.68000e-02 2.68000e-02 
1.67332e+02 9.36200e-01 4.31727e-02 4.31727e-02 2.92000e-02 2.92000e-02 
1.83303e+02 9.25800e-01 4.41969e-02 4.41969e-02 3.09000e-02 3.09000e-02 
2.01276e+02 8.96600e-01 4.44173e-02 4.44173e-02 3.21000e-02 3.21000e-02 
2.21727e+02 8.75600e-01 4.51031e-02 4.51031e-02 3.35000e-02 3.35000e-02 
2.45656e+02 9.40100e-01 4.96042e-02 4.96042e-02 3.73000e-02 3.73000e-02 
2.74534e+02 9.07600e-01 4.99349e-02 4.99349e-02 3.85000e-02 3.85000e-02 
3.09887e+02 8.49200e-01 4.87124e-02 4.87124e-02 3.83000e-02 3.83000e-02 
3.53652e+02 8.99400e-01 5.42403e-02 5.42403e-02 4.35000e-02 4.35000e-02 
4.08826e+02 9.79800e-01 6.25895e-02 6.25895e-02 5.12000e-02 5.12000e-02 
4.81170e+02 8.95400e-01 6.08506e-02 6.08506e-02 5.06000e-02 5.06000e-02 
5.88643e+02 8.70500e-01 5.96004e-02 5.96004e-02 4.86000e-02 4.86000e-02 
7.53392e+02 9.61800e-01 7.53048e-02 7.53048e-02 6.31000e-02 6.31000e-02 
1.01587e+03 8.27900e-01 7.42280e-02 7.42280e-02 6.24000e-02 6.24000e-02 
1.89737e+03 7.90600e-01 1.58916e-01 1.58916e-01 1.53100e-01 1.53100e-01 
