#Source: SSDC
#Ref: 10.1103/PhysRevLett.124.211102 (2020PhRvL.124u1102A)
#Experiment: AMS-02
#Quantity: Si/O
#Units: rigidity(original)
#Url: https://tools.ssdc.asi.it/CosmicRays/
#Comments: 
2.27156e+00 1.40600e-01 7.55381e-03 7.55381e-03 9.00000e-04 9.00000e-04 
2.53140e+00 1.41300e-01 5.26118e-03 5.26118e-03 8.00000e-04 8.00000e-04 
2.81601e+00 1.41200e-01 4.55412e-03 4.55412e-03 7.00000e-04 7.00000e-04 
3.12591e+00 1.42500e-01 4.45533e-03 4.45533e-03 7.00000e-04 7.00000e-04 
3.46058e+00 1.44900e-01 4.35660e-03 4.35660e-03 7.00000e-04 7.00000e-04 
3.82528e+00 1.45200e-01 4.25793e-03 4.25793e-03 7.00000e-04 7.00000e-04 
4.22002e+00 1.45700e-01 4.24264e-03 4.24264e-03 6.00000e-04 6.00000e-04 
4.64956e+00 1.48400e-01 4.24264e-03 4.24264e-03 6.00000e-04 6.00000e-04 
5.11914e+00 1.48400e-01 4.24264e-03 4.24264e-03 6.00000e-04 6.00000e-04 
5.62877e+00 1.48700e-01 4.24264e-03 4.24264e-03 6.00000e-04 6.00000e-04 
6.17843e+00 1.51900e-01 4.34166e-03 4.34166e-03 6.00000e-04 6.00000e-04 
6.77291e+00 1.52700e-01 4.34166e-03 4.34166e-03 6.00000e-04 6.00000e-04 
7.41744e+00 1.56200e-01 4.44072e-03 4.44072e-03 6.00000e-04 6.00000e-04 
8.11202e+00 1.54700e-01 4.34166e-03 4.34166e-03 6.00000e-04 6.00000e-04 
8.86142e+00 1.57200e-01 4.44072e-03 4.44072e-03 6.00000e-04 6.00000e-04 
9.67088e+00 1.58400e-01 4.53982e-03 4.53982e-03 6.00000e-04 6.00000e-04 
1.05404e+01 1.60500e-01 4.55412e-03 4.55412e-03 7.00000e-04 7.00000e-04 
1.14891e+01 1.60100e-01 4.55412e-03 4.55412e-03 7.00000e-04 7.00000e-04 
1.24900e+01 1.61200e-01 4.66905e-03 4.66905e-03 8.00000e-04 8.00000e-04 
1.35388e+01 1.62800e-01 4.66905e-03 4.66905e-03 8.00000e-04 8.00000e-04 
1.46877e+01 1.62700e-01 4.66905e-03 4.66905e-03 8.00000e-04 8.00000e-04 
1.59367e+01 1.62600e-01 4.68722e-03 4.68722e-03 9.00000e-04 9.00000e-04 
1.72858e+01 1.62700e-01 4.68722e-03 4.68722e-03 9.00000e-04 9.00000e-04 
1.87350e+01 1.62600e-01 4.68722e-03 4.68722e-03 9.00000e-04 9.00000e-04 
2.02842e+01 1.63900e-01 4.80521e-03 4.80521e-03 1.00000e-03 1.00000e-03 
2.19335e+01 1.63000e-01 4.80521e-03 4.80521e-03 1.00000e-03 1.00000e-03 
2.37310e+01 1.63500e-01 4.80521e-03 4.80521e-03 1.00000e-03 1.00000e-03 
2.56805e+01 1.65600e-01 4.90306e-03 4.90306e-03 1.00000e-03 1.00000e-03 
2.77301e+01 1.67400e-01 4.92443e-03 4.92443e-03 1.10000e-03 1.10000e-03 
2.99279e+01 1.67400e-01 4.92443e-03 4.92443e-03 1.10000e-03 1.10000e-03 
3.22777e+01 1.68200e-01 5.04480e-03 5.04480e-03 1.20000e-03 1.20000e-03 
3.47757e+01 1.68500e-01 5.04480e-03 5.04480e-03 1.20000e-03 1.20000e-03 
3.74739e+01 1.70100e-01 5.16624e-03 5.16624e-03 1.30000e-03 1.30000e-03 
4.03721e+01 1.70000e-01 5.19230e-03 5.19230e-03 1.40000e-03 1.40000e-03 
4.34706e+01 1.69400e-01 5.22015e-03 5.22015e-03 1.50000e-03 1.50000e-03 
4.67691e+01 1.72100e-01 5.34509e-03 5.34509e-03 1.60000e-03 1.60000e-03 
5.03160e+01 1.72500e-01 5.47083e-03 5.47083e-03 1.70000e-03 1.70000e-03 
5.41149e+01 1.72000e-01 5.50273e-03 5.50273e-03 1.80000e-03 1.80000e-03 
5.81621e+01 1.68400e-01 5.44243e-03 5.44243e-03 1.90000e-03 1.90000e-03 
6.25095e+01 1.73700e-01 5.66480e-03 5.66480e-03 2.00000e-03 2.00000e-03 
6.72054e+01 1.72400e-01 5.73847e-03 5.73847e-03 2.20000e-03 2.20000e-03 
7.22532e+01 1.73700e-01 5.86941e-03 5.86941e-03 2.30000e-03 2.30000e-03 
7.76495e+01 1.73300e-01 5.95063e-03 5.95063e-03 2.50000e-03 2.50000e-03 
8.34461e+01 1.74700e-01 6.08358e-03 6.08358e-03 2.60000e-03 2.60000e-03 
8.96911e+01 1.75700e-01 6.17171e-03 6.17171e-03 2.80000e-03 2.80000e-03 
9.64365e+01 1.69400e-01 6.12944e-03 6.12944e-03 2.90000e-03 2.90000e-03 
1.03923e+02 1.77100e-01 6.48845e-03 6.48845e-03 3.10000e-03 3.10000e-03 
1.11929e+02 1.68300e-01 6.32851e-03 6.32851e-03 3.30000e-03 3.30000e-03 
1.20416e+02 1.75000e-01 6.68880e-03 6.68880e-03 3.50000e-03 3.50000e-03 
1.29904e+02 1.73000e-01 6.79559e-03 6.79559e-03 3.70000e-03 3.70000e-03 
1.40872e+02 1.65500e-01 6.62873e-03 6.62873e-03 3.70000e-03 3.70000e-03 
1.53362e+02 1.73700e-01 7.10282e-03 7.10282e-03 4.10000e-03 4.10000e-03 
1.67332e+02 1.77300e-01 7.38173e-03 7.38173e-03 4.30000e-03 4.30000e-03 
1.83303e+02 1.72500e-01 7.42024e-03 7.42024e-03 4.50000e-03 4.50000e-03 
2.01276e+02 1.68800e-01 7.46525e-03 7.46525e-03 4.70000e-03 4.70000e-03 
2.21727e+02 1.65200e-01 7.65768e-03 7.65768e-03 5.00000e-03 5.00000e-03 
2.45656e+02 1.77700e-01 8.36301e-03 8.36301e-03 5.50000e-03 5.50000e-03 
2.74534e+02 1.64500e-01 8.06598e-03 8.06598e-03 5.50000e-03 5.50000e-03 
3.09887e+02 1.61500e-01 8.27345e-03 8.27345e-03 5.80000e-03 5.80000e-03 
3.53652e+02 1.62600e-01 8.62670e-03 8.62670e-03 6.10000e-03 6.10000e-03 
4.08826e+02 1.70500e-01 9.47629e-03 9.47629e-03 6.80000e-03 6.80000e-03 
4.81170e+02 1.62500e-01 9.76729e-03 9.76729e-03 7.20000e-03 7.20000e-03 
5.88643e+02 1.72800e-01 1.06775e-02 1.06775e-02 7.60000e-03 7.60000e-03 
7.53392e+02 1.66600e-01 1.15313e-02 1.15313e-02 8.40000e-03 8.40000e-03 
1.01587e+03 1.48900e-01 1.21017e-02 1.21017e-02 8.90000e-03 8.90000e-03 
1.89737e+03 1.28800e-01 2.13385e-02 2.13385e-02 1.97000e-02 1.97000e-02 
