# credit: SSDC Cosmic Ray Database tools.asdc.asi.it/CosmicRays 
# rigidity [GV] - flux [] - flux_error_low [] - flux_error_high [] 
2.27500e+00   1.40600e-01   1.06447e-02   1.06447e-02   
2.53500e+00   1.41300e-01   7.34915e-03   7.34915e-03   
2.82000e+00   1.41200e-01   6.39844e-03   6.39844e-03   
3.13000e+00   1.42500e-01   6.21450e-03   6.21450e-03   
3.46500e+00   1.44900e-01   6.10164e-03   6.10164e-03   
3.83000e+00   1.45200e-01   6.01249e-03   6.01249e-03   
4.22500e+00   1.45700e-01   5.96825e-03   5.96825e-03   
4.65500e+00   1.48400e-01   5.95399e-03   5.95399e-03   
5.12500e+00   1.48400e-01   5.94138e-03   5.94138e-03   
5.63500e+00   1.48700e-01   5.94138e-03   5.94138e-03   
6.18500e+00   1.51900e-01   6.07042e-03   6.07042e-03   
6.78000e+00   1.52700e-01   6.07042e-03   6.07042e-03   
7.42500e+00   1.56200e-01   6.28013e-03   6.28013e-03   
8.12000e+00   1.54700e-01   6.13107e-03   6.13107e-03   
8.87000e+00   1.57200e-01   6.27136e-03   6.27136e-03   
9.68000e+00   1.58400e-01   6.34192e-03   6.34192e-03   
1.05500e+01   1.60500e-01   6.42184e-03   6.42184e-03   
1.15000e+01   1.60100e-01   6.42184e-03   6.42184e-03   
1.25000e+01   1.61200e-01   6.50385e-03   6.50385e-03   
1.35500e+01   1.62800e-01   6.57343e-03   6.57343e-03   
1.47000e+01   1.62700e-01   6.57343e-03   6.57343e-03   
1.59500e+01   1.62600e-01   6.58635e-03   6.58635e-03   
1.73000e+01   1.62700e-01   6.58635e-03   6.58635e-03   
1.87500e+01   1.62600e-01   6.58635e-03   6.58635e-03   
2.03000e+01   1.63900e-01   6.67083e-03   6.67083e-03   
2.19500e+01   1.63000e-01   6.67083e-03   6.67083e-03   
2.37500e+01   1.63500e-01   6.74018e-03   6.74018e-03   
2.57000e+01   1.65600e-01   6.81029e-03   6.81029e-03   
2.77500e+01   1.67400e-01   6.89493e-03   6.89493e-03   
2.99500e+01   1.67400e-01   6.89493e-03   6.89493e-03   
3.23000e+01   1.68200e-01   6.98928e-03   6.98928e-03   
3.48000e+01   1.68500e-01   7.05833e-03   7.05833e-03   
3.75000e+01   1.70100e-01   7.14563e-03   7.14563e-03   
4.04000e+01   1.70000e-01   7.23326e-03   7.23326e-03   
4.35000e+01   1.69400e-01   7.25328e-03   7.25328e-03   
4.68000e+01   1.72100e-01   7.42092e-03   7.42092e-03   
5.03500e+01   1.72500e-01   7.51199e-03   7.51199e-03   
5.41500e+01   1.72000e-01   7.53525e-03   7.53525e-03   
5.82000e+01   1.68400e-01   7.42361e-03   7.42361e-03   
6.25500e+01   1.73700e-01   7.73111e-03   7.73111e-03   
6.72500e+01   1.72400e-01   7.78524e-03   7.78524e-03   
7.23000e+01   1.73700e-01   7.94858e-03   7.94858e-03   
7.77000e+01   1.73300e-01   8.00875e-03   8.00875e-03   
8.35000e+01   1.74700e-01   8.17374e-03   8.17374e-03   
8.97500e+01   1.75700e-01   8.31565e-03   8.31565e-03   
9.65000e+01   1.69400e-01   8.14248e-03   8.14248e-03   
1.04000e+02   1.77100e-01   8.61800e-03   8.61800e-03   
1.12000e+02   1.68300e-01   8.30361e-03   8.30361e-03   
1.20500e+02   1.75000e-01   8.76983e-03   8.76983e-03   
1.30000e+02   1.73000e-01   8.85155e-03   8.85155e-03   
1.41000e+02   1.65500e-01   8.59709e-03   8.59709e-03   
1.53500e+02   1.73700e-01   9.16188e-03   9.16188e-03   
1.67500e+02   1.77300e-01   9.50263e-03   9.50263e-03   
1.83500e+02   1.72500e-01   9.47101e-03   9.47101e-03   
2.01500e+02   1.68800e-01   9.45674e-03   9.45674e-03   
2.22000e+02   1.65200e-01   9.60937e-03   9.60937e-03   
2.46000e+02   1.77700e-01   1.04914e-02   1.04914e-02   
2.75000e+02   1.64500e-01   1.00195e-02   1.00195e-02   
3.10500e+02   1.61500e-01   1.02147e-02   1.02147e-02   
3.54500e+02   1.62600e-01   1.05887e-02   1.05887e-02   
4.10000e+02   1.70500e-01   1.15719e-02   1.15719e-02   
4.83000e+02   1.62500e-01   1.17635e-02   1.17635e-02   
5.92500e+02   1.72800e-01   1.30338e-02   1.30338e-02   
7.60000e+02   1.66600e-01   1.39853e-02   1.39853e-02   
1.03000e+03   1.48900e-01   1.45969e-02   1.45969e-02   
2.10000e+03   1.28800e-01   2.28528e-02   2.28528e-02   
