#Source: mytables
#Ref: 10.48550/arXiv.2603.14804 (2026arXiv260314804A)
#Experiment: TALE
#Y Quantity: lnA
#X Quantity: totalEnergy
#Url: https://arxiv.org/pdf/2603.14804
#Comments: Source file preserves Xmax and sigma(Xmax) columns; reader uses the final lnA block.
#Columns: x, y, y statistical errors, y systematic errors
3.548e+07 1.950e+00 1.200e-01 1.200e-01 7.700e-01 7.600e-01 
4.467e+07 2.350e+00 1.100e-01 1.100e-01 6.900e-01 6.700e-01 
5.623e+07 2.540e+00 9.000e-02 9.000e-02 5.900e-01 5.800e-01 
7.079e+07 2.690e+00 9.000e-02 9.000e-02 5.200e-01 4.900e-01 
8.913e+07 2.710e+00 9.000e-02 9.000e-02 4.700e-01 4.300e-01 
1.122e+08 2.770e+00 1.100e-01 1.100e-01 4.400e-01 4.100e-01 
1.413e+08 2.880e+00 1.100e-01 1.100e-01 4.300e-01 4.100e-01 
1.778e+08 2.600e+00 1.200e-01 1.200e-01 4.500e-01 3.900e-01 
2.239e+08 2.360e+00 1.400e-01 1.400e-01 5.100e-01 4.600e-01 
2.818e+08 2.490e+00 1.400e-01 1.400e-01 4.600e-01 4.000e-01 
3.548e+08 2.060e+00 1.600e-01 1.600e-01 4.600e-01 3.900e-01 
4.467e+08 1.920e+00 1.800e-01 1.800e-01 4.700e-01 3.800e-01 
5.623e+08 1.590e+00 2.200e-01 2.200e-01 4.600e-01 3.700e-01 
7.079e+08 1.460e+00 2.400e-01 2.400e-01 4.600e-01 3.500e-01 
1.000e+09 1.390e+00 2.400e-01 2.400e-01 4.700e-01 3.700e-01 
1.585e+09 1.160e+00 4.300e-01 4.300e-01 5.200e-01 4.000e-01 
2.512e+09 3.500e-01 4.600e-01 4.600e-01 6.300e-01 5.000e-01 
