#Source: KCDC
#Ref: 10.3847/1538-4357/aada05 (2018ApJ...865...74A)
#Experiment: TALE
#Y Quantity: allParticle
#X Quantity: totalEnergy
#Url: https://kcdc.ikp.kit.edu/spectra/
#Comments: 
#Colums: x, y, y total errors, y statistical errors
2.113e+06 3.034e-13 3.601e-15 3.601e-15 0.000e+00 0.000e+00 
2.371e+06 2.223e-13 2.175e-15 2.175e-15 0.000e+00 0.000e+00 
2.661e+06 1.620e-13 1.380e-15 1.380e-15 0.000e+00 0.000e+00 
2.985e+06 1.198e-13 9.020e-16 9.020e-16 0.000e+00 0.000e+00 
3.350e+06 8.852e-14 6.386e-16 6.386e-16 0.000e+00 0.000e+00 
3.758e+06 6.401e-14 4.332e-16 4.332e-16 0.000e+00 0.000e+00 
4.217e+06 4.549e-14 3.067e-16 3.067e-16 0.000e+00 0.000e+00 
4.732e+06 3.164e-14 2.077e-16 2.077e-16 0.000e+00 0.000e+00 
5.309e+06 2.276e-14 1.470e-16 1.470e-16 0.000e+00 0.000e+00 
5.957e+06 1.605e-14 1.041e-16 1.041e-16 0.000e+00 0.000e+00 
6.683e+06 1.109e-14 7.369e-17 7.369e-17 0.000e+00 0.000e+00 
7.499e+06 7.797e-15 5.217e-17 5.217e-17 0.000e+00 0.000e+00 
8.414e+06 5.424e-15 3.861e-17 3.861e-17 0.000e+00 0.000e+00 
9.441e+06 3.757e-15 2.734e-17 2.734e-17 0.000e+00 0.000e+00 
1.059e+07 2.635e-15 2.019e-17 2.019e-17 0.000e+00 0.000e+00 
1.188e+07 1.834e-15 1.489e-17 1.489e-17 0.000e+00 0.000e+00 
1.334e+07 1.296e-15 1.139e-17 1.139e-17 0.000e+00 0.000e+00 
1.496e+07 9.046e-16 8.359e-18 8.359e-18 0.000e+00 0.000e+00 
1.679e+07 6.294e-16 6.340e-18 6.340e-18 0.000e+00 0.000e+00 
1.884e+07 4.477e-16 4.938e-18 4.938e-18 0.000e+00 0.000e+00 
2.113e+07 3.212e-16 3.707e-18 3.707e-18 0.000e+00 0.000e+00 
2.371e+07 2.305e-16 2.850e-18 2.850e-18 0.000e+00 0.000e+00 
2.661e+07 1.629e-16 2.177e-18 2.177e-18 0.000e+00 0.000e+00 
2.985e+07 1.184e-16 1.691e-18 1.691e-18 0.000e+00 0.000e+00 
3.350e+07 8.182e-17 1.277e-18 1.277e-18 0.000e+00 0.000e+00 
3.758e+07 5.932e-17 9.607e-19 9.607e-19 0.000e+00 0.000e+00 
4.217e+07 4.339e-17 7.868e-19 7.868e-19 0.000e+00 0.000e+00 
4.732e+07 3.092e-17 5.948e-19 5.948e-19 0.000e+00 0.000e+00 
5.309e+07 2.249e-17 4.678e-19 4.678e-19 0.000e+00 0.000e+00 
5.957e+07 1.543e-17 3.549e-19 3.549e-19 0.000e+00 0.000e+00 
6.683e+07 1.111e-17 2.713e-19 2.713e-19 0.000e+00 0.000e+00 
7.499e+07 8.051e-18 2.111e-19 2.111e-19 0.000e+00 0.000e+00 
8.414e+07 5.488e-18 1.578e-19 1.578e-19 0.000e+00 0.000e+00 
9.441e+07 4.154e-18 1.260e-19 1.260e-19 0.000e+00 0.000e+00 
1.059e+08 2.868e-18 9.508e-20 9.508e-20 0.000e+00 0.000e+00 
1.188e+08 2.087e-18 7.267e-20 7.267e-20 0.000e+00 0.000e+00 
1.334e+08 1.472e-18 5.398e-20 5.398e-20 0.000e+00 0.000e+00 
1.496e+08 1.022e-18 3.941e-20 3.941e-20 0.000e+00 0.000e+00 
1.679e+08 6.239e-19 2.621e-20 2.621e-20 0.000e+00 0.000e+00 
1.884e+08 4.341e-19 1.855e-20 1.855e-20 0.000e+00 0.000e+00 
2.113e+08 3.089e-19 1.345e-20 1.345e-20 0.000e+00 0.000e+00 
2.371e+08 2.346e-19 1.012e-20 1.012e-20 0.000e+00 0.000e+00 
2.661e+08 1.621e-19 7.273e-21 7.273e-21 0.000e+00 0.000e+00 
2.985e+08 1.098e-19 5.187e-21 5.187e-21 0.000e+00 0.000e+00 
3.350e+08 7.325e-20 3.672e-21 3.672e-21 0.000e+00 0.000e+00 
3.758e+08 5.327e-20 2.712e-21 2.712e-21 0.000e+00 0.000e+00 
4.467e+08 2.839e-20 1.156e-21 1.156e-21 0.000e+00 0.000e+00 
5.623e+08 1.433e-20 6.467e-22 6.467e-22 0.000e+00 0.000e+00 
7.079e+08 7.040e-21 3.608e-22 3.608e-22 0.000e+00 0.000e+00 
8.913e+08 3.574e-21 2.062e-22 2.062e-22 0.000e+00 0.000e+00 
1.122e+09 1.634e-21 1.182e-22 1.182e-22 0.000e+00 0.000e+00 
1.413e+09 7.082e-22 6.564e-23 6.564e-23 0.000e+00 0.000e+00 
1.778e+09 3.683e-22 4.001e-23 4.001e-23 0.000e+00 0.000e+00 
