#Source: CRDB
#Ref: not available (none)
#Experiment: Tibet
#Y Quantity: light
#X Quantity: totalEnergy
#Url: https://lpsc.in2p3.fr/crdb
#Comments: 
#Colums: x, y, y statistical errors, y systematic errors
1.120e+05 7.454e-10 2.000e-13 2.000e-13 0.000e+00 0.000e+00 
1.410e+05 4.013e-10 1.000e-13 1.000e-13 0.000e+00 0.000e+00 
1.780e+05 2.155e-10 1.000e-13 1.000e-13 0.000e+00 0.000e+00 
2.240e+05 1.177e-10 1.000e-13 1.000e-13 0.000e+00 0.000e+00 
2.820e+05 6.437e-11 4.000e-14 4.000e-14 0.000e+00 0.000e+00 
3.550e+05 3.522e-11 2.000e-14 2.000e-14 0.000e+00 0.000e+00 
4.470e+05 1.919e-11 2.000e-14 2.000e-14 0.000e+00 0.000e+00 
5.620e+05 1.045e-11 1.000e-14 1.000e-14 0.000e+00 0.000e+00 
7.080e+05 5.678e-12 7.000e-15 7.000e-15 0.000e+00 0.000e+00 
8.910e+05 3.071e-12 5.000e-15 5.000e-15 0.000e+00 0.000e+00 
1.120e+06 1.671e-12 3.000e-15 3.000e-15 0.000e+00 0.000e+00 
1.410e+06 9.168e-13 2.000e-15 2.000e-15 0.000e+00 0.000e+00 
1.780e+06 4.993e-13 1.300e-15 1.300e-15 0.000e+00 0.000e+00 
2.240e+06 2.705e-13 9.000e-16 9.000e-16 0.000e+00 0.000e+00 
2.820e+06 1.470e-13 6.000e-16 6.000e-16 0.000e+00 0.000e+00 
3.550e+06 7.683e-14 3.600e-16 3.600e-16 0.000e+00 0.000e+00 
4.470e+06 3.902e-14 2.300e-16 2.300e-16 0.000e+00 0.000e+00 
5.620e+06 1.965e-14 1.400e-16 1.400e-16 0.000e+00 0.000e+00 
7.080e+06 9.510e-15 9.000e-17 9.000e-17 0.000e+00 0.000e+00 
8.910e+06 4.529e-15 6.500e-17 6.500e-17 0.000e+00 0.000e+00 
1.120e+07 2.202e-15 3.400e-17 3.400e-17 0.000e+00 0.000e+00 
1.410e+07 1.103e-15 2.200e-17 2.200e-17 0.000e+00 0.000e+00 
1.780e+07 5.818e-16 1.400e-17 1.400e-17 0.000e+00 0.000e+00 
2.240e+07 2.743e-16 8.600e-18 8.600e-18 0.000e+00 0.000e+00 
2.820e+07 1.454e-16 5.600e-18 5.600e-18 0.000e+00 0.000e+00 
3.550e+07 7.048e-17 3.450e-18 3.450e-18 0.000e+00 0.000e+00 
4.470e+07 3.120e-17 2.040e-18 2.040e-18 0.000e+00 0.000e+00 
5.620e+07 2.013e-17 1.460e-18 1.460e-18 0.000e+00 0.000e+00 
7.080e+07 8.343e-18 8.400e-19 8.400e-19 0.000e+00 0.000e+00 
8.910e+07 4.654e-18 5.590e-19 5.590e-19 0.000e+00 0.000e+00 
1.120e+08 2.585e-18 3.710e-19 3.710e-19 0.000e+00 0.000e+00 
1.410e+08 1.286e-18 2.330e-19 2.330e-19 0.000e+00 0.000e+00 
1.780e+08 5.647e-19 1.379e-19 1.379e-19 0.000e+00 0.000e+00 
