#Source: CRDB
#Ref: 10.1016/j.nima.2013.09.018 (2014NIMPA.756...94P )
#Experiment: TUNKA-133
#Y Quantity: H
#X Quantity: totalEnergy
#Url: https://lpsc.in2p3.fr/crdb
#Comments: Model: QGSJet01
#Colums: x, y, y total errors, y statistical errors
8.913e+06 1.190e-15 6.565e-16 6.546e-16 3.116e-16 3.076e-16 
1.122e+07 5.579e-16 2.886e-16 2.857e-16 9.927e-17 9.070e-17 
1.413e+07 2.552e-16 1.306e-16 1.304e-16 2.676e-17 2.618e-17 
1.778e+07 1.021e-16 6.392e-17 6.423e-17 1.529e-17 1.654e-17 
2.239e+07 5.626e-17 3.188e-17 3.194e-17 6.998e-18 7.264e-18 
2.818e+07 2.410e-17 1.656e-17 1.659e-17 4.189e-18 4.291e-18 
3.548e+07 1.461e-17 8.738e-18 8.657e-18 3.843e-18 3.653e-18 
4.467e+07 7.853e-18 4.227e-18 4.199e-18 1.424e-18 1.338e-18 
5.623e+07 2.258e-18 2.125e-18 2.134e-18 8.097e-19 8.346e-19 
7.079e+07 1.701e-18 1.186e-18 1.155e-18 5.333e-19 4.608e-19 
8.913e+07 5.477e-19 6.027e-19 6.182e-19 2.963e-19 3.268e-19 
1.413e+08 2.470e-19 1.657e-19 1.670e-19 1.007e-19 1.029e-19 
2.818e+08 2.622e-20 2.247e-20 2.252e-20 1.573e-20 1.580e-20 
5.623e+08 6.207e-21 4.090e-21 4.202e-21 3.724e-21 3.847e-21 
