#Source: KCDC
#Ref: 10.1016/j.astropartphys.2019.102406 (2020APh...11702406B)
#Experiment: TUNKA-133
#Y Quantity: allParticle
#X Quantity: totalEnergy
#Url: https://kcdc.ikp.kit.edu/spectra/
#Comments: 
#Colums: x, y, y total errors, y statistical errors
7.079e+06 1.219e-14 0.000e+00 0.000e+00 2.610e-15 2.610e-15 
8.913e+06 5.780e-15 0.000e+00 0.000e+00 1.238e-15 1.238e-15 
1.122e+07 2.621e-15 0.000e+00 0.000e+00 5.790e-16 5.790e-16 
1.413e+07 1.246e-15 0.000e+00 0.000e+00 2.620e-16 2.620e-16 
1.778e+07 6.086e-16 0.000e+00 0.000e+00 1.289e-16 1.289e-16 
2.239e+07 3.058e-16 0.000e+00 0.000e+00 6.140e-17 6.140e-17 
2.818e+07 1.548e-16 0.000e+00 0.000e+00 3.230e-17 3.230e-17 
3.548e+07 7.537e-17 0.000e+00 0.000e+00 1.762e-17 1.762e-17 
4.467e+07 3.894e-17 0.000e+00 0.000e+00 7.790e-18 7.790e-18 
5.623e+07 1.973e-17 0.000e+00 0.000e+00 4.460e-18 4.460e-18 
7.079e+07 1.046e-17 0.000e+00 0.000e+00 2.160e-18 2.160e-18 
8.913e+07 5.007e-18 0.000e+00 0.000e+00 1.224e-18 1.224e-18 
1.122e+08 2.504e-18 0.000e+00 0.000e+00 6.820e-19 6.820e-19 
1.413e+08 1.245e-18 0.000e+00 0.000e+00 3.380e-19 3.380e-19 
1.778e+08 6.197e-19 0.000e+00 0.000e+00 1.616e-19 1.616e-19 
2.239e+08 2.927e-19 0.000e+00 0.000e+00 6.960e-20 6.960e-20 
2.818e+08 1.579e-19 0.000e+00 0.000e+00 4.230e-20 4.230e-20 
3.981e+08 5.180e-20 0.000e+00 0.000e+00 1.639e-20 1.639e-20 
6.310e+08 1.144e-20 0.000e+00 0.000e+00 3.030e-21 3.030e-21 
1.000e+09 2.262e-21 0.000e+00 0.000e+00 1.000e-21 1.000e-21 
1.585e+09 4.941e-22 0.000e+00 0.000e+00 1.647e-22 1.647e-22 
2.512e+09 1.386e-22 0.000e+00 0.000e+00 3.140e-23 3.140e-23 
