#Source: CRDB
#Ref: 10.1016/j.nima.2013.09.018 (2014NIMPA.756...94P )
#Experiment: TUNKA-133
#Y Quantity: He
#X Quantity: totalEnergy
#Url: https://lpsc.in2p3.fr/crdb
#Comments: Model: QGSJet01
#Colums: x, y, y total errors, y statistical errors
8.913e+06 1.677e-15 6.892e-16 7.053e-16 3.566e-16 3.868e-16 
1.122e+07 7.638e-16 3.102e-16 3.185e-16 1.416e-16 1.591e-16 
1.413e+07 3.255e-16 1.493e-16 1.535e-16 7.460e-17 8.256e-17 
1.778e+07 1.561e-16 7.138e-17 7.350e-17 3.323e-17 3.755e-17 
2.239e+07 6.192e-17 3.389e-17 3.486e-17 1.319e-17 1.551e-17 
2.818e+07 3.330e-17 1.862e-17 1.904e-17 9.211e-18 1.002e-17 
3.548e+07 6.851e-18 8.536e-18 9.745e-18 3.597e-18 5.920e-18 
4.467e+07 3.897e-18 4.527e-18 4.788e-18 2.261e-18 2.747e-18 
5.623e+07 4.010e-18 2.823e-18 2.749e-18 2.000e-18 1.895e-18 
7.079e+07 8.593e-19 1.142e-18 1.346e-18 4.510e-19 8.427e-19 
8.913e+07 1.370e-18 8.435e-19 8.014e-19 6.483e-19 5.925e-19 
1.413e+08 2.274e-19 1.986e-19 2.058e-19 1.491e-19 1.585e-19 
2.818e+08 5.135e-20 2.980e-20 3.076e-20 2.472e-20 2.587e-20 
5.623e+08 2.056e-21 1.754e-21 3.474e-21 7.481e-22 3.091e-21 
