#Source: mytables
#Ref: 10.1103/PhysRevD.98.062004 (2018PhRvD..98f2004A)
#Experiment: VERITAS
#Y Quantity: e+e-
#X Quantity: totalEnergy
#Url: 
#Comments: 
#Colums: x, y, y total errors, y statistical errors
3.349e+02 3.140e-06 1.041e-06 2.012e-06 0.000e+00 0.000e+00 
3.759e+02 2.104e-06 6.995e-07 1.349e-06 0.000e+00 0.000e+00 
4.218e+02 1.491e-06 4.953e-07 9.559e-07 0.000e+00 0.000e+00 
4.732e+02 9.761e-07 3.256e-07 6.265e-07 0.000e+00 0.000e+00 
5.306e+02 7.168e-07 2.386e-07 4.598e-07 0.000e+00 0.000e+00 
5.955e+02 4.480e-07 1.500e-07 2.878e-07 0.000e+00 0.000e+00 
6.684e+02 3.524e-07 1.171e-07 2.260e-07 0.000e+00 0.000e+00 
7.498e+02 2.333e-07 7.787e-08 1.498e-07 0.000e+00 0.000e+00 
8.411e+02 1.376e-07 4.597e-08 8.836e-08 0.000e+00 0.000e+00 
9.999e+02 6.370e-08 2.154e-08 4.104e-08 0.000e+00 0.000e+00 
1.259e+03 2.689e-08 9.282e-09 1.742e-08 0.000e+00 0.000e+00 
1.679e+03 8.620e-09 3.035e-09 5.617e-09 0.000e+00 0.000e+00 
2.371e+03 2.233e-09 7.962e-10 1.461e-09 0.000e+00 0.000e+00 
3.349e+03 4.645e-10 1.957e-10 3.212e-10 0.000e+00 0.000e+00 
