#Source: mytables
#Ref: 10.1016/j.asr.2019.07.019 (2019AdSpR..64.2570K)
#Experiment: Yakutsk
#Y Quantity: lnA
#X Quantity: totalEnergy
#Url: https://arxiv.org/pdf/1908.01508.pdf
#Comments: Source file preserves Xmax and sigma(Xmax) columns; tables report only statistical uncertainties for lnA.
#Columns: x, y, y statistical errors, y systematic errors
1.740e+07 1.970e+00 6.800e-01 6.800e-01 0.000e+00 0.000e+00 
2.620e+07 2.250e+00 5.500e-01 5.500e-01 0.000e+00 0.000e+00 
3.500e+07 2.230e+00 4.300e-01 4.300e-01 0.000e+00 0.000e+00 
5.310e+07 2.350e+00 3.200e-01 3.200e-01 0.000e+00 0.000e+00 
7.010e+07 2.500e+00 2.400e-01 2.400e-01 0.000e+00 0.000e+00 
8.850e+07 2.340e+00 2.000e-01 2.000e-01 0.000e+00 0.000e+00 
1.070e+08 2.170e+00 2.000e-01 2.000e-01 0.000e+00 0.000e+00 
1.240e+08 2.170e+00 2.000e-01 2.000e-01 0.000e+00 0.000e+00 
1.420e+08 2.090e+00 2.000e-01 2.000e-01 0.000e+00 0.000e+00 
1.600e+08 2.070e+00 2.000e-01 2.000e-01 0.000e+00 0.000e+00 
1.780e+08 1.970e+00 2.000e-01 2.000e-01 0.000e+00 0.000e+00 
2.680e+08 1.950e+00 2.500e-01 2.500e-01 0.000e+00 0.000e+00 
3.570e+08 1.480e+00 2.100e-01 2.100e-01 0.000e+00 0.000e+00 
5.430e+08 1.280e+00 2.100e-01 2.100e-01 0.000e+00 0.000e+00 
7.180e+08 1.300e+00 2.200e-01 2.200e-01 0.000e+00 0.000e+00 
9.060e+08 1.180e+00 2.200e-01 2.200e-01 0.000e+00 0.000e+00 
1.090e+09 8.700e-01 2.200e-01 2.200e-01 0.000e+00 0.000e+00 
1.270e+09 7.300e-01 2.200e-01 2.200e-01 0.000e+00 0.000e+00 
1.450e+09 6.600e-01 2.200e-01 2.200e-01 0.000e+00 0.000e+00 
1.640e+09 4.700e-01 2.500e-01 2.500e-01 0.000e+00 0.000e+00 
1.820e+09 4.700e-01 2.600e-01 2.600e-01 0.000e+00 0.000e+00 
2.740e+09 3.000e-01 2.600e-01 2.600e-01 0.000e+00 0.000e+00 
3.660e+09 0.000e+00 2.600e-01 2.600e-01 0.000e+00 0.000e+00 
5.560e+09 9.000e-02 2.600e-01 2.600e-01 0.000e+00 0.000e+00 
7.350e+09 1.700e-01 3.000e-01 3.000e-01 0.000e+00 0.000e+00 
9.270e+09 3.400e-01 3.000e-01 3.000e-01 0.000e+00 0.000e+00 
1.120e+10 2.500e-01 3.000e-01 3.000e-01 0.000e+00 0.000e+00 
1.280e+10 3.900e-01 3.500e-01 3.500e-01 0.000e+00 0.000e+00 
1.480e+10 4.800e-01 3.500e-01 3.500e-01 0.000e+00 0.000e+00 
1.660e+10 6.900e-01 3.900e-01 3.900e-01 0.000e+00 0.000e+00 
1.860e+10 7.300e-01 3.900e-01 3.900e-01 0.000e+00 0.000e+00 
2.800e+10 9.900e-01 5.600e-01 5.600e-01 0.000e+00 0.000e+00 
3.740e+10 1.570e+00 6.400e-01 6.400e-01 0.000e+00 0.000e+00 
5.690e+10 1.690e+00 9.700e-01 9.700e-01 0.000e+00 0.000e+00 
