#   H/He  AMS02(2011/05-2013/11)
#   <E>  Elo  Eup   y   ystat_lo  ystat_up  ysyst_lo  ysyst_up  yerrtot_lo  yerrtot_up
2.031750e+00 1.920000e+00 2.150000e+00 8.279000e+00 1.000000e-02 1.000000e-02 2.280000e-01 2.280000e-01 2.282192e-01 2.282192e-01
2.271560e+00 2.150000e+00 2.400000e+00 7.814000e+00 9.000000e-03 9.000000e-03 1.930000e-01 1.930000e-01 1.932097e-01 1.932097e-01
2.531400e+00 2.400000e+00 2.670000e+00 7.495000e+00 8.000000e-03 8.000000e-03 1.710000e-01 1.710000e-01 1.711870e-01 1.711870e-01
2.816010e+00 2.670000e+00 2.970000e+00 7.156000e+00 7.000000e-03 7.000000e-03 1.530000e-01 1.530000e-01 1.531600e-01 1.531600e-01
3.125910e+00 2.970000e+00 3.290000e+00 6.902000e+00 6.000000e-03 6.000000e-03 1.420000e-01 1.420000e-01 1.421267e-01 1.421267e-01
3.460580e+00 3.290000e+00 3.640000e+00 6.721000e+00 6.000000e-03 6.000000e-03 1.350000e-01 1.350000e-01 1.351333e-01 1.351333e-01
3.825280e+00 3.640000e+00 4.020000e+00 6.575000e+00 6.000000e-03 6.000000e-03 1.280000e-01 1.280000e-01 1.281405e-01 1.281405e-01
4.220020e+00 4.020000e+00 4.430000e+00 6.480000e+00 5.000000e-03 5.000000e-03 1.240000e-01 1.240000e-01 1.241008e-01 1.241008e-01
4.649560e+00 4.430000e+00 4.880000e+00 6.391000e+00 5.000000e-03 5.000000e-03 1.200000e-01 1.200000e-01 1.201041e-01 1.201041e-01
5.119140e+00 4.880000e+00 5.370000e+00 6.311000e+00 5.000000e-03 5.000000e-03 1.170000e-01 1.170000e-01 1.171068e-01 1.171068e-01
5.628770e+00 5.370000e+00 5.900000e+00 6.234000e+00 5.000000e-03 5.000000e-03 1.140000e-01 1.140000e-01 1.141096e-01 1.141096e-01
6.178430e+00 5.900000e+00 6.470000e+00 6.167000e+00 5.000000e-03 5.000000e-03 1.110000e-01 1.110000e-01 1.111126e-01 1.111126e-01
6.772910e+00 6.470000e+00 7.090000e+00 6.089000e+00 5.000000e-03 5.000000e-03 1.080000e-01 1.080000e-01 1.081157e-01 1.081157e-01
7.417440e+00 7.090000e+00 7.760000e+00 6.011000e+00 5.000000e-03 5.000000e-03 1.060000e-01 1.060000e-01 1.061179e-01 1.061179e-01
8.112020e+00 7.760000e+00 8.480000e+00 5.932000e+00 5.000000e-03 5.000000e-03 1.030000e-01 1.030000e-01 1.031213e-01 1.031213e-01
8.861420e+00 8.480000e+00 9.260000e+00 5.852000e+00 5.000000e-03 5.000000e-03 1.010000e-01 1.010000e-01 1.011237e-01 1.011237e-01
9.670880e+00 9.260000e+00 1.010000e+01 5.747000e+00 5.000000e-03 5.000000e-03 9.800000e-02 9.800000e-02 9.812747e-02 9.812747e-02
1.054040e+01 1.010000e+01 1.100000e+01 5.665000e+00 5.000000e-03 5.000000e-03 9.700000e-02 9.700000e-02 9.712878e-02 9.712878e-02
1.148910e+01 1.100000e+01 1.200000e+01 5.603000e+00 5.000000e-03 5.000000e-03 9.600000e-02 9.600000e-02 9.613012e-02 9.613012e-02
1.249000e+01 1.200000e+01 1.300000e+01 5.522000e+00 6.000000e-03 6.000000e-03 9.400000e-02 9.400000e-02 9.419129e-02 9.419129e-02
1.353880e+01 1.300000e+01 1.410000e+01 5.467000e+00 6.000000e-03 6.000000e-03 9.300000e-02 9.300000e-02 9.319335e-02 9.319335e-02
1.468770e+01 1.410000e+01 1.530000e+01 5.415000e+00 6.000000e-03 6.000000e-03 9.200000e-02 9.200000e-02 9.219544e-02 9.219544e-02
1.593670e+01 1.530000e+01 1.660000e+01 5.347000e+00 6.000000e-03 6.000000e-03 9.100000e-02 9.100000e-02 9.119759e-02 9.119759e-02
1.728580e+01 1.660000e+01 1.800000e+01 5.285000e+00 6.000000e-03 6.000000e-03 9.000000e-02 9.000000e-02 9.019978e-02 9.019978e-02
1.873500e+01 1.800000e+01 1.950000e+01 5.229000e+00 6.000000e-03 6.000000e-03 8.900000e-02 8.900000e-02 8.920202e-02 8.920202e-02
2.028420e+01 1.950000e+01 2.110000e+01 5.202000e+00 6.000000e-03 6.000000e-03 8.900000e-02 8.900000e-02 8.920202e-02 8.920202e-02
2.193350e+01 2.110000e+01 2.280000e+01 5.165000e+00 7.000000e-03 7.000000e-03 8.800000e-02 8.800000e-02 8.827797e-02 8.827797e-02
2.373100e+01 2.280000e+01 2.470000e+01 5.114000e+00 7.000000e-03 7.000000e-03 8.800000e-02 8.800000e-02 8.827797e-02 8.827797e-02
2.568050e+01 2.470000e+01 2.670000e+01 5.043000e+00 7.000000e-03 7.000000e-03 8.600000e-02 8.600000e-02 8.628441e-02 8.628441e-02
2.773010e+01 2.670000e+01 2.880000e+01 5.008000e+00 7.000000e-03 7.000000e-03 8.600000e-02 8.600000e-02 8.628441e-02 8.628441e-02
2.992790e+01 2.880000e+01 3.110000e+01 4.971000e+00 7.000000e-03 7.000000e-03 8.500000e-02 8.500000e-02 8.528775e-02 8.528775e-02
3.227770e+01 3.110000e+01 3.350000e+01 4.931000e+00 8.000000e-03 8.000000e-03 8.500000e-02 8.500000e-02 8.537564e-02 8.537564e-02
3.477570e+01 3.350000e+01 3.610000e+01 4.891000e+00 8.000000e-03 8.000000e-03 8.400000e-02 8.400000e-02 8.438009e-02 8.438009e-02
3.747390e+01 3.610000e+01 3.890000e+01 4.853000e+00 9.000000e-03 9.000000e-03 8.400000e-02 8.400000e-02 8.448077e-02 8.448077e-02
4.037210e+01 3.890000e+01 4.190000e+01 4.836000e+00 9.000000e-03 9.000000e-03 8.400000e-02 8.400000e-02 8.448077e-02 8.448077e-02
4.347060e+01 4.190000e+01 4.510000e+01 4.800000e+00 1.000000e-02 1.000000e-02 8.300000e-02 8.300000e-02 8.360024e-02 8.360024e-02
4.676910e+01 4.510000e+01 4.850000e+01 4.757000e+00 1.000000e-02 1.000000e-02 8.300000e-02 8.300000e-02 8.360024e-02 8.360024e-02
5.031600e+01 4.850000e+01 5.220000e+01 4.764000e+00 1.100000e-02 1.100000e-02 8.300000e-02 8.300000e-02 8.372574e-02 8.372574e-02
5.411490e+01 5.220000e+01 5.610000e+01 4.707000e+00 1.200000e-02 1.200000e-02 8.200000e-02 8.200000e-02 8.287340e-02 8.287340e-02
5.816210e+01 5.610000e+01 6.030000e+01 4.678000e+00 1.200000e-02 1.200000e-02 8.200000e-02 8.200000e-02 8.287340e-02 8.287340e-02
6.250950e+01 6.030000e+01 6.480000e+01 4.671000e+00 1.300000e-02 1.300000e-02 8.200000e-02 8.200000e-02 8.302409e-02 8.302409e-02
6.720540e+01 6.480000e+01 6.970000e+01 4.668000e+00 1.400000e-02 1.400000e-02 8.200000e-02 8.200000e-02 8.318654e-02 8.318654e-02
7.225320e+01 6.970000e+01 7.490000e+01 4.610000e+00 1.500000e-02 1.500000e-02 8.100000e-02 8.100000e-02 8.237718e-02 8.237718e-02
7.764950e+01 7.490000e+01 8.050000e+01 4.598000e+00 1.500000e-02 1.500000e-02 8.100000e-02 8.100000e-02 8.237718e-02 8.237718e-02
8.344610e+01 8.050000e+01 8.650000e+01 4.553000e+00 1.600000e-02 1.600000e-02 8.000000e-02 8.000000e-02 8.158431e-02 8.158431e-02
8.969110e+01 8.650000e+01 9.300000e+01 4.530000e+00 1.700000e-02 1.700000e-02 8.000000e-02 8.000000e-02 8.178631e-02 8.178631e-02
9.643650e+01 9.300000e+01 1.000000e+02 4.514000e+00 1.800000e-02 1.800000e-02 8.000000e-02 8.000000e-02 8.200000e-02 8.200000e-02
1.039230e+02 1.000000e+02 1.080000e+02 4.505000e+00 1.900000e-02 1.900000e-02 8.000000e-02 8.000000e-02 8.222530e-02 8.222530e-02
1.119290e+02 1.080000e+02 1.160000e+02 4.495000e+00 2.100000e-02 2.100000e-02 8.100000e-02 8.100000e-02 8.367795e-02 8.367795e-02
1.204160e+02 1.160000e+02 1.250000e+02 4.514000e+00 2.200000e-02 2.200000e-02 8.200000e-02 8.200000e-02 8.489994e-02 8.489994e-02
1.299040e+02 1.250000e+02 1.350000e+02 4.432000e+00 2.200000e-02 2.200000e-02 8.100000e-02 8.100000e-02 8.393450e-02 8.393450e-02
1.408720e+02 1.350000e+02 1.470000e+02 4.431000e+00 2.300000e-02 2.300000e-02 8.200000e-02 8.200000e-02 8.516455e-02 8.516455e-02
1.533620e+02 1.470000e+02 1.600000e+02 4.376000e+00 2.400000e-02 2.400000e-02 8.200000e-02 8.200000e-02 8.544004e-02 8.544004e-02
1.673320e+02 1.600000e+02 1.750000e+02 4.377000e+00 2.500000e-02 2.500000e-02 8.300000e-02 8.300000e-02 8.668333e-02 8.668333e-02
1.833030e+02 1.750000e+02 1.920000e+02 4.350000e+00 2.700000e-02 2.700000e-02 8.400000e-02 8.400000e-02 8.823265e-02 8.823265e-02
2.012760e+02 1.920000e+02 2.110000e+02 4.254000e+00 2.800000e-02 2.800000e-02 8.400000e-02 8.400000e-02 8.854377e-02 8.854377e-02
2.217270e+02 2.110000e+02 2.330000e+02 4.274000e+00 3.000000e-02 3.000000e-02 8.600000e-02 8.600000e-02 9.108238e-02 9.108238e-02
2.456560e+02 2.330000e+02 2.590000e+02 4.181000e+00 3.000000e-02 3.000000e-02 8.700000e-02 8.700000e-02 9.202717e-02 9.202717e-02
2.745340e+02 2.590000e+02 2.910000e+02 4.194000e+00 3.200000e-02 3.200000e-02 8.900000e-02 8.900000e-02 9.457801e-02 9.457801e-02
3.098870e+02 2.910000e+02 3.300000e+02 4.083000e+00 3.300000e-02 3.300000e-02 9.000000e-02 9.000000e-02 9.585927e-02 9.585927e-02
3.536520e+02 3.300000e+02 3.790000e+02 4.026000e+00 3.500000e-02 3.500000e-02 9.200000e-02 9.200000e-02 9.843272e-02 9.843272e-02
4.088260e+02 3.790000e+02 4.410000e+02 4.029000e+00 3.700000e-02 3.700000e-02 9.600000e-02 9.600000e-02 1.028834e-01 1.028834e-01
4.811700e+02 4.410000e+02 5.250000e+02 3.970000e+00 3.900000e-02 3.900000e-02 1.000000e-01 1.000000e-01 1.073359e-01 1.073359e-01
5.810120e+02 5.250000e+02 6.430000e+02 3.842000e+00 4.100000e-02 4.100000e-02 1.040000e-01 1.040000e-01 1.117900e-01 1.117900e-01
7.270120e+02 6.430000e+02 8.220000e+02 3.973000e+00 4.600000e-02 4.600000e-02 1.160000e-01 1.160000e-01 1.247878e-01 1.247878e-01
9.637740e+02 8.220000e+02 1.130000e+03 3.745000e+00 4.700000e-02 4.700000e-02 1.250000e-01 1.250000e-01 1.335440e-01 1.335440e-01
1.426180e+03 1.130000e+03 1.800000e+03 3.676000e+00 5.300000e-02 5.300000e-02 1.500000e-01 1.500000e-01 1.590880e-01 1.590880e-01
