#   H/He  BESS-PolarI(2004/12)
#   <E>  Elo  Eup   y   ystat_lo  ystat_up  ysyst_lo  ysyst_up  yerrtot_lo  yerrtot_up
1.304000e+00 1.283000e+00 1.325000e+00 1.331000e+01 1.400000e-01 1.400000e-01 3.600000e-01 3.600000e-01 3.862642e-01 3.862642e-01
1.346000e+00 1.325000e+00 1.367000e+00 1.231000e+01 1.200000e-01 1.200000e-01 3.200000e-01 3.200000e-01 3.417601e-01 3.417601e-01
1.389000e+00 1.367000e+00 1.412000e+00 1.202000e+01 1.100000e-01 1.100000e-01 3.100000e-01 3.100000e-01 3.289377e-01 3.289377e-01
1.435000e+00 1.412000e+00 1.458000e+00 1.150000e+01 1.000000e-01 1.000000e-01 2.900000e-01 2.900000e-01 3.067572e-01 3.067572e-01
1.482000e+00 1.458000e+00 1.506000e+00 1.095000e+01 1.000000e-01 1.000000e-01 2.700000e-01 2.700000e-01 2.879236e-01 2.879236e-01
1.530000e+00 1.506000e+00 1.555000e+00 1.075000e+01 9.000000e-02 9.000000e-02 2.700000e-01 2.700000e-01 2.846050e-01 2.846050e-01
1.581000e+00 1.555000e+00 1.607000e+00 1.034000e+01 8.000000e-02 8.000000e-02 2.500000e-01 2.500000e-01 2.624881e-01 2.624881e-01
1.634000e+00 1.607000e+00 1.661000e+00 1.016000e+01 8.000000e-02 8.000000e-02 2.400000e-01 2.400000e-01 2.529822e-01 2.529822e-01
1.688000e+00 1.661000e+00 1.717000e+00 9.814000e+00 7.600000e-02 7.600000e-02 2.320000e-01 2.320000e-01 2.441311e-01 2.441311e-01
1.745000e+00 1.717000e+00 1.774000e+00 9.571000e+00 7.200000e-02 7.200000e-02 2.220000e-01 2.220000e-01 2.333838e-01 2.333838e-01
1.805000e+00 1.774000e+00 1.835000e+00 9.130000e+00 6.700000e-02 6.700000e-02 2.090000e-01 2.090000e-01 2.194767e-01 2.194767e-01
1.866000e+00 1.835000e+00 1.898000e+00 8.871000e+00 6.300000e-02 6.300000e-02 2.040000e-01 2.040000e-01 2.135064e-01 2.135064e-01
1.930000e+00 1.898000e+00 1.964000e+00 8.740000e+00 6.100000e-02 6.100000e-02 2.000000e-01 2.000000e-01 2.090957e-01 2.090957e-01
1.997000e+00 1.964000e+00 2.032000e+00 8.464000e+00 5.800000e-02 5.800000e-02 1.930000e-01 1.930000e-01 2.015267e-01 2.015267e-01
2.067000e+00 2.032000e+00 2.103000e+00 8.220000e+00 5.500000e-02 5.500000e-02 1.880000e-01 1.880000e-01 1.958801e-01 1.958801e-01
2.140000e+00 2.103000e+00 2.178000e+00 8.055000e+00 5.300000e-02 5.300000e-02 1.860000e-01 1.860000e-01 1.934037e-01 1.934037e-01
2.216000e+00 2.178000e+00 2.255000e+00 7.815000e+00 5.000000e-02 5.000000e-02 1.820000e-01 1.820000e-01 1.887432e-01 1.887432e-01
2.295000e+00 2.255000e+00 2.336000e+00 7.662000e+00 4.900000e-02 4.900000e-02 1.820000e-01 1.820000e-01 1.884808e-01 1.884808e-01
2.378000e+00 2.336000e+00 2.421000e+00 7.604000e+00 4.800000e-02 4.800000e-02 1.790000e-01 1.790000e-01 1.853240e-01 1.853240e-01
2.465000e+00 2.421000e+00 2.510000e+00 7.419000e+00 4.600000e-02 4.600000e-02 1.790000e-01 1.790000e-01 1.848161e-01 1.848161e-01
2.555000e+00 2.510000e+00 2.601000e+00 7.165000e+00 4.400000e-02 4.400000e-02 1.750000e-01 1.750000e-01 1.804467e-01 1.804467e-01
2.650000e+00 2.601000e+00 2.699000e+00 7.096000e+00 4.300000e-02 4.300000e-02 1.760000e-01 1.760000e-01 1.811767e-01 1.811767e-01
2.749000e+00 2.699000e+00 2.800000e+00 7.004000e+00 4.200000e-02 4.200000e-02 1.740000e-01 1.740000e-01 1.789972e-01 1.789972e-01
2.853000e+00 2.800000e+00 2.907000e+00 6.863000e+00 4.100000e-02 4.100000e-02 1.730000e-01 1.730000e-01 1.777920e-01 1.777920e-01
2.961000e+00 2.907000e+00 3.018000e+00 6.687000e+00 4.000000e-02 4.000000e-02 1.690000e-01 1.690000e-01 1.736692e-01 1.736692e-01
3.075000e+00 3.018000e+00 3.134000e+00 6.652000e+00 4.000000e-02 4.000000e-02 1.700000e-01 1.700000e-01 1.746425e-01 1.746425e-01
3.194000e+00 3.134000e+00 3.256000e+00 6.494000e+00 3.800000e-02 3.800000e-02 1.650000e-01 1.650000e-01 1.693192e-01 1.693192e-01
3.319000e+00 3.256000e+00 3.385000e+00 6.580000e+00 3.900000e-02 3.900000e-02 1.680000e-01 1.680000e-01 1.724674e-01 1.724674e-01
3.474000e+00 3.385000e+00 3.566000e+00 6.463000e+00 3.400000e-02 3.400000e-02 1.640000e-01 1.640000e-01 1.674873e-01 1.674873e-01
3.661000e+00 3.566000e+00 3.759000e+00 6.408000e+00 3.400000e-02 3.400000e-02 1.630000e-01 1.620000e-01 1.665083e-01 1.655295e-01
3.861000e+00 3.759000e+00 3.966000e+00 6.299000e+00 3.300000e-02 3.300000e-02 1.620000e-01 1.580000e-01 1.653269e-01 1.614094e-01
4.075000e+00 3.966000e+00 4.186000e+00 6.288000e+00 3.400000e-02 3.400000e-02 1.660000e-01 1.570000e-01 1.694462e-01 1.606393e-01
4.303000e+00 4.186000e+00 4.423000e+00 6.219000e+00 3.400000e-02 3.400000e-02 1.800000e-01 1.540000e-01 1.831830e-01 1.577086e-01
4.547000e+00 4.423000e+00 4.676000e+00 6.130000e+00 3.400000e-02 3.400000e-02 1.950000e-01 1.510000e-01 1.979419e-01 1.547805e-01
4.810000e+00 4.676000e+00 4.947000e+00 6.133000e+00 3.500000e-02 3.500000e-02 1.940000e-01 1.500000e-01 1.971319e-01 1.540292e-01
5.090000e+00 4.947000e+00 5.238000e+00 6.070000e+00 3.500000e-02 3.500000e-02 1.960000e-01 1.470000e-01 1.991005e-01 1.511092e-01
5.391000e+00 5.238000e+00 5.550000e+00 6.007000e+00 3.500000e-02 3.500000e-02 1.980000e-01 1.440000e-01 2.010696e-01 1.481924e-01
5.715000e+00 5.550000e+00 5.885000e+00 5.995000e+00 3.600000e-02 3.600000e-02 2.070000e-01 1.420000e-01 2.101071e-01 1.464923e-01
6.061000e+00 5.885000e+00 6.244000e+00 5.900000e+00 3.600000e-02 3.600000e-02 2.110000e-01 1.390000e-01 2.140491e-01 1.435862e-01
6.434000e+00 6.244000e+00 6.630000e+00 5.921000e+00 3.800000e-02 3.800000e-02 2.160000e-01 1.380000e-01 2.193171e-01 1.431363e-01
6.834000e+00 6.630000e+00 7.046000e+00 5.846000e+00 3.800000e-02 3.800000e-02 2.160000e-01 1.350000e-01 2.193171e-01 1.402462e-01
7.265000e+00 7.046000e+00 7.493000e+00 5.804000e+00 3.900000e-02 3.900000e-02 2.160000e-01 1.320000e-01 2.194926e-01 1.376408e-01
7.729000e+00 7.493000e+00 7.973000e+00 5.771000e+00 4.100000e-02 4.100000e-02 2.140000e-01 1.300000e-01 2.178922e-01 1.363121e-01
8.292000e+00 7.973000e+00 8.626000e+00 5.719000e+00 3.700000e-02 3.700000e-02 2.130000e-01 1.280000e-01 2.161897e-01 1.332404e-01
8.975000e+00 8.626000e+00 9.342000e+00 5.695000e+00 3.900000e-02 3.900000e-02 2.120000e-01 1.260000e-01 2.155574e-01 1.318977e-01
9.725000e+00 9.342000e+00 1.013000e+01 5.603000e+00 4.000000e-02 4.000000e-02 2.080000e-01 1.220000e-01 2.118112e-01 1.283900e-01
1.055000e+01 1.013000e+01 1.099000e+01 5.611000e+00 4.300000e-02 4.300000e-02 2.080000e-01 1.210000e-01 2.123982e-01 1.284134e-01
1.145000e+01 1.099000e+01 1.194000e+01 5.494000e+00 4.400000e-02 4.400000e-02 2.030000e-01 1.180000e-01 2.077137e-01 1.259365e-01
1.244000e+01 1.194000e+01 1.297000e+01 5.422000e+00 4.600000e-02 4.600000e-02 2.000000e-01 1.170000e-01 2.052218e-01 1.257179e-01
1.354000e+01 1.297000e+01 1.412000e+01 5.482000e+00 4.900000e-02 4.900000e-02 2.030000e-01 1.190000e-01 2.088301e-01 1.286934e-01
1.473000e+01 1.412000e+01 1.538000e+01 5.366000e+00 5.100000e-02 5.100000e-02 1.990000e-01 1.170000e-01 2.054313e-01 1.276323e-01
1.605000e+01 1.538000e+01 1.676000e+01 5.315000e+00 5.400000e-02 5.400000e-02 1.980000e-01 1.170000e-01 2.052316e-01 1.288604e-01
1.749000e+01 1.676000e+01 1.827000e+01 5.292000e+00 5.800000e-02 5.800000e-02 1.980000e-01 1.180000e-01 2.063201e-01 1.314838e-01
1.909000e+01 1.827000e+01 1.995000e+01 5.167000e+00 5.900000e-02 5.900000e-02 1.940000e-01 1.170000e-01 2.027733e-01 1.310343e-01
2.084000e+01 1.995000e+01 2.179000e+01 5.291000e+00 6.600000e-02 6.600000e-02 2.000000e-01 1.220000e-01 2.106086e-01 1.387083e-01
2.297000e+01 2.179000e+01 2.423000e+01 5.109000e+00 6.200000e-02 6.200000e-02 1.950000e-01 1.210000e-01 2.046192e-01 1.359596e-01
2.556000e+01 2.423000e+01 2.698000e+01 4.981000e+00 6.600000e-02 6.600000e-02 1.930000e-01 1.220000e-01 2.039730e-01 1.387083e-01
2.846000e+01 2.698000e+01 3.005000e+01 5.100000e+00 7.400000e-02 7.400000e-02 2.010000e-01 1.300000e-01 2.141892e-01 1.495861e-01
3.172000e+01 3.005000e+01 3.351000e+01 4.990000e+00 7.900000e-02 7.900000e-02 2.010000e-01 1.330000e-01 2.159676e-01 1.546932e-01
3.538000e+01 3.351000e+01 3.739000e+01 4.964000e+00 8.600000e-02 8.600000e-02 2.050000e-01 1.400000e-01 2.223083e-01 1.643046e-01
3.948000e+01 3.739000e+01 4.173000e+01 4.801000e+00 9.000000e-02 9.000000e-02 2.030000e-01 1.440000e-01 2.220563e-01 1.698117e-01
4.408000e+01 4.173000e+01 4.660000e+01 5.066000e+00 1.070000e-01 1.070000e-01 2.220000e-01 1.620000e-01 2.464407e-01 1.941469e-01
4.924000e+01 4.660000e+01 5.207000e+01 4.787000e+00 1.090000e-01 1.090000e-01 2.170000e-01 1.630000e-01 2.428374e-01 1.960867e-01
5.503000e+01 5.207000e+01 5.820000e+01 4.758000e+00 1.200000e-01 1.200000e-01 2.220000e-01 1.710000e-01 2.523569e-01 2.089043e-01
6.152000e+01 5.820000e+01 6.508000e+01 4.787000e+00 1.340000e-01 1.340000e-01 2.340000e-01 1.850000e-01 2.696516e-01 2.284316e-01
7.137000e+01 6.508000e+01 7.846000e+01 4.777000e+00 1.170000e-01 1.170000e-01 2.460000e-01 2.000000e-01 2.724059e-01 2.317089e-01
8.608000e+01 7.846000e+01 9.467000e+01 4.711000e+00 1.360000e-01 1.360000e-01 2.570000e-01 2.150000e-01 2.907662e-01 2.544032e-01
1.039000e+02 9.467000e+01 1.143000e+02 4.637000e+00 1.560000e-01 1.560000e-01 2.770000e-01 2.390000e-01 3.179072e-01 2.854067e-01
1.255000e+02 1.143000e+02 1.381000e+02 4.353000e+00 1.680000e-01 1.680000e-01 2.790000e-01 2.460000e-01 3.256762e-01 2.978926e-01
1.516000e+02 1.381000e+02 1.669000e+02 4.408000e+00 2.040000e-01 2.040000e-01 3.250000e-01 2.960000e-01 3.837199e-01 3.594885e-01
